,cell id,Cell Type,PN_A Convergence,PN_C Convergence,SOM Convergence,PV Convergence,Total Exc Convergence,Total Inh Convergence,Net Exc,net Exc only PV,Total number of connections,Winner connections,is winner?,recieves tone?,disynapses
0,1,PN Type A Cell,11,2,2,41,13,43,-30,-28,56,0,Loser,recieves tone,0
1,2,PN Type A Cell,11,7,4,41,18,45,-27,-23,63,2,Loser,recieves tone,794
2,3,PN Type A Cell,6,4,2,45,10,47,-37,-35,57,0,Loser,recieves tone,792
3,4,PN Type A Cell,12,3,1,49,15,50,-35,-34,65,0,Loser,recieves tone,852
4,5,PN Type A Cell,14,3,2,48,17,50,-33,-31,67,2,Loser,recieves tone,949
5,6,PN Type A Cell,17,4,7,53,21,60,-39,-32,81,0,Loser,recieves tone,941
6,7,PN Type A Cell,9,5,2,41,14,43,-29,-27,57,2,Loser,recieves tone,1028
7,8,PN Type A Cell,8,3,3,44,11,47,-36,-33,58,0,Loser,does not recieve tone,807
8,9,PN Type A Cell,6,8,6,45,14,51,-37,-31,65,0,Loser,does not recieve tone,885
9,10,PN Type A Cell,5,8,3,61,13,64,-51,-48,77,2,Loser,does not recieve tone,880
10,11,PN Type A Cell,10,7,1,38,17,39,-22,-21,56,2,Loser,does not recieve tone,1201
11,12,PN Type A Cell,13,5,5,51,18,56,-38,-33,74,3,Loser,recieves tone,727
12,13,PN Type A Cell,14,1,2,42,15,44,-29,-27,59,0,Loser,recieves tone,1003
13,14,PN Type A Cell,7,1,3,45,8,48,-40,-37,56,1,Loser,recieves tone,804
14,15,PN Type A Cell,8,4,4,39,12,43,-31,-27,55,0,Loser,does not recieve tone,904
15,16,PN Type A Cell,9,2,7,52,11,59,-48,-41,70,1,Loser,recieves tone,753
16,17,PN Type A Cell,11,7,1,46,18,47,-29,-28,65,2,Loser,recieves tone,1015
17,18,PN Type A Cell,10,6,4,52,16,56,-40,-36,72,2,Loser,does not recieve tone,894
18,19,PN Type A Cell,17,3,4,56,20,60,-40,-36,80,1,Loser,recieves tone,1013
19,20,PN Type A Cell,9,3,5,61,12,66,-54,-49,78,1,Loser,recieves tone,1096
20,21,PN Type A Cell,12,5,5,34,17,39,-22,-17,56,0,Loser,recieves tone,1208
21,22,PN Type A Cell,10,5,7,50,15,57,-42,-35,72,2,Loser,recieves tone,694
22,23,PN Type A Cell,18,8,3,53,26,56,-30,-27,82,3,Loser,recieves tone,979
23,24,PN Type A Cell,12,5,2,46,17,48,-31,-29,65,0,Loser,recieves tone,1062
24,25,PN Type A Cell,12,6,1,42,18,43,-25,-24,61,0,Loser,recieves tone,918
25,26,PN Type A Cell,8,5,0,49,13,49,-36,-36,62,2,Loser,recieves tone,877
26,27,PN Type A Cell,13,3,5,44,16,49,-33,-28,65,1,Loser,recieves tone,909
27,28,PN Type A Cell,6,1,4,55,7,59,-52,-48,66,0,Loser,recieves tone,871
28,29,PN Type A Cell,9,4,5,34,13,39,-26,-21,52,2,Loser,recieves tone,1082
29,30,PN Type A Cell,11,3,2,48,14,50,-36,-34,64,2,Loser,recieves tone,676
30,31,PN Type A Cell,14,6,7,44,20,51,-31,-24,71,1,Loser,recieves tone,960
31,32,PN Type A Cell,9,1,6,46,10,52,-42,-36,62,0,Loser,recieves tone,867
32,33,PN Type A Cell,12,4,4,47,16,51,-35,-31,67,1,Loser,does not recieve tone,882
33,34,PN Type A Cell,13,4,0,33,17,33,-16,-16,50,1,Loser,recieves tone,894
34,35,PN Type A Cell,12,2,1,53,14,54,-40,-39,68,1,Loser,recieves tone,654
35,36,PN Type A Cell,7,2,3,39,9,42,-33,-30,51,0,Loser,recieves tone,1034
36,37,PN Type A Cell,16,6,8,43,22,51,-29,-21,73,4,Loser,recieves tone,736
37,38,PN Type A Cell,10,3,4,43,13,47,-34,-30,60,1,Loser,recieves tone,889
38,39,PN Type A Cell,13,3,3,48,16,51,-35,-32,67,2,Loser,recieves tone,842
39,40,PN Type A Cell,12,4,4,45,16,49,-33,-29,65,1,Loser,does not recieve tone,926
40,41,PN Type A Cell,10,4,8,55,14,63,-49,-41,77,2,Loser,recieves tone,892
41,42,PN Type A Cell,10,4,2,47,14,49,-35,-33,63,1,Loser,recieves tone,1085
42,43,PN Type A Cell,10,4,3,52,14,55,-41,-38,69,0,Loser,does not recieve tone,883
43,44,PN Type A Cell,11,3,3,45,14,48,-34,-31,62,0,Loser,recieves tone,1034
44,45,PN Type A Cell,14,3,3,48,17,51,-34,-31,68,2,Loser,does not recieve tone,866
45,46,PN Type A Cell,15,5,5,40,20,45,-25,-20,65,1,Loser,recieves tone,934
46,47,PN Type A Cell,5,7,7,39,12,46,-34,-27,58,1,Loser,does not recieve tone,751
47,48,PN Type A Cell,11,7,7,45,18,52,-34,-27,70,0,Loser,recieves tone,804
48,49,PN Type A Cell,10,4,2,35,14,37,-23,-21,51,1,Loser,does not recieve tone,878
49,50,PN Type A Cell,11,5,3,40,16,43,-27,-24,59,2,Loser,does not recieve tone,681
50,51,PN Type A Cell,15,9,2,50,24,52,-28,-26,76,3,Loser,recieves tone,796
51,52,PN Type A Cell,12,5,0,42,17,42,-25,-25,59,3,Loser,recieves tone,978
52,53,PN Type A Cell,13,4,4,44,17,48,-31,-27,65,1,Loser,recieves tone,853
53,54,PN Type A Cell,11,5,7,46,16,53,-37,-30,69,2,Loser,recieves tone,841
54,55,PN Type A Cell,10,5,6,38,15,44,-29,-23,59,3,Loser,recieves tone,906
55,56,PN Type A Cell,6,9,5,44,15,49,-34,-29,64,4,Loser,recieves tone,760
56,57,PN Type A Cell,7,4,1,51,11,52,-41,-40,63,0,Loser,recieves tone,878
57,58,PN Type A Cell,13,6,5,51,19,56,-37,-32,75,2,Loser,recieves tone,1015
58,59,PN Type A Cell,8,2,5,51,10,56,-46,-41,66,0,Loser,recieves tone,1037
59,60,PN Type A Cell,12,2,3,53,14,56,-42,-39,70,0,Loser,recieves tone,966
60,61,PN Type A Cell,9,4,6,49,13,55,-42,-36,68,2,Loser,does not recieve tone,978
61,62,PN Type A Cell,9,3,2,44,12,46,-34,-32,58,0,Loser,recieves tone,933
62,63,PN Type A Cell,15,3,1,46,18,47,-29,-28,65,1,Loser,does not recieve tone,861
63,64,PN Type A Cell,11,4,2,50,15,52,-37,-35,67,2,Loser,recieves tone,914
64,65,PN Type A Cell,11,5,2,45,16,47,-31,-29,63,0,Loser,does not recieve tone,944
65,66,PN Type A Cell,9,5,2,39,14,41,-27,-25,55,1,Loser,does not recieve tone,910
66,67,PN Type A Cell,9,2,4,40,11,44,-33,-29,55,0,Loser,recieves tone,769
67,68,PN Type A Cell,7,7,3,50,14,53,-39,-36,67,3,Loser,recieves tone,776
68,69,PN Type A Cell,13,6,4,47,19,51,-32,-28,70,1,Loser,recieves tone,961
69,70,PN Type A Cell,10,3,3,46,13,49,-36,-33,62,0,Loser,recieves tone,913
70,71,PN Type A Cell,10,7,2,52,17,54,-37,-35,71,4,Loser,does not recieve tone,874
71,72,PN Type A Cell,13,2,4,39,15,43,-28,-24,58,1,Loser,recieves tone,986
72,73,PN Type A Cell,14,1,2,56,15,58,-43,-41,73,0,Loser,recieves tone,740
73,74,PN Type A Cell,12,2,2,55,14,57,-43,-41,71,0,Loser,recieves tone,1072
74,75,PN Type A Cell,10,8,8,47,18,55,-37,-29,73,1,Loser,does not recieve tone,1070
75,76,PN Type A Cell,13,8,4,45,21,49,-28,-24,70,3,Loser,recieves tone,935
76,77,PN Type A Cell,6,6,4,52,12,56,-44,-40,68,2,Loser,recieves tone,880
77,78,PN Type A Cell,8,6,2,43,14,45,-31,-29,59,2,Loser,recieves tone,978
78,79,PN Type A Cell,12,2,4,48,14,52,-38,-34,66,1,Loser,recieves tone,882
79,80,PN Type A Cell,7,3,3,39,10,42,-32,-29,52,1,Loser,recieves tone,952
80,81,PN Type A Cell,9,7,0,54,16,54,-38,-38,70,2,Loser,does not recieve tone,765
81,82,PN Type A Cell,9,4,5,51,13,56,-43,-38,69,0,Loser,does not recieve tone,1066
82,83,PN Type A Cell,9,8,2,39,17,41,-24,-22,58,3,Loser,does not recieve tone,1012
83,84,PN Type A Cell,14,3,1,40,17,41,-24,-23,58,2,Loser,recieves tone,740
84,85,PN Type A Cell,10,1,2,44,11,46,-35,-33,57,0,Loser,recieves tone,793
85,86,PN Type A Cell,12,5,3,50,17,53,-36,-33,70,2,Loser,does not recieve tone,832
86,87,PN Type A Cell,17,4,3,47,21,50,-29,-26,71,1,Loser,recieves tone,983
87,88,PN Type A Cell,8,3,4,39,11,43,-32,-28,54,0,Loser,recieves tone,904
88,89,PN Type A Cell,12,3,5,45,15,50,-35,-30,65,1,Loser,recieves tone,760
89,90,PN Type A Cell,7,5,0,51,12,51,-39,-39,63,0,Loser,recieves tone,856
90,91,PN Type A Cell,2,7,1,36,9,37,-28,-27,46,2,Loser,recieves tone,965
91,92,PN Type A Cell,11,5,3,45,16,48,-32,-29,64,0,Loser,recieves tone,716
92,93,PN Type A Cell,9,5,1,47,14,48,-34,-33,62,3,Loser,does not recieve tone,867
93,94,PN Type A Cell,15,5,6,39,20,45,-25,-19,65,3,Loser,does not recieve tone,948
94,95,PN Type A Cell,7,6,1,42,13,43,-30,-29,56,2,Loser,recieves tone,767
95,96,PN Type A Cell,12,1,8,36,13,44,-31,-23,57,0,Loser,recieves tone,846
96,97,PN Type A Cell,11,5,5,45,16,50,-34,-29,66,1,Loser,does not recieve tone,726
97,98,PN Type A Cell,16,3,1,51,19,52,-33,-32,71,0,Loser,recieves tone,914
98,99,PN Type A Cell,15,5,5,51,20,56,-36,-31,76,0,Loser,recieves tone,996
99,100,PN Type A Cell,8,9,2,43,17,45,-28,-26,62,4,Loser,does not recieve tone,989
100,101,PN Type A Cell,11,6,1,48,17,49,-32,-31,66,1,Loser,recieves tone,830
101,102,PN Type A Cell,12,10,4,40,22,44,-22,-18,66,4,Loser,recieves tone,911
102,103,PN Type A Cell,21,4,4,46,25,50,-25,-21,75,1,Loser,recieves tone,775
103,104,PN Type A Cell,12,7,5,44,19,49,-30,-25,68,2,Loser,recieves tone,883
104,105,PN Type A Cell,9,4,3,51,13,54,-41,-38,67,1,Loser,recieves tone,843
105,106,PN Type A Cell,14,10,4,51,24,55,-31,-27,79,3,Loser,does not recieve tone,972
106,107,PN Type A Cell,10,3,4,32,13,36,-23,-19,49,1,Loser,recieves tone,998
107,108,PN Type A Cell,9,2,5,53,11,58,-47,-42,69,1,Loser,recieves tone,630
108,109,PN Type A Cell,14,4,3,37,18,40,-22,-19,58,3,Loser,recieves tone,1049
109,110,PN Type A Cell,13,5,6,42,18,48,-30,-24,66,2,Loser,recieves tone,701
110,111,PN Type A Cell,8,2,2,45,10,47,-37,-35,57,0,Loser,recieves tone,835
111,112,PN Type A Cell,5,5,4,43,10,47,-37,-33,57,1,Loser,recieves tone,849
112,113,PN Type A Cell,8,4,4,43,12,47,-35,-31,59,1,Loser,recieves tone,822
113,114,PN Type A Cell,12,7,2,46,19,48,-29,-27,67,0,Loser,does not recieve tone,841
114,115,PN Type A Cell,6,4,4,49,10,53,-43,-39,63,1,Loser,recieves tone,899
115,116,PN Type A Cell,9,5,4,45,14,49,-35,-31,63,0,Loser,recieves tone,921
116,117,PN Type A Cell,10,3,6,47,13,53,-40,-34,66,1,Loser,recieves tone,916
117,118,PN Type A Cell,9,5,4,40,14,44,-30,-26,58,1,Loser,does not recieve tone,961
118,119,PN Type A Cell,14,5,5,47,19,52,-33,-28,71,2,Loser,recieves tone,773
119,120,PN Type A Cell,10,3,5,53,13,58,-45,-40,71,1,Loser,recieves tone,943
120,121,PN Type A Cell,11,3,0,41,14,41,-27,-27,55,0,Loser,does not recieve tone,976
121,122,PN Type A Cell,13,1,5,39,14,44,-30,-25,58,1,Loser,recieves tone,793
122,123,PN Type A Cell,10,5,2,41,15,43,-28,-26,58,0,Loser,recieves tone,780
123,124,PN Type A Cell,17,4,6,41,21,47,-26,-20,68,1,Loser,does not recieve tone,784
124,125,PN Type A Cell,14,9,3,48,23,51,-28,-25,74,2,Loser,does not recieve tone,797
125,126,PN Type A Cell,9,6,2,49,15,51,-36,-34,66,2,Loser,recieves tone,948
126,127,PN Type A Cell,10,4,5,45,14,50,-36,-31,64,2,Loser,recieves tone,976
127,128,PN Type A Cell,14,6,2,50,20,52,-32,-30,72,2,Loser,recieves tone,875
128,129,PN Type A Cell,14,4,2,53,18,55,-37,-35,73,0,Loser,does not recieve tone,1019
129,130,PN Type A Cell,15,5,6,40,20,46,-26,-20,66,2,Loser,does not recieve tone,1074
130,131,PN Type A Cell,5,4,3,55,9,58,-49,-46,67,0,Loser,recieves tone,768
131,132,PN Type A Cell,14,2,2,46,16,48,-32,-30,64,2,Loser,does not recieve tone,1087
132,133,PN Type A Cell,13,7,2,46,20,48,-28,-26,68,2,Loser,does not recieve tone,918
133,134,PN Type A Cell,13,6,4,56,19,60,-41,-37,79,2,Loser,does not recieve tone,872
134,135,PN Type A Cell,12,5,1,53,17,54,-37,-36,71,2,Loser,recieves tone,1089
135,136,PN Type A Cell,12,3,4,50,15,54,-39,-35,69,1,Loser,recieves tone,1046
136,137,PN Type A Cell,4,8,4,52,12,56,-44,-40,68,3,Winner,recieves tone,1010
137,138,PN Type A Cell,11,1,2,38,12,40,-28,-26,52,1,Loser,recieves tone,1008
138,139,PN Type A Cell,12,4,0,45,16,45,-29,-29,61,0,Loser,recieves tone,782
139,140,PN Type A Cell,9,3,7,51,12,58,-46,-39,70,0,Loser,recieves tone,851
140,141,PN Type A Cell,11,8,2,46,19,48,-29,-27,67,2,Loser,does not recieve tone,989
141,142,PN Type A Cell,18,8,5,45,26,50,-24,-19,76,4,Winner,recieves tone,927
142,143,PN Type A Cell,11,3,2,51,14,53,-39,-37,67,1,Loser,recieves tone,892
143,144,PN Type A Cell,8,6,2,45,14,47,-33,-31,61,1,Loser,does not recieve tone,998
144,145,PN Type A Cell,10,3,3,42,13,45,-32,-29,58,1,Loser,does not recieve tone,875
145,146,PN Type A Cell,14,4,4,50,18,54,-36,-32,72,1,Loser,does not recieve tone,835
146,147,PN Type A Cell,16,4,3,53,20,56,-36,-33,76,0,Loser,recieves tone,1005
147,148,PN Type A Cell,12,4,3,43,16,46,-30,-27,62,0,Loser,does not recieve tone,1019
148,149,PN Type A Cell,9,6,1,55,15,56,-41,-40,71,1,Loser,recieves tone,834
149,150,PN Type A Cell,9,8,6,44,17,50,-33,-27,67,1,Loser,does not recieve tone,1050
150,151,PN Type A Cell,13,1,4,45,14,49,-35,-31,63,0,Loser,recieves tone,847
151,152,PN Type A Cell,11,5,2,40,16,42,-26,-24,58,4,Loser,does not recieve tone,915
152,153,PN Type A Cell,13,8,3,50,21,53,-32,-29,74,4,Loser,recieves tone,721
153,154,PN Type A Cell,11,1,4,52,12,56,-44,-40,68,1,Loser,recieves tone,972
154,155,PN Type A Cell,13,7,6,35,20,41,-21,-15,61,1,Loser,does not recieve tone,1026
155,156,PN Type A Cell,14,5,2,42,19,44,-25,-23,63,1,Loser,recieves tone,702
156,157,PN Type A Cell,13,6,4,43,19,47,-28,-24,66,0,Loser,recieves tone,816
157,158,PN Type A Cell,14,3,5,44,17,49,-32,-27,66,0,Loser,does not recieve tone,845
158,159,PN Type A Cell,6,0,1,47,6,48,-42,-41,54,0,Loser,recieves tone,856
159,160,PN Type A Cell,16,3,5,41,19,46,-27,-22,65,0,Loser,recieves tone,911
160,161,PN Type A Cell,4,6,7,54,10,61,-51,-44,71,3,Loser,recieves tone,801
161,162,PN Type A Cell,8,7,6,41,15,47,-32,-26,62,3,Loser,recieves tone,1030
162,163,PN Type A Cell,8,6,6,58,14,64,-50,-44,78,3,Loser,does not recieve tone,822
163,164,PN Type A Cell,12,0,4,42,12,46,-34,-30,58,0,Loser,recieves tone,1156
164,165,PN Type A Cell,12,3,3,42,15,45,-30,-27,60,1,Loser,recieves tone,822
165,166,PN Type A Cell,7,2,3,51,9,54,-45,-42,63,1,Loser,recieves tone,805
166,167,PN Type A Cell,17,6,2,40,23,42,-19,-17,65,1,Loser,recieves tone,976
167,168,PN Type A Cell,11,3,3,45,14,48,-34,-31,62,0,Loser,recieves tone,742
168,169,PN Type A Cell,9,4,7,43,13,50,-37,-30,63,1,Loser,recieves tone,911
169,170,PN Type A Cell,14,4,3,36,18,39,-21,-18,57,0,Loser,recieves tone,863
170,171,PN Type A Cell,10,4,4,47,14,51,-37,-33,65,2,Loser,does not recieve tone,705
171,172,PN Type A Cell,8,0,3,50,8,53,-45,-42,61,0,Loser,recieves tone,944
172,173,PN Type A Cell,11,7,5,43,18,48,-30,-25,66,4,Loser,recieves tone,934
173,174,PN Type A Cell,10,4,1,33,14,34,-20,-19,48,1,Loser,recieves tone,810
174,175,PN Type A Cell,9,4,4,43,13,47,-34,-30,60,1,Loser,recieves tone,667
175,176,PN Type A Cell,18,7,4,46,25,50,-25,-21,75,2,Loser,recieves tone,891
176,177,PN Type A Cell,9,3,3,43,12,46,-34,-31,58,0,Loser,recieves tone,872
177,178,PN Type A Cell,10,3,0,51,13,51,-38,-38,64,2,Loser,recieves tone,851
178,179,PN Type A Cell,8,6,4,39,14,43,-29,-25,57,2,Loser,does not recieve tone,1018
179,180,PN Type A Cell,13,5,9,46,18,55,-37,-28,73,1,Loser,recieves tone,724
180,181,PN Type A Cell,9,4,6,47,13,53,-40,-34,66,1,Loser,recieves tone,831
181,182,PN Type A Cell,9,4,6,37,13,43,-30,-24,56,1,Loser,recieves tone,930
182,183,PN Type A Cell,8,4,4,42,12,46,-34,-30,58,2,Loser,recieves tone,706
183,184,PN Type A Cell,7,7,2,47,14,49,-35,-33,63,0,Loser,recieves tone,830
184,185,PN Type A Cell,17,3,4,49,20,53,-33,-29,73,0,Loser,does not recieve tone,940
185,186,PN Type A Cell,12,2,4,49,14,53,-39,-35,67,2,Loser,does not recieve tone,967
186,187,PN Type A Cell,17,3,5,41,20,46,-26,-21,66,3,Loser,recieves tone,941
187,188,PN Type A Cell,10,8,7,43,18,50,-32,-25,68,4,Loser,recieves tone,795
188,189,PN Type A Cell,10,4,1,54,14,55,-41,-40,69,2,Loser,does not recieve tone,811
189,190,PN Type A Cell,16,7,4,49,23,53,-30,-26,76,2,Loser,recieves tone,1087
190,191,PN Type A Cell,9,9,2,47,18,49,-31,-29,67,4,Loser,recieves tone,923
191,192,PN Type A Cell,10,4,3,50,14,53,-39,-36,67,1,Loser,does not recieve tone,908
192,193,PN Type A Cell,11,1,5,50,12,55,-43,-38,67,1,Loser,does not recieve tone,950
193,194,PN Type A Cell,16,2,2,54,18,56,-38,-36,74,2,Loser,recieves tone,935
194,195,PN Type A Cell,10,2,7,49,12,56,-44,-37,68,0,Loser,recieves tone,1084
195,196,PN Type A Cell,10,7,5,46,17,51,-34,-29,68,4,Loser,does not recieve tone,941
196,197,PN Type A Cell,18,3,4,40,21,44,-23,-19,65,0,Loser,does not recieve tone,884
197,198,PN Type A Cell,14,4,3,49,18,52,-34,-31,70,0,Loser,recieves tone,801
198,199,PN Type A Cell,11,5,3,51,16,54,-38,-35,70,2,Loser,recieves tone,934
199,200,PN Type A Cell,14,4,4,51,18,55,-37,-33,73,0,Loser,does not recieve tone,1019
200,201,PN Type A Cell,11,0,5,51,11,56,-45,-40,67,0,Loser,recieves tone,1000
201,202,PN Type A Cell,11,5,4,49,16,53,-37,-33,69,2,Loser,does not recieve tone,1016
202,203,PN Type A Cell,13,2,4,46,15,50,-35,-31,65,0,Loser,does not recieve tone,923
203,204,PN Type A Cell,15,1,5,47,16,52,-36,-31,68,0,Loser,recieves tone,914
204,205,PN Type A Cell,12,6,3,48,18,51,-33,-30,69,0,Loser,does not recieve tone,914
205,206,PN Type A Cell,9,5,3,50,14,53,-39,-36,67,2,Loser,does not recieve tone,954
206,207,PN Type A Cell,14,4,2,44,18,46,-28,-26,64,0,Loser,recieves tone,986
207,208,PN Type A Cell,11,4,2,49,15,51,-36,-34,66,2,Loser,does not recieve tone,830
208,209,PN Type A Cell,6,2,3,42,8,45,-37,-34,53,0,Loser,recieves tone,930
209,210,PN Type A Cell,14,3,3,47,17,50,-33,-30,67,0,Loser,recieves tone,837
210,211,PN Type A Cell,7,3,2,50,10,52,-42,-40,62,1,Loser,recieves tone,879
211,212,PN Type A Cell,15,1,3,43,16,46,-30,-27,62,0,Loser,does not recieve tone,981
212,213,PN Type A Cell,11,4,7,41,15,48,-33,-26,63,2,Loser,does not recieve tone,853
213,214,PN Type A Cell,12,3,2,49,15,51,-36,-34,66,0,Loser,recieves tone,819
214,215,PN Type A Cell,8,5,2,44,13,46,-33,-31,59,2,Loser,recieves tone,909
215,216,PN Type A Cell,8,6,1,44,14,45,-31,-30,59,1,Loser,does not recieve tone,858
216,217,PN Type A Cell,12,4,2,44,16,46,-30,-28,62,2,Loser,recieves tone,803
217,218,PN Type A Cell,8,4,4,47,12,51,-39,-35,63,0,Loser,recieves tone,833
218,219,PN Type A Cell,13,8,3,50,21,53,-32,-29,74,1,Loser,recieves tone,890
219,220,PN Type A Cell,14,3,3,47,17,50,-33,-30,67,0,Loser,recieves tone,1009
220,221,PN Type A Cell,5,5,5,47,10,52,-42,-37,62,3,Loser,recieves tone,934
221,222,PN Type A Cell,7,8,4,50,15,54,-39,-35,69,4,Loser,recieves tone,911
222,223,PN Type A Cell,12,3,4,48,15,52,-37,-33,67,1,Loser,recieves tone,971
223,224,PN Type A Cell,8,3,1,45,11,46,-35,-34,57,0,Loser,does not recieve tone,944
224,225,PN Type A Cell,12,4,2,43,16,45,-29,-27,61,1,Loser,recieves tone,855
225,226,PN Type A Cell,13,2,3,40,15,43,-28,-25,58,0,Loser,recieves tone,856
226,227,PN Type A Cell,6,5,3,42,11,45,-34,-31,56,4,Loser,recieves tone,727
227,228,PN Type A Cell,12,2,4,49,14,53,-39,-35,67,0,Loser,recieves tone,788
228,229,PN Type A Cell,11,4,7,38,15,45,-30,-23,60,1,Loser,recieves tone,941
229,230,PN Type A Cell,9,3,1,57,12,58,-46,-45,70,0,Loser,recieves tone,704
230,231,PN Type A Cell,14,2,4,42,16,46,-30,-26,62,1,Loser,recieves tone,1091
231,232,PN Type A Cell,13,5,5,37,18,42,-24,-19,60,0,Loser,recieves tone,812
232,233,PN Type A Cell,11,6,6,39,17,45,-28,-22,62,1,Loser,recieves tone,738
233,234,PN Type A Cell,14,1,4,54,15,58,-43,-39,73,1,Loser,recieves tone,729
234,235,PN Type A Cell,13,5,4,46,18,50,-32,-28,68,1,Loser,recieves tone,1051
235,236,PN Type A Cell,15,6,3,56,21,59,-38,-35,80,2,Loser,does not recieve tone,898
236,237,PN Type A Cell,12,4,2,46,16,48,-32,-30,64,0,Loser,recieves tone,1078
237,238,PN Type A Cell,8,2,3,47,10,50,-40,-37,60,1,Loser,recieves tone,896
238,239,PN Type A Cell,9,3,3,48,12,51,-39,-36,63,0,Loser,recieves tone,904
239,240,PN Type A Cell,6,3,4,51,9,55,-46,-42,64,1,Loser,does not recieve tone,971
240,241,PN Type A Cell,12,4,4,41,16,45,-29,-25,61,0,Loser,does not recieve tone,1016
241,242,PN Type A Cell,9,5,5,36,14,41,-27,-22,55,2,Loser,recieves tone,797
242,243,PN Type A Cell,7,1,5,48,8,53,-45,-40,61,0,Loser,recieves tone,684
243,244,PN Type A Cell,8,3,1,44,11,45,-34,-33,56,0,Loser,recieves tone,946
244,245,PN Type A Cell,10,5,3,53,15,56,-41,-38,71,2,Loser,recieves tone,864
245,246,PN Type A Cell,10,5,1,46,15,47,-32,-31,62,0,Loser,does not recieve tone,1051
246,247,PN Type A Cell,7,4,3,46,11,49,-38,-35,60,1,Loser,recieves tone,901
247,248,PN Type A Cell,7,1,2,51,8,53,-45,-43,61,0,Loser,does not recieve tone,916
248,249,PN Type A Cell,13,3,3,48,16,51,-35,-32,67,1,Loser,recieves tone,974
249,250,PN Type A Cell,8,7,4,45,15,49,-34,-30,64,3,Loser,does not recieve tone,907
250,251,PN Type A Cell,8,3,3,35,11,38,-27,-24,49,0,Loser,does not recieve tone,902
251,252,PN Type A Cell,11,4,3,49,15,52,-37,-34,67,1,Loser,does not recieve tone,712
252,253,PN Type A Cell,7,0,4,47,7,51,-44,-40,58,0,Loser,recieves tone,935
253,254,PN Type A Cell,11,7,1,39,18,40,-22,-21,58,2,Loser,recieves tone,989
254,255,PN Type A Cell,9,2,2,50,11,52,-41,-39,63,0,Loser,recieves tone,779
255,256,PN Type A Cell,14,6,6,34,20,40,-20,-14,60,0,Loser,does not recieve tone,963
256,257,PN Type A Cell,13,3,5,43,16,48,-32,-27,64,0,Loser,does not recieve tone,639
257,258,PN Type A Cell,7,5,4,48,12,52,-40,-36,64,4,Loser,recieves tone,826
258,259,PN Type A Cell,7,1,5,48,8,53,-45,-40,61,0,Loser,recieves tone,947
259,260,PN Type A Cell,7,1,3,41,8,44,-36,-33,52,0,Loser,recieves tone,944
260,261,PN Type A Cell,15,5,2,52,20,54,-34,-32,74,1,Loser,does not recieve tone,753
261,262,PN Type A Cell,13,6,2,44,19,46,-27,-25,65,2,Loser,does not recieve tone,1000
262,263,PN Type A Cell,15,5,1,37,20,38,-18,-17,58,2,Loser,recieves tone,866
263,264,PN Type A Cell,7,7,4,39,14,43,-29,-25,57,1,Loser,recieves tone,714
264,265,PN Type A Cell,7,4,4,48,11,52,-41,-37,63,1,Loser,recieves tone,736
265,266,PN Type A Cell,5,2,5,47,7,52,-45,-40,59,2,Loser,recieves tone,929
266,267,PN Type A Cell,13,4,6,43,17,49,-32,-26,66,1,Loser,recieves tone,933
267,268,PN Type A Cell,10,5,3,43,15,46,-31,-28,61,1,Loser,does not recieve tone,899
268,269,PN Type A Cell,10,0,6,43,10,49,-39,-33,59,1,Loser,recieves tone,837
269,270,PN Type A Cell,12,5,2,46,17,48,-31,-29,65,2,Loser,does not recieve tone,846
270,271,PN Type A Cell,12,3,1,38,15,39,-24,-23,54,0,Loser,recieves tone,895
271,272,PN Type A Cell,9,3,2,39,12,41,-29,-27,53,2,Loser,does not recieve tone,747
272,273,PN Type A Cell,10,4,3,58,14,61,-47,-44,75,2,Loser,recieves tone,754
273,274,PN Type A Cell,5,2,1,46,7,47,-40,-39,54,0,Loser,recieves tone,1122
274,275,PN Type A Cell,11,2,5,42,13,47,-34,-29,60,1,Loser,recieves tone,892
275,276,PN Type A Cell,10,3,2,48,13,50,-37,-35,63,2,Loser,does not recieve tone,773
276,277,PN Type A Cell,16,2,3,48,18,51,-33,-30,69,1,Loser,recieves tone,898
277,278,PN Type A Cell,10,5,4,46,15,50,-35,-31,65,2,Loser,does not recieve tone,969
278,279,PN Type A Cell,15,1,3,41,16,44,-28,-25,60,0,Loser,recieves tone,879
279,280,PN Type A Cell,9,10,4,42,19,46,-27,-23,65,3,Loser,does not recieve tone,820
280,281,PN Type A Cell,15,3,2,43,18,45,-27,-25,63,1,Loser,recieves tone,798
281,282,PN Type A Cell,7,5,4,44,12,48,-36,-32,60,0,Loser,recieves tone,823
282,283,PN Type A Cell,12,5,4,38,17,42,-25,-21,59,2,Loser,recieves tone,885
283,284,PN Type A Cell,11,5,1,53,16,54,-38,-37,70,3,Loser,recieves tone,717
284,285,PN Type A Cell,6,3,3,45,9,48,-39,-36,57,0,Loser,recieves tone,1057
285,286,PN Type A Cell,8,4,3,43,12,46,-34,-31,58,0,Loser,recieves tone,889
286,287,PN Type A Cell,10,3,1,57,13,58,-45,-44,71,2,Loser,recieves tone,844
287,288,PN Type A Cell,14,6,0,52,20,52,-32,-32,72,2,Loser,recieves tone,1101
288,289,PN Type A Cell,9,6,3,48,15,51,-36,-33,66,2,Loser,does not recieve tone,1036
289,290,PN Type A Cell,14,10,2,42,24,44,-20,-18,68,3,Loser,recieves tone,972
290,291,PN Type A Cell,12,6,2,47,18,49,-31,-29,67,2,Loser,recieves tone,841
291,292,PN Type A Cell,14,6,4,44,20,48,-28,-24,68,2,Loser,does not recieve tone,916
292,293,PN Type A Cell,12,3,7,45,15,52,-37,-30,67,0,Loser,does not recieve tone,879
293,294,PN Type A Cell,17,2,5,44,19,49,-30,-25,68,1,Loser,does not recieve tone,887
294,295,PN Type A Cell,8,7,7,50,15,57,-42,-35,72,2,Loser,recieves tone,837
295,296,PN Type A Cell,11,4,2,45,15,47,-32,-30,62,2,Loser,recieves tone,1031
296,297,PN Type A Cell,12,2,1,42,14,43,-29,-28,57,0,Loser,recieves tone,862
297,298,PN Type A Cell,10,4,3,39,14,42,-28,-25,56,0,Loser,recieves tone,819
298,299,PN Type A Cell,5,3,2,47,8,49,-41,-39,57,2,Loser,recieves tone,799
299,300,PN Type A Cell,7,7,1,40,14,41,-27,-26,55,2,Loser,recieves tone,860
300,301,PN Type A Cell,12,1,7,51,13,58,-45,-38,71,2,Loser,recieves tone,807
301,302,PN Type A Cell,16,8,2,40,24,42,-18,-16,66,3,Loser,does not recieve tone,1003
302,303,PN Type A Cell,10,3,4,45,13,49,-36,-32,62,3,Loser,recieves tone,781
303,304,PN Type A Cell,9,6,3,44,15,47,-32,-29,62,4,Loser,recieves tone,879
304,305,PN Type A Cell,11,5,3,48,16,51,-35,-32,67,4,Loser,recieves tone,841
305,306,PN Type A Cell,9,8,2,54,17,56,-39,-37,73,1,Loser,recieves tone,943
306,307,PN Type A Cell,10,3,4,40,13,44,-31,-27,57,1,Loser,does not recieve tone,1014
307,308,PN Type A Cell,11,4,2,43,15,45,-30,-28,60,1,Loser,recieves tone,774
308,309,PN Type A Cell,12,1,3,48,13,51,-38,-35,64,0,Loser,recieves tone,798
309,310,PN Type A Cell,16,5,1,53,21,54,-33,-32,75,0,Loser,does not recieve tone,904
310,311,PN Type A Cell,9,5,3,40,14,43,-29,-26,57,1,Loser,does not recieve tone,1050
311,312,PN Type A Cell,13,7,0,43,20,43,-23,-23,63,3,Loser,recieves tone,771
312,313,PN Type A Cell,6,5,4,54,11,58,-47,-43,69,2,Loser,recieves tone,853
313,314,PN Type A Cell,10,5,4,43,15,47,-32,-28,62,2,Loser,recieves tone,1060
314,315,PN Type A Cell,9,4,5,36,13,41,-28,-23,54,1,Loser,recieves tone,835
315,316,PN Type A Cell,5,4,2,43,9,45,-36,-34,54,0,Loser,does not recieve tone,722
316,317,PN Type A Cell,12,4,6,40,16,46,-30,-24,62,1,Loser,recieves tone,830
317,318,PN Type A Cell,11,5,2,43,16,45,-29,-27,61,2,Loser,does not recieve tone,779
318,319,PN Type A Cell,11,1,2,42,12,44,-32,-30,56,0,Loser,recieves tone,846
319,320,PN Type A Cell,7,7,8,54,14,62,-48,-40,76,3,Loser,does not recieve tone,786
320,321,PN Type A Cell,10,7,4,37,17,41,-24,-20,58,3,Loser,does not recieve tone,1052
321,322,PN Type A Cell,8,0,3,49,8,52,-44,-41,60,0,Loser,recieves tone,696
322,323,PN Type A Cell,18,6,5,54,24,59,-35,-30,83,1,Loser,recieves tone,971
323,324,PN Type A Cell,14,4,5,35,18,40,-22,-17,58,2,Loser,does not recieve tone,1021
324,325,PN Type A Cell,11,3,2,44,14,46,-32,-30,60,1,Loser,recieves tone,687
325,326,PN Type A Cell,10,5,4,56,15,60,-45,-41,75,2,Loser,recieves tone,831
326,327,PN Type A Cell,14,4,5,46,18,51,-33,-28,69,1,Loser,recieves tone,1128
327,328,PN Type A Cell,10,2,7,46,12,53,-41,-34,65,1,Loser,does not recieve tone,907
328,329,PN Type A Cell,11,6,6,47,17,53,-36,-30,70,1,Loser,recieves tone,863
329,330,PN Type A Cell,10,2,4,54,12,58,-46,-42,70,1,Loser,recieves tone,953
330,331,PN Type A Cell,6,3,5,41,9,46,-37,-32,55,0,Loser,recieves tone,1004
331,332,PN Type A Cell,16,2,2,43,18,45,-27,-25,63,1,Loser,recieves tone,800
332,333,PN Type A Cell,10,4,1,49,14,50,-36,-35,64,0,Loser,recieves tone,882
333,334,PN Type A Cell,13,5,3,43,18,46,-28,-25,64,1,Loser,does not recieve tone,957
334,335,PN Type A Cell,12,1,2,44,13,46,-33,-31,59,1,Loser,recieves tone,815
335,336,PN Type A Cell,6,4,2,49,10,51,-41,-39,61,2,Loser,does not recieve tone,870
336,337,PN Type A Cell,12,4,1,44,16,45,-29,-28,61,0,Loser,recieves tone,931
337,338,PN Type A Cell,10,4,5,44,14,49,-35,-30,63,0,Loser,does not recieve tone,873
338,339,PN Type A Cell,10,1,2,41,11,43,-32,-30,54,0,Loser,does not recieve tone,888
339,340,PN Type A Cell,11,2,4,51,13,55,-42,-38,68,1,Loser,recieves tone,779
340,341,PN Type A Cell,17,7,4,43,24,47,-23,-19,71,2,Loser,recieves tone,1021
341,342,PN Type A Cell,12,5,7,48,17,55,-38,-31,72,2,Loser,does not recieve tone,852
342,343,PN Type A Cell,16,5,2,43,21,45,-24,-22,66,0,Loser,recieves tone,957
343,344,PN Type A Cell,14,5,5,45,19,50,-31,-26,69,0,Loser,recieves tone,864
344,345,PN Type A Cell,13,2,6,45,15,51,-36,-30,66,1,Loser,recieves tone,893
345,346,PN Type A Cell,14,3,5,47,17,52,-35,-30,69,1,Loser,recieves tone,875
346,347,PN Type A Cell,13,5,2,42,18,44,-26,-24,62,1,Loser,does not recieve tone,943
347,348,PN Type A Cell,5,4,4,43,9,47,-38,-34,56,0,Loser,recieves tone,796
348,349,PN Type A Cell,6,5,6,50,11,56,-45,-39,67,0,Loser,recieves tone,789
349,350,PN Type A Cell,15,4,4,42,19,46,-27,-23,65,1,Loser,recieves tone,997
350,351,PN Type A Cell,10,7,4,47,17,51,-34,-30,68,3,Loser,recieves tone,842
351,352,PN Type A Cell,17,3,8,50,20,58,-38,-30,78,0,Loser,recieves tone,946
352,353,PN Type A Cell,14,8,2,48,22,50,-28,-26,72,1,Loser,does not recieve tone,981
353,354,PN Type A Cell,15,3,3,37,18,40,-22,-19,58,1,Loser,recieves tone,943
354,355,PN Type A Cell,9,2,6,47,11,53,-42,-36,64,1,Loser,recieves tone,748
355,356,PN Type A Cell,15,7,5,51,22,56,-34,-29,78,3,Loser,recieves tone,941
356,357,PN Type A Cell,13,3,6,39,16,45,-29,-23,61,0,Loser,does not recieve tone,968
357,358,PN Type A Cell,11,5,3,38,16,41,-25,-22,57,1,Loser,recieves tone,776
358,359,PN Type A Cell,12,5,3,42,17,45,-28,-25,62,1,Loser,does not recieve tone,758
359,360,PN Type A Cell,17,3,4,44,20,48,-28,-24,68,1,Loser,does not recieve tone,824
360,361,PN Type A Cell,5,9,4,44,14,48,-34,-30,62,1,Loser,recieves tone,866
361,362,PN Type A Cell,8,2,4,41,10,45,-35,-31,55,0,Loser,does not recieve tone,883
362,363,PN Type A Cell,7,1,2,44,8,46,-38,-36,54,1,Loser,does not recieve tone,801
363,364,PN Type A Cell,7,4,3,56,11,59,-48,-45,70,1,Loser,recieves tone,840
364,365,PN Type A Cell,8,6,4,45,14,49,-35,-31,63,1,Loser,does not recieve tone,1122
365,366,PN Type A Cell,8,4,2,44,12,46,-34,-32,58,0,Loser,recieves tone,869
366,367,PN Type A Cell,11,6,2,45,17,47,-30,-28,64,2,Loser,recieves tone,863
367,368,PN Type A Cell,8,2,2,49,10,51,-41,-39,61,0,Loser,recieves tone,887
368,369,PN Type A Cell,12,9,3,45,21,48,-27,-24,69,2,Loser,recieves tone,1007
369,370,PN Type A Cell,15,0,3,46,15,49,-34,-31,64,0,Loser,recieves tone,868
370,371,PN Type A Cell,9,7,4,48,16,52,-36,-32,68,2,Loser,does not recieve tone,901
371,372,PN Type A Cell,10,8,7,46,18,53,-35,-28,71,2,Loser,recieves tone,908
372,373,PN Type A Cell,8,8,3,53,16,56,-40,-37,72,1,Loser,does not recieve tone,845
373,374,PN Type A Cell,13,5,3,47,18,50,-32,-29,68,2,Loser,does not recieve tone,1059
374,375,PN Type A Cell,14,5,7,46,19,53,-34,-27,72,1,Loser,recieves tone,936
375,376,PN Type A Cell,8,11,5,37,19,42,-23,-18,61,3,Loser,recieves tone,878
376,377,PN Type A Cell,6,5,3,54,11,57,-46,-43,68,3,Loser,recieves tone,714
377,378,PN Type A Cell,6,8,4,41,14,45,-31,-27,59,1,Loser,recieves tone,1040
378,379,PN Type A Cell,7,7,3,39,14,42,-28,-25,56,2,Loser,recieves tone,815
379,380,PN Type A Cell,10,2,2,46,12,48,-36,-34,60,1,Loser,does not recieve tone,736
380,381,PN Type A Cell,14,3,4,54,17,58,-41,-37,75,2,Loser,does not recieve tone,881
381,382,PN Type A Cell,12,4,5,39,16,44,-28,-23,60,0,Loser,does not recieve tone,1059
382,383,PN Type A Cell,12,5,4,47,17,51,-34,-30,68,1,Loser,does not recieve tone,750
383,384,PN Type A Cell,6,2,3,48,8,51,-43,-40,59,0,Loser,does not recieve tone,915
384,385,PN Type A Cell,13,7,3,51,20,54,-34,-31,74,1,Loser,recieves tone,911
385,386,PN Type A Cell,10,7,6,38,17,44,-27,-21,61,0,Loser,recieves tone,976
386,387,PN Type A Cell,11,6,2,35,17,37,-20,-18,54,2,Loser,recieves tone,715
387,388,PN Type A Cell,8,5,4,42,13,46,-33,-29,59,2,Loser,recieves tone,645
388,389,PN Type A Cell,9,5,3,46,14,49,-35,-32,63,1,Loser,recieves tone,820
389,390,PN Type A Cell,16,4,2,46,20,48,-28,-26,68,1,Loser,recieves tone,878
390,391,PN Type A Cell,12,4,2,45,16,47,-31,-29,63,1,Loser,recieves tone,937
391,392,PN Type A Cell,10,2,3,44,12,47,-35,-32,59,0,Loser,recieves tone,882
392,393,PN Type A Cell,9,3,3,41,12,44,-32,-29,56,1,Loser,recieves tone,856
393,394,PN Type A Cell,8,8,1,50,16,51,-35,-34,67,1,Loser,recieves tone,775
394,395,PN Type A Cell,16,4,3,42,20,45,-25,-22,65,2,Loser,recieves tone,950
395,396,PN Type A Cell,6,1,1,50,7,51,-44,-43,58,0,Loser,does not recieve tone,840
396,397,PN Type A Cell,11,3,7,48,14,55,-41,-34,69,2,Loser,recieves tone,994
397,398,PN Type A Cell,8,5,0,45,13,45,-32,-32,58,1,Loser,does not recieve tone,933
398,399,PN Type A Cell,7,7,3,47,14,50,-36,-33,64,1,Loser,recieves tone,886
399,400,PN Type A Cell,9,3,6,45,12,51,-39,-33,63,1,Loser,does not recieve tone,931
400,401,PN Type A Cell,18,2,1,46,20,47,-27,-26,67,1,Loser,recieves tone,869
401,402,PN Type A Cell,20,10,3,46,30,49,-19,-16,79,4,Loser,does not recieve tone,898
402,403,PN Type A Cell,10,5,2,40,15,42,-27,-25,57,1,Loser,does not recieve tone,904
403,404,PN Type A Cell,11,7,4,47,18,51,-33,-29,69,2,Loser,does not recieve tone,772
404,405,PN Type A Cell,6,3,3,32,9,35,-26,-23,44,4,Loser,does not recieve tone,884
405,406,PN Type A Cell,13,1,3,38,14,41,-27,-24,55,1,Loser,does not recieve tone,649
406,407,PN Type A Cell,6,2,3,48,8,51,-43,-40,59,0,Loser,recieves tone,729
407,408,PN Type A Cell,13,4,4,49,17,53,-36,-32,70,1,Loser,does not recieve tone,940
408,409,PN Type A Cell,11,3,4,45,14,49,-35,-31,63,1,Loser,recieves tone,949
409,410,PN Type A Cell,11,4,3,43,15,46,-31,-28,61,0,Loser,does not recieve tone,886
410,411,PN Type A Cell,6,7,2,51,13,53,-40,-38,66,2,Loser,does not recieve tone,861
411,412,PN Type A Cell,11,3,1,36,14,37,-23,-22,51,0,Loser,recieves tone,1006
412,413,PN Type A Cell,8,3,4,47,11,51,-40,-36,62,0,Loser,recieves tone,710
413,414,PN Type A Cell,14,6,1,44,20,45,-25,-24,65,2,Loser,recieves tone,933
414,415,PN Type A Cell,8,3,4,44,11,48,-37,-33,59,0,Loser,recieves tone,854
415,416,PN Type A Cell,13,5,6,50,18,56,-38,-32,74,0,Loser,does not recieve tone,833
416,417,PN Type A Cell,7,4,2,45,11,47,-36,-34,58,0,Loser,recieves tone,969
417,418,PN Type A Cell,9,12,5,45,21,50,-29,-24,71,3,Loser,recieves tone,866
418,419,PN Type A Cell,6,2,2,43,8,45,-37,-35,53,2,Loser,recieves tone,871
419,420,PN Type A Cell,11,3,3,53,14,56,-42,-39,70,1,Loser,recieves tone,827
420,421,PN Type A Cell,10,5,2,38,15,40,-25,-23,55,2,Loser,does not recieve tone,1031
421,422,PN Type A Cell,5,5,1,47,10,48,-38,-37,58,1,Loser,recieves tone,715
422,423,PN Type A Cell,7,5,4,44,12,48,-36,-32,60,1,Loser,recieves tone,949
423,424,PN Type A Cell,15,4,3,41,19,44,-25,-22,63,0,Loser,recieves tone,855
424,425,PN Type A Cell,9,6,4,58,15,62,-47,-43,77,0,Loser,recieves tone,784
425,426,PN Type A Cell,12,3,4,51,15,55,-40,-36,70,1,Loser,recieves tone,1127
426,427,PN Type A Cell,17,7,5,36,24,41,-17,-12,65,3,Loser,does not recieve tone,982
427,428,PN Type A Cell,12,6,3,46,18,49,-31,-28,67,2,Loser,recieves tone,710
428,429,PN Type A Cell,11,1,5,45,12,50,-38,-33,62,1,Loser,recieves tone,903
429,430,PN Type A Cell,15,3,4,43,18,47,-29,-25,65,0,Loser,recieves tone,904
430,431,PN Type A Cell,15,3,2,45,18,47,-29,-27,65,1,Loser,recieves tone,853
431,432,PN Type A Cell,11,4,1,51,15,52,-37,-36,67,0,Loser,recieves tone,832
432,433,PN Type A Cell,8,4,5,46,12,51,-39,-34,63,1,Loser,recieves tone,983
433,434,PN Type A Cell,8,3,2,39,11,41,-30,-28,52,1,Loser,recieves tone,880
434,435,PN Type A Cell,10,8,3,47,18,50,-32,-29,68,1,Loser,does not recieve tone,732
435,436,PN Type A Cell,6,5,2,45,11,47,-36,-34,58,1,Loser,does not recieve tone,918
436,437,PN Type A Cell,9,5,6,56,14,62,-48,-42,76,0,Loser,recieves tone,889
437,438,PN Type A Cell,6,5,3,52,11,55,-44,-41,66,1,Loser,does not recieve tone,1114
438,439,PN Type A Cell,13,7,3,54,20,57,-37,-34,77,1,Loser,recieves tone,972
439,440,PN Type A Cell,9,5,4,47,14,51,-37,-33,65,0,Loser,recieves tone,1083
440,441,PN Type A Cell,18,0,4,44,18,48,-30,-26,66,0,Loser,recieves tone,919
441,442,PN Type A Cell,4,6,0,41,10,41,-31,-31,51,0,Loser,does not recieve tone,875
442,443,PN Type A Cell,9,3,2,42,12,44,-32,-30,56,0,Loser,does not recieve tone,779
443,444,PN Type A Cell,9,6,3,46,15,49,-34,-31,64,3,Loser,does not recieve tone,823
444,445,PN Type A Cell,10,1,2,51,11,53,-42,-40,64,1,Loser,recieves tone,874
445,446,PN Type A Cell,10,5,5,47,15,52,-37,-32,67,1,Loser,recieves tone,983
446,447,PN Type A Cell,13,2,2,54,15,56,-41,-39,71,0,Loser,does not recieve tone,935
447,448,PN Type A Cell,7,4,0,39,11,39,-28,-28,50,2,Loser,recieves tone,1100
448,449,PN Type A Cell,16,6,5,41,22,46,-24,-19,68,1,Loser,recieves tone,749
449,450,PN Type A Cell,12,4,4,50,16,54,-38,-34,70,1,Loser,recieves tone,785
450,451,PN Type A Cell,8,1,4,45,9,49,-40,-36,58,0,Loser,recieves tone,963
451,452,PN Type A Cell,10,1,4,47,11,51,-40,-36,62,0,Loser,recieves tone,912
452,453,PN Type A Cell,11,6,2,47,17,49,-32,-30,66,2,Loser,recieves tone,908
453,454,PN Type A Cell,11,2,3,43,13,46,-33,-30,59,0,Loser,recieves tone,893
454,455,PN Type A Cell,8,3,1,44,11,45,-34,-33,56,1,Loser,does not recieve tone,845
455,456,PN Type A Cell,10,3,3,56,13,59,-46,-43,72,0,Loser,recieves tone,846
456,457,PN Type A Cell,13,4,2,47,17,49,-32,-30,66,2,Loser,recieves tone,1070
457,458,PN Type A Cell,9,7,0,45,16,45,-29,-29,61,2,Loser,recieves tone,910
458,459,PN Type A Cell,9,3,1,51,12,52,-40,-39,64,0,Loser,does not recieve tone,879
459,460,PN Type A Cell,11,7,3,39,18,42,-24,-21,60,2,Loser,recieves tone,1024
460,461,PN Type A Cell,13,12,1,41,25,42,-17,-16,67,2,Loser,recieves tone,766
461,462,PN Type A Cell,13,4,2,52,17,54,-37,-35,71,2,Loser,recieves tone,776
462,463,PN Type A Cell,7,7,2,47,14,49,-35,-33,63,3,Loser,recieves tone,992
463,464,PN Type A Cell,7,1,3,39,8,42,-34,-31,50,0,Loser,recieves tone,925
464,465,PN Type A Cell,12,4,6,46,16,52,-36,-30,68,2,Loser,recieves tone,765
465,466,PN Type A Cell,10,5,3,53,15,56,-41,-38,71,2,Loser,recieves tone,879
466,467,PN Type A Cell,8,2,4,47,10,51,-41,-37,61,2,Loser,does not recieve tone,1041
467,468,PN Type A Cell,11,1,4,52,12,56,-44,-40,68,0,Loser,does not recieve tone,888
468,469,PN Type A Cell,17,1,4,49,18,53,-35,-31,71,0,Loser,recieves tone,996
469,470,PN Type A Cell,14,4,2,44,18,46,-28,-26,64,2,Loser,recieves tone,959
470,471,PN Type A Cell,5,4,6,46,9,52,-43,-37,61,0,Loser,does not recieve tone,879
471,472,PN Type A Cell,11,4,5,47,15,52,-37,-32,67,1,Loser,recieves tone,896
472,473,PN Type A Cell,9,1,2,46,10,48,-38,-36,58,0,Loser,recieves tone,912
473,474,PN Type A Cell,20,1,6,45,21,51,-30,-24,72,0,Loser,does not recieve tone,892
474,475,PN Type A Cell,10,3,1,38,13,39,-26,-25,52,0,Loser,recieves tone,879
475,476,PN Type A Cell,10,6,5,38,16,43,-27,-22,59,1,Loser,recieves tone,763
476,477,PN Type A Cell,14,5,3,39,19,42,-23,-20,61,1,Loser,does not recieve tone,726
477,478,PN Type A Cell,7,3,5,46,10,51,-41,-36,61,3,Loser,recieves tone,743
478,479,PN Type A Cell,10,4,3,46,14,49,-35,-32,63,0,Loser,recieves tone,861
479,480,PN Type A Cell,13,3,1,50,16,51,-35,-34,67,1,Loser,recieves tone,949
480,481,PN Type A Cell,13,8,0,47,21,47,-26,-26,68,2,Loser,does not recieve tone,978
481,482,PN Type A Cell,7,3,3,42,10,45,-35,-32,55,0,Loser,does not recieve tone,910
482,483,PN Type A Cell,11,3,6,34,14,40,-26,-20,54,1,Loser,does not recieve tone,825
483,484,PN Type A Cell,9,6,1,42,15,43,-28,-27,58,0,Loser,does not recieve tone,679
484,485,PN Type A Cell,13,2,1,55,15,56,-41,-40,71,1,Loser,recieves tone,842
485,486,PN Type A Cell,10,6,4,42,16,46,-30,-26,62,0,Loser,recieves tone,1085
486,487,PN Type A Cell,15,7,4,42,22,46,-24,-20,68,4,Loser,recieves tone,825
487,488,PN Type A Cell,8,3,3,52,11,55,-44,-41,66,1,Loser,recieves tone,851
488,489,PN Type A Cell,11,3,3,59,14,62,-48,-45,76,1,Loser,does not recieve tone,1058
489,490,PN Type A Cell,9,4,4,42,13,46,-33,-29,59,0,Loser,recieves tone,1140
490,491,PN Type A Cell,8,10,1,48,18,49,-31,-30,67,3,Loser,recieves tone,824
491,492,PN Type A Cell,7,0,0,53,7,53,-46,-46,60,0,Loser,does not recieve tone,926
492,493,PN Type A Cell,16,3,2,43,19,45,-26,-24,64,1,Loser,does not recieve tone,1013
493,494,PN Type A Cell,13,6,0,42,19,42,-23,-23,61,0,Loser,recieves tone,817
494,495,PN Type A Cell,7,7,4,44,14,48,-34,-30,62,3,Loser,recieves tone,802
495,496,PN Type A Cell,6,2,3,44,8,47,-39,-36,55,0,Loser,does not recieve tone,868
496,497,PN Type A Cell,9,7,3,42,16,45,-29,-26,61,3,Loser,recieves tone,877
497,498,PN Type A Cell,13,3,6,47,16,53,-37,-31,69,1,Loser,does not recieve tone,809
498,499,PN Type A Cell,12,5,3,44,17,47,-30,-27,64,3,Loser,recieves tone,893
499,500,PN Type A Cell,16,4,2,55,20,57,-37,-35,77,1,Loser,does not recieve tone,847
500,501,PN Type A Cell,8,5,2,44,13,46,-33,-31,59,1,Loser,recieves tone,1081
501,502,PN Type A Cell,4,8,0,48,12,48,-36,-36,60,3,Winner,recieves tone,869
502,503,PN Type A Cell,13,3,3,39,16,42,-26,-23,58,0,Loser,recieves tone,966
503,504,PN Type A Cell,9,4,4,44,13,48,-35,-31,61,1,Loser,does not recieve tone,762
504,505,PN Type A Cell,11,5,4,50,16,54,-38,-34,70,4,Loser,recieves tone,876
505,506,PN Type A Cell,12,7,2,44,19,46,-27,-25,65,2,Loser,recieves tone,989
506,507,PN Type A Cell,15,6,2,46,21,48,-27,-25,69,0,Loser,recieves tone,831
507,508,PN Type A Cell,8,5,2,40,13,42,-29,-27,55,2,Loser,does not recieve tone,900
508,509,PN Type A Cell,14,5,2,43,19,45,-26,-24,64,1,Loser,recieves tone,767
509,510,PN Type A Cell,8,3,7,49,11,56,-45,-38,67,1,Loser,recieves tone,826
510,511,PN Type A Cell,9,6,5,41,15,46,-31,-26,61,5,Loser,recieves tone,970
511,512,PN Type A Cell,9,7,2,39,16,41,-25,-23,57,1,Loser,recieves tone,764
512,513,PN Type A Cell,15,2,6,49,17,55,-38,-32,72,0,Loser,does not recieve tone,769
513,514,PN Type A Cell,17,3,6,39,20,45,-25,-19,65,0,Loser,does not recieve tone,964
514,515,PN Type A Cell,13,2,5,51,15,56,-41,-36,71,1,Loser,recieves tone,777
515,516,PN Type A Cell,11,2,8,44,13,52,-39,-31,65,0,Loser,recieves tone,1006
516,517,PN Type A Cell,13,2,2,64,15,66,-51,-49,81,0,Loser,recieves tone,892
517,518,PN Type A Cell,14,4,6,50,18,56,-38,-32,74,1,Loser,recieves tone,1263
518,519,PN Type A Cell,11,3,4,45,14,49,-35,-31,63,0,Loser,recieves tone,972
519,520,PN Type A Cell,11,4,1,39,15,40,-25,-24,55,0,Loser,does not recieve tone,888
520,521,PN Type A Cell,11,4,1,43,15,44,-29,-28,59,2,Loser,does not recieve tone,734
521,522,PN Type A Cell,9,8,4,37,17,41,-24,-20,58,4,Loser,recieves tone,823
522,523,PN Type A Cell,13,5,3,35,18,38,-20,-17,56,1,Loser,recieves tone,711
523,524,PN Type A Cell,6,2,2,40,8,42,-34,-32,50,1,Loser,recieves tone,691
524,525,PN Type A Cell,11,3,5,44,14,49,-35,-30,63,0,Loser,does not recieve tone,773
525,526,PN Type A Cell,11,4,3,56,15,59,-44,-41,74,2,Loser,does not recieve tone,874
526,527,PN Type A Cell,12,6,4,58,18,62,-44,-40,80,0,Loser,recieves tone,1069
527,528,PN Type A Cell,7,2,7,47,9,54,-45,-38,63,0,Loser,recieves tone,1087
528,529,PN Type A Cell,9,4,2,38,13,40,-27,-25,53,2,Loser,does not recieve tone,902
529,530,PN Type A Cell,13,4,2,52,17,54,-37,-35,71,0,Loser,does not recieve tone,753
530,531,PN Type A Cell,14,4,2,47,18,49,-31,-29,67,0,Loser,does not recieve tone,1030
531,532,PN Type A Cell,11,3,1,43,14,44,-30,-29,58,1,Loser,does not recieve tone,915
532,533,PN Type A Cell,11,7,3,41,18,44,-26,-23,62,2,Loser,recieves tone,814
533,534,PN Type A Cell,9,8,3,36,17,39,-22,-19,56,3,Loser,does not recieve tone,811
534,535,PN Type A Cell,12,6,2,46,18,48,-30,-28,66,1,Loser,recieves tone,723
535,536,PN Type A Cell,13,6,1,51,19,52,-33,-32,71,3,Loser,recieves tone,898
536,537,PN Type A Cell,8,2,3,49,10,52,-42,-39,62,1,Loser,does not recieve tone,984
537,538,PN Type A Cell,11,5,5,52,16,57,-41,-36,73,2,Loser,does not recieve tone,976
538,539,PN Type A Cell,5,9,2,52,14,54,-40,-38,68,2,Loser,recieves tone,1008
539,540,PN Type A Cell,6,2,1,47,8,48,-40,-39,56,2,Loser,does not recieve tone,1018
540,541,PN Type A Cell,11,5,5,54,16,59,-43,-38,75,2,Loser,recieves tone,923
541,542,PN Type A Cell,8,6,1,45,14,46,-32,-31,60,2,Loser,recieves tone,1044
542,543,PN Type A Cell,8,3,5,49,11,54,-43,-38,65,0,Loser,recieves tone,861
543,544,PN Type A Cell,11,0,6,38,11,44,-33,-27,55,0,Loser,recieves tone,957
544,545,PN Type A Cell,15,1,4,46,16,50,-34,-30,66,1,Loser,recieves tone,719
545,546,PN Type A Cell,12,9,3,45,21,48,-27,-24,69,1,Loser,recieves tone,911
546,547,PN Type A Cell,11,9,6,46,20,52,-32,-26,72,1,Loser,recieves tone,861
547,548,PN Type A Cell,8,5,2,45,13,47,-34,-32,60,2,Loser,recieves tone,917
548,549,PN Type A Cell,6,5,3,52,11,55,-44,-41,66,1,Loser,recieves tone,890
549,550,PN Type A Cell,8,5,2,50,13,52,-39,-37,65,0,Loser,recieves tone,1018
550,551,PN Type A Cell,8,7,4,46,15,50,-35,-31,65,0,Loser,recieves tone,930
551,552,PN Type A Cell,8,6,5,42,14,47,-33,-28,61,2,Loser,does not recieve tone,906
552,553,PN Type A Cell,17,3,7,41,20,48,-28,-21,68,0,Loser,recieves tone,859
553,554,PN Type A Cell,10,3,4,49,13,53,-40,-36,66,1,Loser,recieves tone,795
554,555,PN Type A Cell,9,3,0,47,12,47,-35,-35,59,1,Loser,recieves tone,946
555,556,PN Type A Cell,12,7,5,44,19,49,-30,-25,68,3,Loser,does not recieve tone,887
556,557,PN Type A Cell,10,4,3,54,14,57,-43,-40,71,1,Loser,does not recieve tone,880
557,558,PN Type A Cell,11,5,5,39,16,44,-28,-23,60,1,Loser,recieves tone,1061
558,559,PN Type A Cell,11,3,4,46,14,50,-36,-32,64,0,Loser,does not recieve tone,741
559,560,PN Type A Cell,10,3,2,44,13,46,-33,-31,59,1,Loser,recieves tone,894
560,561,PN Type A Cell,13,10,3,60,23,63,-40,-37,86,2,Loser,does not recieve tone,853
561,562,PN Type A Cell,7,4,8,50,11,58,-47,-39,69,1,Loser,recieves tone,1156
562,563,PN Type A Cell,13,4,3,46,17,49,-32,-29,66,3,Loser,recieves tone,975
563,564,PN Type A Cell,3,3,3,48,6,51,-45,-42,57,1,Loser,recieves tone,937
564,565,PN Type A Cell,14,3,4,42,17,46,-29,-25,63,1,Loser,does not recieve tone,926
565,566,PN Type A Cell,15,2,5,43,17,48,-31,-26,65,0,Loser,recieves tone,854
566,567,PN Type A Cell,10,6,1,48,16,49,-33,-32,65,1,Loser,does not recieve tone,827
567,568,PN Type A Cell,10,2,4,37,12,41,-29,-25,53,0,Loser,recieves tone,923
568,569,PN Type C Cell,6,3,0,42,9,42,-33,-33,51,1,Loser,does not recieve tone,737
569,570,PN Type C Cell,13,2,5,40,15,45,-30,-25,60,1,Loser,does not recieve tone,828
570,571,PN Type C Cell,7,3,7,47,10,54,-44,-37,64,0,Loser,recieves tone,753
571,572,PN Type C Cell,8,3,1,41,11,42,-31,-30,53,1,Loser,recieves tone,917
572,573,PN Type C Cell,16,6,7,38,22,45,-23,-16,67,0,Loser,does not recieve tone,809
573,574,PN Type C Cell,3,3,3,53,6,56,-50,-47,62,2,Loser,does not recieve tone,698
574,575,PN Type C Cell,11,6,4,46,17,50,-33,-29,67,3,Winner,recieves tone,1085
575,576,PN Type C Cell,15,4,1,48,19,49,-30,-29,68,1,Loser,recieves tone,911
576,577,PN Type C Cell,17,8,3,37,25,40,-15,-12,65,3,Winner,recieves tone,916
577,578,PN Type C Cell,20,3,4,45,23,49,-26,-22,72,0,Loser,does not recieve tone,738
578,579,PN Type C Cell,11,7,2,61,18,63,-45,-43,81,3,Loser,does not recieve tone,894
579,580,PN Type C Cell,9,4,4,37,13,41,-28,-24,54,1,Winner,does not recieve tone,1226
580,581,PN Type C Cell,7,2,2,42,9,44,-35,-33,53,2,Loser,does not recieve tone,713
581,582,PN Type C Cell,7,6,1,42,13,43,-30,-29,56,1,Winner,does not recieve tone,806
582,583,PN Type C Cell,10,3,3,53,13,56,-43,-40,69,1,Loser,recieves tone,799
583,584,PN Type C Cell,14,4,3,42,18,45,-27,-24,63,0,Loser,does not recieve tone,1074
584,585,PN Type C Cell,13,8,1,48,21,49,-28,-27,70,2,Winner,does not recieve tone,798
585,586,PN Type C Cell,13,2,6,41,15,47,-32,-26,62,1,Loser,recieves tone,934
586,587,PN Type C Cell,10,5,5,52,15,57,-42,-37,72,1,Loser,recieves tone,807
587,588,PN Type C Cell,12,4,5,43,16,48,-32,-27,64,2,Winner,recieves tone,985
588,589,PN Type C Cell,11,6,4,50,17,54,-37,-33,71,1,Loser,recieves tone,861
589,590,PN Type C Cell,7,6,4,44,13,48,-35,-31,61,1,Loser,recieves tone,987
590,591,PN Type C Cell,7,3,2,49,10,51,-41,-39,61,2,Loser,recieves tone,844
591,592,PN Type C Cell,9,5,4,53,14,57,-43,-39,71,2,Loser,recieves tone,982
592,593,PN Type C Cell,17,4,5,43,21,48,-27,-22,69,2,Loser,recieves tone,1054
593,594,PN Type C Cell,10,3,3,47,13,50,-37,-34,63,1,Loser,does not recieve tone,829
594,595,PN Type C Cell,13,2,2,51,15,53,-38,-36,68,1,Loser,recieves tone,920
595,596,PN Type C Cell,15,10,3,45,25,48,-23,-20,73,5,Winner,recieves tone,958
596,597,PN Type C Cell,10,5,3,42,15,45,-30,-27,60,1,Winner,recieves tone,880
597,598,PN Type C Cell,8,6,1,39,14,40,-26,-25,54,3,Winner,recieves tone,845
598,599,PN Type C Cell,6,5,5,37,11,42,-31,-26,53,1,Loser,recieves tone,749
599,600,PN Type C Cell,12,6,1,45,18,46,-28,-27,64,3,Winner,recieves tone,726
600,601,PN Type C Cell,10,6,6,34,16,40,-24,-18,56,0,Winner,does not recieve tone,901
601,602,PN Type C Cell,9,4,2,54,13,56,-43,-41,69,0,Loser,does not recieve tone,643
602,603,PN Type C Cell,6,8,3,43,14,46,-32,-29,60,1,Winner,recieves tone,1056
603,604,PN Type C Cell,7,0,2,51,7,53,-46,-44,60,0,Loser,recieves tone,837
604,605,PN Type C Cell,6,9,4,43,15,47,-32,-28,62,2,Winner,recieves tone,993
605,606,PN Type C Cell,12,5,4,53,17,57,-40,-36,74,1,Winner,recieves tone,844
606,607,PN Type C Cell,10,1,2,48,11,50,-39,-37,61,0,Loser,recieves tone,1059
607,608,PN Type C Cell,7,3,4,40,10,44,-34,-30,54,0,Loser,recieves tone,937
608,609,PN Type C Cell,6,3,2,50,9,52,-43,-41,61,0,Loser,does not recieve tone,753
609,610,PN Type C Cell,16,3,5,48,19,53,-34,-29,72,0,Loser,recieves tone,959
610,611,PN Type C Cell,14,4,2,43,18,45,-27,-25,63,1,Loser,does not recieve tone,908
611,612,PN Type C Cell,10,8,4,50,18,54,-36,-32,72,4,Loser,recieves tone,839
612,613,PN Type C Cell,8,5,3,48,13,51,-38,-35,64,1,Loser,recieves tone,983
613,614,PN Type C Cell,7,3,5,33,10,38,-28,-23,48,0,Loser,does not recieve tone,973
614,615,PN Type C Cell,9,5,8,44,14,52,-38,-30,66,1,Loser,recieves tone,626
615,616,PN Type C Cell,12,6,4,42,18,46,-28,-24,64,3,Winner,recieves tone,858
616,617,PN Type C Cell,15,5,6,39,20,45,-25,-19,65,2,Loser,does not recieve tone,816
617,618,PN Type C Cell,11,3,3,37,14,40,-26,-23,54,1,Loser,recieves tone,721
618,619,PN Type C Cell,10,1,0,39,11,39,-28,-28,50,1,Loser,does not recieve tone,711
619,620,PN Type C Cell,11,4,2,45,15,47,-32,-30,62,0,Loser,does not recieve tone,737
620,621,PN Type C Cell,7,4,5,55,11,60,-49,-44,71,1,Loser,does not recieve tone,870
621,622,PN Type C Cell,9,4,3,40,13,43,-30,-27,56,1,Winner,recieves tone,1085
622,623,PN Type C Cell,6,1,1,43,7,44,-37,-36,51,0,Loser,does not recieve tone,750
623,624,PN Type C Cell,7,7,2,50,14,52,-38,-36,66,2,Loser,recieves tone,828
624,625,PN Type C Cell,4,4,3,50,8,53,-45,-42,61,2,Loser,recieves tone,950
625,626,PN Type C Cell,8,4,2,50,12,52,-40,-38,64,0,Loser,recieves tone,977
626,627,PN Type C Cell,8,4,4,43,12,47,-35,-31,59,1,Loser,recieves tone,954
627,628,PN Type C Cell,15,2,3,56,17,59,-42,-39,76,1,Loser,recieves tone,855
628,629,PN Type C Cell,11,5,2,47,16,49,-33,-31,65,2,Winner,recieves tone,1087
629,630,PN Type C Cell,16,5,3,41,21,44,-23,-20,65,1,Loser,recieves tone,947
630,631,PN Type C Cell,18,2,4,51,20,55,-35,-31,75,1,Loser,recieves tone,764
631,632,PN Type C Cell,13,2,3,38,15,41,-26,-23,56,0,Loser,recieves tone,974
632,633,PN Type C Cell,8,8,0,42,16,42,-26,-26,58,3,Winner,recieves tone,757
633,634,PN Type C Cell,10,3,1,44,13,45,-32,-31,58,1,Loser,recieves tone,836
634,635,PN Type C Cell,14,3,0,45,17,45,-28,-28,62,1,Loser,recieves tone,849
635,636,PN Type C Cell,11,6,3,44,17,47,-30,-27,64,1,Loser,recieves tone,883
636,637,PN Type C Cell,12,3,3,43,15,46,-31,-28,61,1,Winner,does not recieve tone,858
637,638,PN Type C Cell,9,5,1,45,14,46,-32,-31,60,3,Loser,recieves tone,861
638,639,PN Type C Cell,15,8,2,52,23,54,-31,-29,77,2,Loser,recieves tone,911
639,640,PN Type C Cell,12,4,3,51,16,54,-38,-35,70,1,Loser,recieves tone,969
640,641,PN Type C Cell,16,7,4,44,23,48,-25,-21,71,1,Loser,does not recieve tone,1023
641,642,PN Type C Cell,10,2,5,43,12,48,-36,-31,60,2,Loser,recieves tone,843
642,643,PN Type C Cell,11,0,4,42,11,46,-35,-31,57,0,Loser,recieves tone,816
643,644,PN Type C Cell,9,0,2,32,9,34,-25,-23,43,0,Loser,does not recieve tone,809
644,645,PN Type C Cell,15,3,1,43,18,44,-26,-25,62,1,Loser,does not recieve tone,642
645,646,PN Type C Cell,10,8,0,47,18,47,-29,-29,65,3,Loser,does not recieve tone,847
646,647,PN Type C Cell,10,5,5,49,15,54,-39,-34,69,2,Loser,recieves tone,890
647,648,PN Type C Cell,7,4,2,36,11,38,-27,-25,49,1,Loser,recieves tone,931
648,649,PN Type C Cell,14,5,1,52,19,53,-34,-33,72,0,Loser,recieves tone,700
649,650,PN Type C Cell,13,4,3,48,17,51,-34,-31,68,0,Loser,recieves tone,968
650,651,PN Type C Cell,5,2,4,42,7,46,-39,-35,53,0,Loser,recieves tone,1001
651,652,PN Type C Cell,15,9,4,47,24,51,-27,-23,75,1,Loser,recieves tone,807
652,653,PN Type C Cell,13,3,6,54,16,60,-44,-38,76,2,Loser,recieves tone,971
653,654,PN Type C Cell,9,6,4,39,15,43,-28,-24,58,0,Winner,does not recieve tone,1062
654,655,PN Type C Cell,5,6,2,37,11,39,-28,-26,50,2,Loser,does not recieve tone,754
655,656,PN Type C Cell,13,6,5,43,19,48,-29,-24,67,1,Winner,recieves tone,687
656,657,PN Type C Cell,8,3,2,49,11,51,-40,-38,62,0,Loser,recieves tone,852
657,658,PN Type C Cell,8,2,2,48,10,50,-40,-38,60,1,Loser,recieves tone,953
658,659,PN Type C Cell,13,2,5,34,15,39,-24,-19,54,0,Loser,recieves tone,951
659,660,PN Type C Cell,11,5,2,46,16,48,-32,-30,64,0,Loser,recieves tone,645
660,661,PN Type C Cell,8,4,3,44,12,47,-35,-32,59,2,Loser,does not recieve tone,921
661,662,PN Type C Cell,7,2,4,42,9,46,-37,-33,55,0,Loser,recieves tone,839
662,663,PN Type C Cell,13,3,0,38,16,38,-22,-22,54,1,Loser,recieves tone,829
663,664,PN Type C Cell,15,6,2,49,21,51,-30,-28,72,1,Winner,recieves tone,750
664,665,PN Type C Cell,11,3,2,49,14,51,-37,-35,65,0,Loser,recieves tone,967
665,666,PN Type C Cell,6,6,3,48,12,51,-39,-36,63,2,Loser,recieves tone,936
666,667,PN Type C Cell,8,3,5,51,11,56,-45,-40,67,1,Loser,does not recieve tone,940
667,668,PN Type C Cell,15,5,6,50,20,56,-36,-30,76,0,Loser,recieves tone,984
668,669,PN Type C Cell,9,4,0,54,13,54,-41,-41,67,1,Loser,recieves tone,994
669,670,PN Type C Cell,12,4,3,47,16,50,-34,-31,66,1,Loser,does not recieve tone,1054
670,671,PN Type C Cell,10,2,10,42,12,52,-40,-30,64,0,Loser,does not recieve tone,957
671,672,PN Type C Cell,16,4,2,41,20,43,-23,-21,63,3,Winner,recieves tone,801
672,673,PN Type C Cell,10,3,6,54,13,60,-47,-41,73,0,Loser,recieves tone,803
673,674,PN Type C Cell,10,6,7,41,16,48,-32,-25,64,3,Loser,recieves tone,1095
674,675,PN Type C Cell,10,9,1,41,19,42,-23,-22,61,3,Winner,recieves tone,777
675,676,PN Type C Cell,11,5,3,49,16,52,-36,-33,68,2,Loser,recieves tone,774
676,677,PN Type C Cell,8,3,4,45,11,49,-38,-34,60,1,Loser,recieves tone,956
677,678,PN Type C Cell,7,6,2,50,13,52,-39,-37,65,1,Loser,recieves tone,878
678,679,PN Type C Cell,8,2,1,53,10,54,-44,-43,64,1,Winner,does not recieve tone,983
679,680,PN Type C Cell,15,3,5,47,18,52,-34,-29,70,0,Loser,does not recieve tone,1003
680,681,PN Type C Cell,9,4,1,35,13,36,-23,-22,49,2,Loser,recieves tone,917
681,682,PN Type C Cell,6,0,3,48,6,51,-45,-42,57,0,Loser,does not recieve tone,698
682,683,PN Type C Cell,10,2,3,45,12,48,-36,-33,60,0,Loser,recieves tone,926
683,684,PN Type C Cell,12,4,2,38,16,40,-24,-22,56,1,Winner,recieves tone,894
684,685,PN Type C Cell,10,7,4,39,17,43,-26,-22,60,2,Winner,does not recieve tone,753
685,686,PN Type C Cell,14,9,2,43,23,45,-22,-20,68,3,Loser,recieves tone,752
686,687,PN Type C Cell,16,3,2,36,19,38,-19,-17,57,1,Loser,does not recieve tone,856
687,688,PN Type C Cell,10,4,4,48,14,52,-38,-34,66,3,Loser,recieves tone,730
688,689,PN Type C Cell,11,8,4,49,19,53,-34,-30,72,4,Winner,does not recieve tone,968
689,690,PN Type C Cell,15,7,3,44,22,47,-25,-22,69,2,Winner,does not recieve tone,987
690,691,PN Type C Cell,5,2,1,45,7,46,-39,-38,53,0,Loser,does not recieve tone,858
691,692,PN Type C Cell,6,4,1,39,10,40,-30,-29,50,1,Loser,recieves tone,852
692,693,PN Type C Cell,13,3,7,44,16,51,-35,-28,67,0,Loser,recieves tone,740
693,694,PN Type C Cell,13,2,5,42,15,47,-32,-27,62,1,Winner,recieves tone,902
694,695,PN Type C Cell,11,3,5,49,14,54,-40,-35,68,1,Loser,does not recieve tone,844
695,696,PN Type C Cell,16,4,5,46,20,51,-31,-26,71,1,Winner,does not recieve tone,1001
696,697,PN Type C Cell,10,4,7,44,14,51,-37,-30,65,2,Loser,recieves tone,867
697,698,PN Type C Cell,13,2,4,46,15,50,-35,-31,65,1,Loser,does not recieve tone,852
698,699,PN Type C Cell,15,5,2,48,20,50,-30,-28,70,2,Winner,recieves tone,909
699,700,PN Type C Cell,6,5,6,49,11,55,-44,-38,66,2,Loser,recieves tone,905
700,701,PN Type C Cell,16,5,4,57,21,61,-40,-36,82,0,Loser,recieves tone,999
701,702,PN Type C Cell,11,4,3,41,15,44,-29,-26,59,1,Loser,recieves tone,1089
702,703,PN Type C Cell,9,4,4,50,13,54,-41,-37,67,0,Loser,does not recieve tone,794
703,704,PN Type C Cell,12,5,1,47,17,48,-31,-30,65,3,Winner,recieves tone,961
704,705,PN Type C Cell,9,3,4,47,12,51,-39,-35,63,1,Loser,recieves tone,931
705,706,PN Type C Cell,9,6,3,39,15,42,-27,-24,57,3,Winner,recieves tone,900
706,707,PN Type C Cell,6,5,5,58,11,63,-52,-47,74,3,Loser,recieves tone,775
707,708,PN Type C Cell,12,4,4,44,16,48,-32,-28,64,2,Winner,recieves tone,1119
708,709,PN Type C Cell,12,6,2,45,18,47,-29,-27,65,1,Winner,does not recieve tone,857
709,710,PN Type C Cell,7,6,3,39,13,42,-29,-26,55,4,Loser,recieves tone,850
710,711,PN Type C Cell,14,2,0,49,16,49,-33,-33,65,0,Loser,recieves tone,737
711,712,PN Type C Cell,11,4,2,40,15,42,-27,-25,57,1,Winner,does not recieve tone,951
712,713,PN Type C Cell,4,2,4,55,6,59,-53,-49,65,1,Loser,recieves tone,779
713,714,PN Type C Cell,8,4,4,52,12,56,-44,-40,68,1,Winner,does not recieve tone,1068
714,715,PN Type C Cell,15,5,5,46,20,51,-31,-26,71,3,Loser,does not recieve tone,1033
715,716,PN Type C Cell,15,4,2,47,19,49,-30,-28,68,1,Winner,recieves tone,880
716,717,PN Type C Cell,4,5,3,43,9,46,-37,-34,55,0,Loser,recieves tone,930
717,718,PN Type C Cell,8,3,4,48,11,52,-41,-37,63,1,Loser,recieves tone,835
718,719,PN Type C Cell,9,7,4,48,16,52,-36,-32,68,3,Loser,recieves tone,938
719,720,PN Type C Cell,9,9,5,49,18,54,-36,-31,72,3,Winner,recieves tone,967
720,721,PN Type C Cell,11,3,6,50,14,56,-42,-36,70,1,Loser,recieves tone,951
721,722,PN Type C Cell,12,6,4,46,18,50,-32,-28,68,3,Winner,recieves tone,1003
722,723,PN Type C Cell,12,1,2,43,13,45,-32,-30,58,0,Loser,recieves tone,892
723,724,PN Type C Cell,6,7,2,50,13,52,-39,-37,65,2,Loser,does not recieve tone,848
724,725,PN Type C Cell,12,6,8,43,18,51,-33,-25,69,2,Loser,recieves tone,947
725,726,PN Type C Cell,9,2,3,39,11,42,-31,-28,53,0,Loser,does not recieve tone,838
726,727,PN Type C Cell,9,3,3,51,12,54,-42,-39,66,0,Loser,recieves tone,758
727,728,PN Type C Cell,7,4,5,46,11,51,-40,-35,62,3,Winner,recieves tone,965
728,729,PN Type C Cell,12,4,1,30,16,31,-15,-14,47,1,Loser,recieves tone,938
729,730,PN Type C Cell,12,3,3,39,15,42,-27,-24,57,1,Loser,recieves tone,587
730,731,PN Type C Cell,12,5,2,43,17,45,-28,-26,62,2,Winner,recieves tone,789
731,732,PN Type C Cell,19,2,2,32,21,34,-13,-11,55,1,Loser,does not recieve tone,902
732,733,PN Type C Cell,7,5,2,55,12,57,-45,-43,69,1,Loser,recieves tone,606
733,734,PN Type C Cell,12,2,3,44,14,47,-33,-30,61,0,Loser,recieves tone,1099
734,735,PN Type C Cell,8,2,1,42,10,43,-33,-32,53,2,Loser,does not recieve tone,883
735,736,PN Type C Cell,12,5,4,48,17,52,-35,-31,69,2,Winner,does not recieve tone,827
736,737,PN Type C Cell,12,2,2,46,14,48,-34,-32,62,1,Loser,recieves tone,966
737,738,PN Type C Cell,10,3,3,36,13,39,-26,-23,52,1,Winner,recieves tone,915
738,739,PN Type C Cell,13,7,5,53,20,58,-38,-33,78,3,Loser,recieves tone,702
739,740,PN Type C Cell,10,3,3,52,13,55,-42,-39,68,1,Winner,recieves tone,1012
740,741,PN Type C Cell,13,4,9,47,17,56,-39,-30,73,0,Loser,does not recieve tone,988
741,742,PN Type C Cell,11,7,5,47,18,52,-34,-29,70,1,Loser,recieves tone,941
742,743,PN Type C Cell,6,7,2,33,13,35,-22,-20,48,1,Winner,recieves tone,904
743,744,PN Type C Cell,8,2,5,45,10,50,-40,-35,60,1,Loser,recieves tone,611
744,745,PN Type C Cell,11,5,6,47,16,53,-37,-31,69,1,Winner,does not recieve tone,879
745,746,PN Type C Cell,8,7,4,42,15,46,-31,-27,61,2,Winner,does not recieve tone,923
746,747,PN Type C Cell,13,4,4,49,17,53,-36,-32,70,1,Loser,recieves tone,837
747,748,PN Type C Cell,13,7,4,48,20,52,-32,-28,72,3,Winner,does not recieve tone,928
748,749,PN Type C Cell,9,2,5,43,11,48,-37,-32,59,1,Loser,recieves tone,935
749,750,PN Type C Cell,12,5,4,46,17,50,-33,-29,67,2,Loser,recieves tone,808
750,751,PN Type C Cell,15,8,5,49,23,54,-31,-26,77,2,Loser,recieves tone,907
751,752,PN Type C Cell,17,3,2,54,20,56,-36,-34,76,1,Loser,recieves tone,961
752,753,PN Type C Cell,10,5,5,45,15,50,-35,-30,65,3,Winner,recieves tone,1069
753,754,PN Type C Cell,5,4,1,43,9,44,-35,-34,53,0,Loser,recieves tone,899
754,755,PN Type C Cell,11,4,3,42,15,45,-30,-27,60,0,Loser,recieves tone,835
755,756,PN Type C Cell,7,7,1,46,14,47,-33,-32,61,1,Loser,recieves tone,846
756,757,PN Type C Cell,10,1,3,42,11,45,-34,-31,56,0,Loser,recieves tone,898
757,758,PN Type C Cell,15,6,3,45,21,48,-27,-24,69,2,Loser,recieves tone,813
758,759,PN Type C Cell,10,4,1,41,14,42,-28,-27,56,1,Loser,recieves tone,864
759,760,PN Type C Cell,13,6,3,46,19,49,-30,-27,68,2,Winner,recieves tone,803
760,761,PN Type C Cell,8,4,4,40,12,44,-32,-28,56,1,Winner,recieves tone,885
761,762,PN Type C Cell,4,3,2,49,7,51,-44,-42,58,1,Loser,recieves tone,775
762,763,PN Type C Cell,10,5,3,38,15,41,-26,-23,56,1,Winner,recieves tone,969
763,764,PN Type C Cell,13,1,5,43,14,48,-34,-29,62,0,Loser,recieves tone,734
764,765,PN Type C Cell,16,3,2,44,19,46,-27,-25,65,0,Loser,does not recieve tone,822
765,766,PN Type C Cell,6,5,2,41,11,43,-32,-30,54,1,Loser,does not recieve tone,869
766,767,PN Type C Cell,10,5,6,51,15,57,-42,-36,72,1,Winner,does not recieve tone,760
767,768,PN Type C Cell,13,3,2,47,16,49,-33,-31,65,0,Loser,recieves tone,991
768,769,PN Type C Cell,6,7,6,50,13,56,-43,-37,69,0,Loser,does not recieve tone,916
769,770,PN Type C Cell,7,7,3,42,14,45,-31,-28,59,2,Loser,recieves tone,972
770,771,PN Type C Cell,7,1,3,46,8,49,-41,-38,57,1,Loser,recieves tone,797
771,772,PN Type C Cell,15,9,4,43,24,47,-23,-19,71,6,Winner,recieves tone,872
772,773,PN Type C Cell,21,3,0,36,24,36,-12,-12,60,1,Winner,recieves tone,876
773,774,PN Type C Cell,8,5,2,45,13,47,-34,-32,60,1,Loser,recieves tone,687
774,775,PN Type C Cell,13,3,1,41,16,42,-26,-25,58,1,Loser,recieves tone,873
775,776,PN Type C Cell,17,5,2,47,22,49,-27,-25,71,3,Winner,recieves tone,810
776,777,PN Type C Cell,10,7,2,38,17,40,-23,-21,57,1,Winner,recieves tone,920
777,778,PN Type C Cell,7,6,2,54,13,56,-43,-41,69,1,Loser,recieves tone,775
778,779,PN Type C Cell,17,2,3,42,19,45,-26,-23,64,1,Loser,recieves tone,1027
779,780,PN Type C Cell,7,3,2,42,10,44,-34,-32,54,1,Loser,recieves tone,806
780,781,PN Type C Cell,9,3,4,40,12,44,-32,-28,56,0,Loser,does not recieve tone,815
781,782,PN Type C Cell,4,6,0,44,10,44,-34,-34,54,4,Winner,does not recieve tone,796
782,783,PN Type C Cell,8,4,3,49,12,52,-40,-37,64,1,Loser,recieves tone,868
783,784,PN Type C Cell,7,3,3,44,10,47,-37,-34,57,1,Loser,recieves tone,946
784,785,PN Type C Cell,5,5,8,44,10,52,-42,-34,62,5,Loser,recieves tone,901
785,786,PN Type C Cell,8,1,5,53,9,58,-49,-44,67,0,Loser,recieves tone,856
786,787,PN Type C Cell,12,7,2,43,19,45,-26,-24,64,2,Loser,recieves tone,1030
787,788,PN Type C Cell,10,6,2,44,16,46,-30,-28,62,1,Loser,does not recieve tone,842
788,789,PN Type C Cell,9,8,6,38,17,44,-27,-21,61,5,Winner,recieves tone,858
789,790,PN Type C Cell,10,6,2,46,16,48,-32,-30,64,1,Loser,recieves tone,741
790,791,PN Type C Cell,17,6,3,36,23,39,-16,-13,62,1,Winner,does not recieve tone,926
791,792,PN Type C Cell,8,4,7,46,12,53,-41,-34,65,1,Loser,recieves tone,708
792,793,PN Type C Cell,12,3,2,50,15,52,-37,-35,67,1,Loser,recieves tone,888
793,794,PN Type C Cell,9,4,2,35,13,37,-24,-22,50,2,Loser,recieves tone,957
794,795,PN Type C Cell,10,4,1,39,14,40,-26,-25,54,0,Loser,recieves tone,642
795,796,PN Type C Cell,9,2,3,37,11,40,-29,-26,51,1,Loser,recieves tone,751
796,797,PN Type C Cell,4,5,3,44,9,47,-38,-35,56,3,Loser,recieves tone,703
797,798,PN Type C Cell,13,3,3,41,16,44,-28,-25,60,1,Loser,does not recieve tone,903
798,799,PN Type C Cell,13,3,4,46,16,50,-34,-30,66,2,Loser,recieves tone,818
799,800,PV Cell,165,78,0,18,243,18,225,225,261,25,Loser,recieves tone,896
800,801,PV Cell,164,73,0,17,237,17,220,220,254,22,Loser,recieves tone,0
801,802,PV Cell,172,62,0,16,234,16,218,218,250,24,Loser,recieves tone,0
802,803,PV Cell,201,61,0,23,262,23,239,239,285,16,Loser,does not recieve tone,0
803,804,PV Cell,177,71,0,22,248,22,226,226,270,9,Loser,recieves tone,0
804,805,PV Cell,173,81,0,13,254,13,241,241,267,22,Loser,recieves tone,0
805,806,PV Cell,189,67,0,14,256,14,242,242,270,21,Loser,recieves tone,0
806,807,PV Cell,208,64,0,19,272,19,253,253,291,21,Loser,recieves tone,0
807,808,PV Cell,168,67,0,19,235,19,216,216,254,19,Loser,recieves tone,0
808,809,PV Cell,167,66,0,20,233,20,213,213,253,16,Loser,recieves tone,0
809,810,PV Cell,184,79,0,15,263,15,248,248,278,24,Loser,does not recieve tone,0
810,811,PV Cell,170,70,0,18,240,18,222,222,258,19,Loser,recieves tone,0
811,812,PV Cell,173,72,0,17,245,17,228,228,262,27,Loser,recieves tone,0
812,813,PV Cell,177,66,0,17,243,17,226,226,260,20,Loser,does not recieve tone,0
813,814,PV Cell,194,54,0,24,248,24,224,224,272,17,Loser,recieves tone,0
814,815,PV Cell,169,90,0,13,259,13,246,246,272,15,Loser,recieves tone,0
815,816,PV Cell,173,63,0,19,236,19,217,217,255,17,Loser,recieves tone,0
816,817,PV Cell,169,73,0,13,242,13,229,229,255,19,Loser,recieves tone,0
817,818,PV Cell,178,60,0,17,238,17,221,221,255,21,Loser,does not recieve tone,0
818,819,PV Cell,174,68,0,23,242,23,219,219,265,12,Loser,recieves tone,0
819,820,PV Cell,179,53,0,18,232,18,214,214,250,13,Loser,recieves tone,0
820,821,PV Cell,163,80,0,17,243,17,226,226,260,22,Loser,recieves tone,0
821,822,PV Cell,179,65,0,21,244,21,223,223,265,19,Loser,does not recieve tone,0
822,823,PV Cell,185,73,0,24,258,24,234,234,282,15,Loser,recieves tone,0
823,824,PV Cell,175,76,0,17,251,17,234,234,268,18,Loser,recieves tone,0
824,825,PV Cell,184,66,0,18,250,18,232,232,268,16,Loser,recieves tone,0
825,826,PV Cell,178,64,0,16,242,16,226,226,258,15,Loser,recieves tone,0
826,827,PV Cell,186,67,0,20,253,20,233,233,273,17,Loser,recieves tone,0
827,828,PV Cell,168,72,0,21,240,21,219,219,261,30,Loser,recieves tone,0
828,829,PV Cell,161,78,0,22,239,22,217,217,261,21,Loser,recieves tone,0
829,830,PV Cell,176,72,0,15,248,15,233,233,263,22,Loser,does not recieve tone,0
830,831,PV Cell,174,73,0,22,247,22,225,225,269,20,Loser,does not recieve tone,0
831,832,PV Cell,157,78,0,18,235,18,217,217,253,17,Loser,recieves tone,0
832,833,PV Cell,161,77,0,22,238,22,216,216,260,16,Loser,recieves tone,0
833,834,PV Cell,174,75,0,22,249,22,227,227,271,20,Loser,does not recieve tone,0
834,835,PV Cell,164,50,0,18,214,18,196,196,232,14,Loser,does not recieve tone,0
835,836,PV Cell,168,68,0,19,236,19,217,217,255,20,Loser,does not recieve tone,0
836,837,PV Cell,173,74,0,18,247,18,229,229,265,24,Loser,recieves tone,0
837,838,PV Cell,169,62,0,25,231,25,206,206,256,18,Loser,recieves tone,0
838,839,PV Cell,170,66,0,16,236,16,220,220,252,15,Loser,recieves tone,0
839,840,PV Cell,169,72,0,15,241,15,226,226,256,25,Loser,does not recieve tone,0
840,841,PV Cell,169,75,0,17,244,17,227,227,261,20,Loser,does not recieve tone,0
841,842,PV Cell,169,74,0,18,243,18,225,225,261,18,Loser,recieves tone,0
842,843,PV Cell,179,75,0,23,254,23,231,231,277,26,Loser,recieves tone,0
843,844,PV Cell,181,79,0,24,260,24,236,236,284,23,Loser,recieves tone,0
844,845,PV Cell,161,73,0,14,234,14,220,220,248,19,Loser,does not recieve tone,0
845,846,PV Cell,144,66,0,20,210,20,190,190,230,18,Loser,recieves tone,0
846,847,PV Cell,182,62,0,11,244,11,233,233,255,23,Loser,does not recieve tone,0
847,848,PV Cell,174,62,0,25,236,25,211,211,261,17,Loser,recieves tone,0
848,849,PV Cell,159,81,0,13,240,13,227,227,253,20,Loser,recieves tone,0
849,850,PV Cell,166,63,0,20,229,20,209,209,249,17,Loser,recieves tone,0
850,851,PV Cell,172,75,0,15,247,15,232,232,262,23,Loser,recieves tone,0
851,852,PV Cell,174,56,0,23,230,23,207,207,253,22,Loser,does not recieve tone,0
852,853,PV Cell,173,79,0,12,252,12,240,240,264,21,Loser,recieves tone,0
853,854,PV Cell,174,74,0,19,248,19,229,229,267,25,Loser,recieves tone,0
854,855,PV Cell,164,66,0,19,230,19,211,211,249,18,Loser,recieves tone,0
855,856,PV Cell,173,77,0,16,250,16,234,234,266,18,Loser,recieves tone,0
856,857,PV Cell,169,69,0,17,238,17,221,221,255,16,Loser,recieves tone,0
857,858,PV Cell,155,79,0,20,234,20,214,214,254,20,Loser,recieves tone,0
858,859,PV Cell,184,68,0,17,252,17,235,235,269,16,Loser,recieves tone,0
859,860,PV Cell,169,72,0,21,241,21,220,220,262,17,Loser,does not recieve tone,0
860,861,PV Cell,188,68,0,11,256,11,245,245,267,17,Loser,does not recieve tone,0
861,862,PV Cell,188,66,0,26,254,26,228,228,280,21,Loser,recieves tone,0
862,863,PV Cell,172,72,0,22,244,22,222,222,266,20,Loser,recieves tone,0
863,864,PV Cell,185,71,0,18,256,18,238,238,274,27,Loser,recieves tone,0
864,865,PV Cell,182,62,0,19,244,19,225,225,263,14,Loser,recieves tone,0
865,866,PV Cell,175,61,0,19,236,19,217,217,255,15,Loser,recieves tone,0
866,867,PV Cell,181,66,0,23,247,23,224,224,270,19,Loser,recieves tone,0
867,868,PV Cell,170,76,0,18,246,18,228,228,264,21,Loser,recieves tone,0
868,869,PV Cell,180,66,0,26,246,26,220,220,272,21,Loser,recieves tone,0
869,870,PV Cell,167,66,0,19,233,19,214,214,252,21,Loser,does not recieve tone,0
870,871,PV Cell,165,69,0,23,234,23,211,211,257,20,Loser,recieves tone,0
871,872,PV Cell,152,96,0,18,248,18,230,230,266,27,Loser,does not recieve tone,0
872,873,PV Cell,167,65,0,18,232,18,214,214,250,19,Loser,does not recieve tone,0
873,874,PV Cell,168,65,0,27,233,27,206,206,260,18,Loser,does not recieve tone,0
874,875,PV Cell,177,84,0,27,261,27,234,234,288,20,Loser,recieves tone,0
875,876,PV Cell,168,75,0,23,243,23,220,220,266,20,Loser,recieves tone,0
876,877,PV Cell,176,79,0,27,255,27,228,228,282,19,Loser,does not recieve tone,0
877,878,PV Cell,186,62,0,21,248,21,227,227,269,18,Loser,recieves tone,0
878,879,PV Cell,148,71,0,28,219,28,191,191,247,22,Loser,recieves tone,0
879,880,PV Cell,176,76,0,22,252,22,230,230,274,20,Loser,recieves tone,0
880,881,PV Cell,180,71,0,25,251,25,226,226,276,30,Loser,recieves tone,0
881,882,PV Cell,153,58,0,16,211,16,195,195,227,10,Loser,recieves tone,0
882,883,PV Cell,162,51,0,20,213,20,193,193,233,16,Loser,recieves tone,0
883,884,PV Cell,183,73,0,21,256,21,235,235,277,25,Loser,does not recieve tone,0
884,885,PV Cell,183,79,0,20,262,20,242,242,282,21,Loser,recieves tone,0
885,886,PV Cell,181,62,0,20,243,20,223,223,263,16,Loser,recieves tone,0
886,887,PV Cell,181,75,0,26,256,26,230,230,282,17,Loser,recieves tone,0
887,888,PV Cell,201,67,0,18,268,18,250,250,286,22,Loser,does not recieve tone,0
888,889,PV Cell,163,69,0,16,232,16,216,216,248,17,Loser,recieves tone,0
889,890,PV Cell,168,78,0,22,246,22,224,224,268,24,Loser,recieves tone,0
890,891,PV Cell,166,67,0,19,233,19,214,214,252,19,Loser,recieves tone,0
891,892,PV Cell,156,69,0,18,225,18,207,207,243,19,Loser,recieves tone,0
892,893,PV Cell,173,60,0,55,233,55,178,178,288,14,Loser,does not recieve tone,0
893,894,SOM Cell,164,70,0,50,234,50,184,184,284,22,Loser,does not recieve tone,0
894,895,SOM Cell,158,65,0,43,223,43,180,180,266,20,Loser,does not recieve tone,0
895,896,SOM Cell,193,63,0,50,256,50,206,206,306,17,Loser,does not recieve tone,0
896,897,SOM Cell,157,63,0,59,220,59,161,161,279,17,Loser,does not recieve tone,0
897,898,SOM Cell,167,78,0,51,245,51,194,194,296,19,Loser,does not recieve tone,0
898,899,SOM Cell,157,62,0,52,219,52,167,167,271,17,Loser,does not recieve tone,0
899,900,SOM Cell,176,63,0,56,239,56,183,183,295,10,Loser,does not recieve tone,0
900,901,SOM Cell,165,70,0,54,235,54,181,181,289,26,Loser,does not recieve tone,0
901,902,SOM Cell,151,64,0,53,215,53,162,162,268,19,Loser,does not recieve tone,0
902,903,SOM Cell,148,77,0,45,225,45,180,180,270,20,Loser,does not recieve tone,0
903,904,SOM Cell,165,64,0,59,229,59,170,170,288,19,Loser,does not recieve tone,0
904,905,SOM Cell,164,71,0,55,235,55,180,180,290,18,Loser,does not recieve tone,0
905,906,SOM Cell,177,69,0,49,246,49,197,197,295,18,Loser,does not recieve tone,0
906,907,SOM Cell,178,68,0,64,246,64,182,182,310,22,Loser,does not recieve tone,0
907,908,SOM Cell,177,79,0,55,256,55,201,201,311,24,Loser,does not recieve tone,0
908,909,SOM Cell,163,74,0,49,237,49,188,188,286,18,Loser,does not recieve tone,0
909,910,SOM Cell,194,79,0,58,273,58,215,215,331,24,Loser,does not recieve tone,0
910,911,SOM Cell,159,67,0,56,226,56,170,170,282,17,Loser,does not recieve tone,0
911,912,SOM Cell,172,62,0,46,234,46,188,188,280,14,Loser,does not recieve tone,0
912,913,SOM Cell,154,56,0,51,210,51,159,159,261,18,Loser,does not recieve tone,0
913,914,SOM Cell,177,65,0,52,242,52,190,190,294,16,Loser,does not recieve tone,0
914,915,SOM Cell,174,68,0,49,242,49,193,193,291,15,Loser,does not recieve tone,0
915,916,SOM Cell,177,75,0,56,252,56,196,196,308,18,Loser,does not recieve tone,0
916,917,SOM Cell,164,61,0,45,225,45,180,180,270,18,Loser,does not recieve tone,0
917,918,SOM Cell,160,71,0,56,231,56,175,175,287,22,Loser,does not recieve tone,0
918,919,SOM Cell,163,66,0,50,229,50,179,179,279,22,Loser,does not recieve tone,0
919,920,SOM Cell,171,62,0,51,233,51,182,182,284,17,Loser,does not recieve tone,0
920,921,SOM Cell,155,78,0,48,233,48,185,185,281,19,Loser,does not recieve tone,0
921,922,SOM Cell,177,64,0,41,241,41,200,200,282,22,Loser,does not recieve tone,0
922,923,SOM Cell,174,66,0,56,240,56,184,184,296,14,Loser,does not recieve tone,0
923,924,SOM Cell,159,68,0,47,227,47,180,180,274,14,Loser,does not recieve tone,0
924,925,SOM Cell,172,73,0,57,245,57,188,188,302,25,Loser,does not recieve tone,0
925,926,SOM Cell,189,66,0,53,255,53,202,202,308,16,Loser,does not recieve tone,0
926,927,SOM Cell,159,62,0,50,221,50,171,171,271,19,Loser,does not recieve tone,0
927,928,SOM Cell,170,76,0,53,246,53,193,193,299,29,Loser,does not recieve tone,0
928,929,SOM Cell,158,72,0,53,230,53,177,177,283,20,Loser,does not recieve tone,0
929,930,SOM Cell,159,67,0,53,226,53,173,173,279,23,Loser,does not recieve tone,0
930,931,SOM Cell,174,74,0,49,248,49,199,199,297,20,Loser,does not recieve tone,0
931,932,SOM Cell,175,66,0,52,241,52,189,189,293,18,Loser,does not recieve tone,0
932,933,SOM Cell,151,55,0,46,206,46,160,160,252,21,Loser,does not recieve tone,0
933,934,SOM Cell,167,65,0,51,232,51,181,181,283,18,Loser,does not recieve tone,0
934,935,SOM Cell,173,71,0,53,244,53,191,191,297,18,Loser,does not recieve tone,0
935,936,SOM Cell,154,71,0,44,225,44,181,181,269,17,Loser,does not recieve tone,0
936,937,SOM Cell,200,65,0,37,265,37,228,228,302,26,Loser,does not recieve tone,0
937,938,SOM Cell,177,65,0,52,242,52,190,190,294,17,Loser,does not recieve tone,0
938,939,SOM Cell,164,70,0,48,234,48,186,186,282,20,Loser,does not recieve tone,0
939,940,SOM Cell,143,73,0,48,216,48,168,168,264,21,Loser,does not recieve tone,0
940,941,SOM Cell,163,71,0,47,234,47,187,187,281,22,Loser,does not recieve tone,0
941,942,SOM Cell,165,75,0,50,240,50,190,190,290,16,Loser,does not recieve tone,0
942,943,SOM Cell,159,60,0,47,219,47,172,172,266,19,Loser,does not recieve tone,0
