,cell id,Cell Type,PN_A Convergence,PN_C Convergence,SOM Convergence,PV Convergence,Total Exc Convergence,Total Inh Convergence,Net Exc,net Exc only PV
0,0,PN Type A Cell,52,15,34,33,67,67,0,34
1,1,PN Type A Cell,45,14,42,34,59,76,-17,25
2,2,PN Type A Cell,45,14,31,33,59,64,-5,26
3,3,PN Type A Cell,56,18,36,32,74,68,6,42
4,4,PN Type A Cell,49,13,38,35,62,73,-11,27
5,5,PN Type A Cell,43,21,37,38,64,75,-11,26
6,6,PN Type A Cell,47,12,46,39,59,85,-26,20
7,7,PN Type A Cell,61,26,34,38,87,72,15,49
8,8,PN Type A Cell,37,20,31,46,57,77,-20,11
9,9,PN Type A Cell,43,17,37,38,60,75,-15,22
10,10,PN Type A Cell,41,15,31,33,56,64,-8,23
11,11,PN Type A Cell,41,11,32,37,52,69,-17,15
12,12,PN Type A Cell,48,24,39,36,72,75,-3,36
13,13,PN Type A Cell,43,17,32,31,60,63,-3,29
14,14,PN Type A Cell,66,18,33,43,84,76,8,41
15,15,PN Type A Cell,51,24,41,41,75,82,-7,34
16,16,PN Type A Cell,39,30,46,42,69,88,-19,27
17,17,PN Type A Cell,49,19,37,29,68,66,2,39
18,18,PN Type A Cell,51,16,39,42,67,81,-14,25
19,19,PN Type A Cell,53,18,36,43,71,79,-8,28
20,20,PN Type A Cell,43,12,43,32,55,75,-20,23
21,21,PN Type A Cell,48,27,36,32,75,68,7,43
22,22,PN Type A Cell,44,17,49,33,61,82,-21,28
23,23,PN Type A Cell,46,24,41,36,70,77,-7,34
24,24,PN Type A Cell,53,24,49,38,77,87,-10,39
25,25,PN Type A Cell,42,18,49,36,60,85,-25,24
26,26,PN Type A Cell,54,24,43,34,78,77,1,44
27,27,PN Type A Cell,52,20,38,36,72,74,-2,36
28,28,PN Type A Cell,39,20,37,36,59,73,-14,23
29,29,PN Type A Cell,49,19,41,31,68,72,-4,37
30,30,PN Type A Cell,37,15,27,42,52,69,-17,10
31,31,PN Type A Cell,46,18,40,35,64,75,-11,29
32,32,PN Type A Cell,39,25,37,30,64,67,-3,34
33,33,PN Type A Cell,43,11,38,38,54,76,-22,16
34,34,PN Type A Cell,42,21,46,37,63,83,-20,26
35,35,PN Type A Cell,47,19,41,38,66,79,-13,28
36,36,PN Type A Cell,45,20,33,32,65,65,0,33
37,37,PN Type A Cell,54,20,39,38,74,77,-3,36
38,38,PN Type A Cell,61,23,46,37,84,83,1,47
39,39,PN Type A Cell,44,18,44,32,62,76,-14,30
40,40,PN Type A Cell,44,15,35,37,59,72,-13,22
41,41,PN Type A Cell,49,17,34,38,66,72,-6,28
42,42,PN Type A Cell,56,23,28,33,79,61,18,46
43,43,PN Type A Cell,34,14,47,28,48,75,-27,20
44,44,PN Type A Cell,38,29,34,30,67,64,3,37
45,45,PN Type A Cell,38,17,32,34,55,66,-11,21
46,46,PN Type A Cell,48,21,36,30,69,66,3,39
47,47,PN Type A Cell,45,28,45,30,73,75,-2,43
48,48,PN Type A Cell,43,18,40,36,61,76,-15,25
49,49,PN Type A Cell,42,33,40,39,75,79,-4,36
50,50,PN Type A Cell,56,14,35,36,70,71,-1,34
51,51,PN Type A Cell,36,30,37,34,66,71,-5,32
52,52,PN Type A Cell,53,22,38,35,75,73,2,40
53,53,PN Type A Cell,43,13,26,38,56,64,-8,18
54,54,PN Type A Cell,50,22,32,48,72,80,-8,24
55,55,PN Type A Cell,35,23,40,34,58,74,-16,24
56,56,PN Type A Cell,40,16,27,43,56,70,-14,13
57,57,PN Type A Cell,43,17,45,33,60,78,-18,27
58,58,PN Type A Cell,49,15,38,25,64,63,1,39
59,59,PN Type A Cell,51,15,24,38,66,62,4,28
60,60,PN Type A Cell,50,21,27,36,71,63,8,35
61,61,PN Type A Cell,59,30,38,39,89,77,12,50
62,62,PN Type A Cell,37,15,42,52,52,94,-42,0
63,63,PN Type A Cell,45,13,41,35,58,76,-18,23
64,64,PN Type A Cell,38,19,24,27,57,51,6,30
65,65,PN Type A Cell,50,18,33,41,68,74,-6,27
66,66,PN Type A Cell,50,13,31,35,63,66,-3,28
67,67,PN Type A Cell,47,13,33,37,60,70,-10,23
68,68,PN Type A Cell,47,20,35,37,67,72,-5,30
69,69,PN Type A Cell,38,24,29,35,62,64,-2,27
70,70,PN Type A Cell,33,15,39,28,48,67,-19,20
71,71,PN Type A Cell,46,17,41,34,63,75,-12,29
72,72,PN Type A Cell,45,21,46,32,66,78,-12,34
73,73,PN Type A Cell,28,17,38,31,45,69,-24,14
74,74,PN Type A Cell,48,17,39,37,65,76,-11,28
75,75,PN Type A Cell,38,17,35,36,55,71,-16,19
76,76,PN Type A Cell,47,15,33,33,62,66,-4,29
77,77,PN Type A Cell,46,16,33,36,62,69,-7,26
78,78,PN Type A Cell,49,16,38,27,65,65,0,38
79,79,PN Type A Cell,43,20,34,36,63,70,-7,27
80,80,PN Type A Cell,33,15,39,40,48,79,-31,8
81,81,PN Type A Cell,57,19,46,31,76,77,-1,45
82,82,PN Type A Cell,39,20,36,34,59,70,-11,25
83,83,PN Type A Cell,59,15,33,35,74,68,6,39
84,84,PN Type A Cell,34,21,48,39,55,87,-32,16
85,85,PN Type A Cell,39,20,37,27,59,64,-5,32
86,86,PN Type A Cell,46,12,37,51,58,88,-30,7
87,87,PN Type A Cell,48,17,38,39,65,77,-12,26
88,88,PN Type A Cell,41,16,39,34,57,73,-16,23
89,89,PN Type A Cell,43,26,34,36,69,70,-1,33
90,90,PN Type A Cell,61,25,34,37,86,71,15,49
91,91,PN Type A Cell,51,22,45,32,73,77,-4,41
92,92,PN Type A Cell,53,17,28,30,70,58,12,40
93,93,PN Type A Cell,40,18,40,38,58,78,-20,20
94,94,PN Type A Cell,45,15,38,52,60,90,-30,8
95,95,PN Type A Cell,41,18,41,34,59,75,-16,25
96,96,PN Type A Cell,38,13,50,38,51,88,-37,13
97,97,PN Type A Cell,51,17,45,25,68,70,-2,43
98,98,PN Type A Cell,55,19,34,33,74,67,7,41
99,99,PN Type A Cell,49,14,42,50,63,92,-29,13
100,100,PN Type A Cell,54,16,32,33,70,65,5,37
101,101,PN Type A Cell,54,21,34,41,75,75,0,34
102,102,PN Type A Cell,44,28,26,39,72,65,7,33
103,103,PN Type A Cell,37,19,40,25,56,65,-9,31
104,104,PN Type A Cell,39,13,47,35,52,82,-30,17
105,105,PN Type A Cell,48,13,41,33,61,74,-13,28
106,106,PN Type A Cell,30,17,33,31,47,64,-17,16
107,107,PN Type A Cell,34,18,32,41,52,73,-21,11
108,108,PN Type A Cell,45,23,41,39,68,80,-12,29
109,109,PN Type A Cell,51,25,33,28,76,61,15,48
110,110,PN Type A Cell,47,13,44,29,60,73,-13,31
111,111,PN Type A Cell,49,16,45,27,65,72,-7,38
112,112,PN Type A Cell,42,23,46,29,65,75,-10,36
113,113,PN Type A Cell,37,14,42,37,51,79,-28,14
114,114,PN Type A Cell,47,13,45,37,60,82,-22,23
115,115,PN Type A Cell,39,16,33,30,55,63,-8,25
116,116,PN Type A Cell,44,18,42,32,62,74,-12,30
117,117,PN Type A Cell,39,19,37,28,58,65,-7,30
118,118,PN Type A Cell,31,21,43,32,52,75,-23,20
119,119,PN Type A Cell,33,21,39,34,54,73,-19,20
120,120,PN Type A Cell,39,16,37,32,55,69,-14,23
121,121,PN Type A Cell,51,15,51,39,66,90,-24,27
122,122,PN Type A Cell,38,16,46,38,54,84,-30,16
123,123,PN Type A Cell,50,22,37,40,72,77,-5,32
124,124,PN Type A Cell,48,24,44,31,72,75,-3,41
125,125,PN Type A Cell,42,14,34,38,56,72,-16,18
126,126,PN Type A Cell,41,14,34,38,55,72,-17,17
127,127,PN Type A Cell,54,16,43,31,70,74,-4,39
128,128,PN Type A Cell,43,11,47,43,54,90,-36,11
129,129,PN Type A Cell,47,14,36,36,61,72,-11,25
130,130,PN Type A Cell,43,7,43,32,50,75,-25,18
131,131,PN Type A Cell,41,22,50,37,63,87,-24,26
132,132,PN Type A Cell,40,19,44,25,59,69,-10,34
133,133,PN Type A Cell,39,21,50,40,60,90,-30,20
134,134,PN Type A Cell,36,10,51,37,46,88,-42,9
135,135,PN Type A Cell,54,20,39,34,74,73,1,40
136,136,PN Type A Cell,50,18,34,30,68,64,4,38
137,137,PN Type A Cell,39,20,47,24,59,71,-12,35
138,138,PN Type A Cell,53,19,47,30,72,77,-5,42
139,139,PN Type A Cell,39,18,33,31,57,64,-7,26
140,140,PN Type A Cell,49,21,32,25,70,57,13,45
141,141,PN Type A Cell,53,20,43,24,73,67,6,49
142,142,PN Type A Cell,53,24,37,25,77,62,15,52
143,143,PN Type A Cell,62,24,42,34,86,76,10,52
144,144,PN Type A Cell,43,18,36,17,61,53,8,44
145,145,PN Type A Cell,36,20,37,42,56,79,-23,14
146,146,PN Type A Cell,36,26,36,26,62,62,0,36
147,147,PN Type A Cell,46,16,43,30,62,73,-11,32
148,148,PN Type A Cell,42,15,27,30,57,57,0,27
149,149,PN Type A Cell,60,20,32,34,80,66,14,46
150,150,PN Type A Cell,42,18,42,34,60,76,-16,26
151,151,PN Type A Cell,49,23,42,27,72,69,3,45
152,152,PN Type A Cell,52,12,35,38,64,73,-9,26
153,153,PN Type A Cell,54,19,40,26,73,66,7,47
154,154,PN Type A Cell,46,16,48,46,62,94,-32,16
155,155,PN Type A Cell,42,24,36,28,66,64,2,38
156,156,PN Type A Cell,46,23,42,29,69,71,-2,40
157,157,PN Type A Cell,61,20,46,29,81,75,6,52
158,158,PN Type A Cell,50,14,46,41,64,87,-23,23
159,159,PN Type A Cell,49,21,44,43,70,87,-17,27
160,160,PN Type A Cell,50,23,34,33,73,67,6,40
161,161,PN Type A Cell,37,15,45,35,52,80,-28,17
162,162,PN Type A Cell,42,17,41,32,59,73,-14,27
163,163,PN Type A Cell,46,22,32,32,68,64,4,36
164,164,PN Type A Cell,43,10,38,37,53,75,-22,16
165,165,PN Type A Cell,51,17,42,42,68,84,-16,26
166,166,PN Type A Cell,38,18,45,44,56,89,-33,12
167,167,PN Type A Cell,51,18,34,27,69,61,8,42
168,168,PN Type A Cell,45,18,37,28,63,65,-2,35
169,169,PN Type A Cell,51,13,39,30,64,69,-5,34
170,170,PN Type A Cell,39,22,47,30,61,77,-16,31
171,171,PN Type A Cell,38,16,44,34,54,78,-24,20
172,172,PN Type A Cell,50,19,22,47,69,69,0,22
173,173,PN Type A Cell,57,23,44,38,80,82,-2,42
174,174,PN Type A Cell,50,15,38,29,65,67,-2,36
175,175,PN Type A Cell,49,15,38,30,64,68,-4,34
176,176,PN Type A Cell,31,28,26,24,59,50,9,35
177,177,PN Type A Cell,47,23,37,33,70,70,0,37
178,178,PN Type A Cell,42,19,36,42,61,78,-17,19
179,179,PN Type A Cell,45,20,36,46,65,82,-17,19
180,180,PN Type A Cell,56,19,29,35,75,64,11,40
181,181,PN Type A Cell,38,19,34,32,57,66,-9,25
182,182,PN Type A Cell,51,13,40,36,64,76,-12,28
183,183,PN Type A Cell,52,29,42,30,81,72,9,51
184,184,PN Type A Cell,49,13,47,36,62,83,-21,26
185,185,PN Type A Cell,54,15,48,42,69,90,-21,27
186,186,PN Type A Cell,52,20,36,36,72,72,0,36
187,187,PN Type A Cell,46,20,39,43,66,82,-16,23
188,188,PN Type A Cell,44,17,39,40,61,79,-18,21
189,189,PN Type A Cell,40,24,35,26,64,61,3,38
190,190,PN Type A Cell,39,21,33,29,60,62,-2,31
191,191,PN Type A Cell,48,13,33,38,61,71,-10,23
192,192,PN Type A Cell,48,20,41,37,68,78,-10,31
193,193,PN Type A Cell,36,18,36,34,54,70,-16,20
194,194,PN Type A Cell,54,22,40,36,76,76,0,40
195,195,PN Type A Cell,44,20,40,38,64,78,-14,26
196,196,PN Type A Cell,48,16,40,27,64,67,-3,37
197,197,PN Type A Cell,44,21,47,31,65,78,-13,34
198,198,PN Type A Cell,51,22,37,21,73,58,15,52
199,199,PN Type A Cell,42,19,51,40,61,91,-30,21
200,200,PN Type A Cell,38,14,49,31,52,80,-28,21
201,201,PN Type A Cell,52,15,35,32,67,67,0,35
202,202,PN Type A Cell,51,19,42,40,70,82,-12,30
203,203,PN Type A Cell,42,16,41,30,58,71,-13,28
204,204,PN Type A Cell,47,22,34,34,69,68,1,35
205,205,PN Type A Cell,55,16,32,35,71,67,4,36
206,206,PN Type A Cell,48,18,27,33,66,60,6,33
207,207,PN Type A Cell,39,20,43,33,59,76,-17,26
208,208,PN Type A Cell,41,22,37,40,63,77,-14,23
209,209,PN Type A Cell,51,17,41,37,68,78,-10,31
210,210,PN Type A Cell,47,21,41,24,68,65,3,44
211,211,PN Type A Cell,51,17,52,40,68,92,-24,28
212,212,PN Type A Cell,46,20,39,30,66,69,-3,36
213,213,PN Type A Cell,39,22,50,30,61,80,-19,31
214,214,PN Type A Cell,45,18,36,31,63,67,-4,32
215,215,PN Type A Cell,48,19,31,44,67,75,-8,23
216,216,PN Type A Cell,46,17,37,31,63,68,-5,32
217,217,PN Type A Cell,52,20,40,35,72,75,-3,37
218,218,PN Type A Cell,44,20,36,40,64,76,-12,24
219,219,PN Type A Cell,41,23,50,35,64,85,-21,29
220,220,PN Type A Cell,56,20,37,36,76,73,3,40
221,221,PN Type A Cell,36,22,36,28,58,64,-6,30
222,222,PN Type A Cell,43,20,27,33,63,60,3,30
223,223,PN Type A Cell,44,26,37,37,70,74,-4,33
224,224,PN Type A Cell,45,19,48,32,64,80,-16,32
225,225,PN Type A Cell,48,16,31,32,64,63,1,32
226,226,PN Type A Cell,54,23,36,30,77,66,11,47
227,227,PN Type A Cell,57,28,41,32,85,73,12,53
228,228,PN Type A Cell,43,18,31,35,61,66,-5,26
229,229,PN Type A Cell,54,16,41,40,70,81,-11,30
230,230,PN Type A Cell,53,20,44,31,73,75,-2,42
231,231,PN Type A Cell,59,21,23,39,80,62,18,41
232,232,PN Type A Cell,45,19,53,36,64,89,-25,28
233,233,PN Type A Cell,53,10,41,38,63,79,-16,25
234,234,PN Type A Cell,55,17,26,41,72,67,5,31
235,235,PN Type A Cell,43,17,35,42,60,77,-17,18
236,236,PN Type A Cell,52,19,42,38,71,80,-9,33
237,237,PN Type A Cell,40,25,29,47,65,76,-11,18
238,238,PN Type A Cell,49,20,37,39,69,76,-7,30
239,239,PN Type A Cell,42,31,37,43,73,80,-7,30
240,240,PN Type A Cell,46,18,43,34,64,77,-13,30
241,241,PN Type A Cell,51,26,44,30,77,74,3,47
242,242,PN Type A Cell,49,20,34,26,69,60,9,43
243,243,PN Type A Cell,51,27,33,41,78,74,4,37
244,244,PN Type A Cell,48,16,33,49,64,82,-18,15
245,245,PN Type A Cell,48,21,27,41,69,68,1,28
246,246,PN Type A Cell,57,15,33,27,72,60,12,45
247,247,PN Type A Cell,46,14,43,34,60,77,-17,26
248,248,PN Type A Cell,42,18,44,24,60,68,-8,36
249,249,PN Type A Cell,45,13,45,36,58,81,-23,22
250,250,PN Type A Cell,59,22,32,40,81,72,9,41
251,251,PN Type A Cell,51,19,50,44,70,94,-24,26
252,252,PN Type A Cell,47,25,47,30,72,77,-5,42
253,253,PN Type A Cell,37,14,45,37,51,82,-31,14
254,254,PN Type A Cell,58,25,54,43,83,97,-14,40
255,255,PN Type A Cell,42,19,54,40,61,94,-33,21
256,256,PN Type A Cell,45,19,47,35,64,82,-18,29
257,257,PN Type A Cell,63,29,38,29,92,67,25,63
258,258,PN Type A Cell,43,21,47,34,64,81,-17,30
259,259,PN Type A Cell,51,11,53,40,62,93,-31,22
260,260,PN Type A Cell,39,19,42,45,58,87,-29,13
261,261,PN Type A Cell,47,24,33,34,71,67,4,37
262,262,PN Type A Cell,46,15,37,41,61,78,-17,20
263,263,PN Type A Cell,57,16,36,42,73,78,-5,31
264,264,PN Type A Cell,37,21,39,33,58,72,-14,25
265,265,PN Type A Cell,43,16,42,43,59,85,-26,16
266,266,PN Type A Cell,42,17,44,40,59,84,-25,19
267,267,PN Type A Cell,47,20,38,44,67,82,-15,23
268,268,PN Type A Cell,40,17,30,32,57,62,-5,25
269,269,PN Type A Cell,54,16,29,31,70,60,10,39
270,270,PN Type A Cell,49,14,37,36,63,73,-10,27
271,271,PN Type A Cell,51,26,39,35,77,74,3,42
272,272,PN Type A Cell,33,17,37,35,50,72,-22,15
273,273,PN Type A Cell,45,15,33,29,60,62,-2,31
274,274,PN Type A Cell,39,18,43,26,57,69,-12,31
275,275,PN Type A Cell,40,16,36,45,56,81,-25,11
276,276,PN Type A Cell,55,22,40,33,77,73,4,44
277,277,PN Type A Cell,44,25,35,33,69,68,1,36
278,278,PN Type A Cell,41,6,45,42,47,87,-40,5
279,279,PN Type A Cell,55,7,36,47,62,83,-21,15
280,280,PN Type A Cell,46,15,38,37,61,75,-14,24
281,281,PN Type A Cell,52,15,40,27,67,67,0,40
282,282,PN Type A Cell,47,18,35,31,65,66,-1,34
283,283,PN Type A Cell,43,19,44,40,62,84,-22,22
284,284,PN Type A Cell,44,14,36,40,58,76,-18,18
285,285,PN Type A Cell,45,14,42,35,59,77,-18,24
286,286,PN Type A Cell,44,17,35,44,61,79,-18,17
287,287,PN Type A Cell,52,18,36,28,70,64,6,42
288,288,PN Type A Cell,46,21,39,29,67,68,-1,38
289,289,PN Type A Cell,54,21,30,36,75,66,9,39
290,290,PN Type A Cell,43,12,31,31,55,62,-7,24
291,291,PN Type A Cell,50,18,42,37,68,79,-11,31
292,292,PN Type A Cell,46,22,43,40,68,83,-15,28
293,293,PN Type A Cell,60,24,34,34,84,68,16,50
294,294,PN Type A Cell,49,14,48,34,63,82,-19,29
295,295,PN Type A Cell,50,13,48,39,63,87,-24,24
296,296,PN Type A Cell,42,16,36,29,58,65,-7,29
297,297,PN Type A Cell,35,16,36,40,51,76,-25,11
298,298,PN Type A Cell,43,17,31,33,60,64,-4,27
299,299,PN Type A Cell,45,13,45,40,58,85,-27,18
300,300,PN Type A Cell,44,13,33,28,57,61,-4,29
301,301,PN Type A Cell,49,19,36,43,68,79,-11,25
302,302,PN Type A Cell,53,24,38,30,77,68,9,47
303,303,PN Type A Cell,47,22,30,32,69,62,7,37
304,304,PN Type A Cell,54,19,35,49,73,84,-11,24
305,305,PN Type A Cell,49,15,39,34,64,73,-9,30
306,306,PN Type A Cell,54,16,37,33,70,70,0,37
307,307,PN Type A Cell,47,22,42,34,69,76,-7,35
308,308,PN Type A Cell,41,14,37,45,55,82,-27,10
309,309,PN Type A Cell,41,16,42,33,57,75,-18,24
310,310,PN Type A Cell,58,22,24,37,80,61,19,43
311,311,PN Type A Cell,42,11,41,24,53,65,-12,29
312,312,PN Type A Cell,40,10,39,28,50,67,-17,22
313,313,PN Type A Cell,51,29,40,42,80,82,-2,38
314,314,PN Type A Cell,39,19,41,44,58,85,-27,14
315,315,PN Type A Cell,45,17,39,31,62,70,-8,31
316,316,PN Type A Cell,44,17,35,36,61,71,-10,25
317,317,PN Type A Cell,48,23,32,31,71,63,8,40
318,318,PN Type A Cell,56,26,37,28,82,65,17,54
319,319,PN Type A Cell,45,21,45,26,66,71,-5,40
320,320,PN Type A Cell,42,16,28,38,58,66,-8,20
321,321,PN Type A Cell,57,18,37,30,75,67,8,45
322,322,PN Type A Cell,39,22,33,39,61,72,-11,22
323,323,PN Type A Cell,36,23,37,41,59,78,-19,18
324,324,PN Type A Cell,37,23,41,29,60,70,-10,31
325,325,PN Type A Cell,50,20,44,35,70,79,-9,35
326,326,PN Type A Cell,31,22,46,44,53,90,-37,9
327,327,PN Type A Cell,38,23,43,39,61,82,-21,22
328,328,PN Type A Cell,36,19,41,25,55,66,-11,30
329,329,PN Type A Cell,45,22,43,30,67,73,-6,37
330,330,PN Type A Cell,39,25,31,48,64,79,-15,16
331,331,PN Type A Cell,48,15,40,29,63,69,-6,34
332,332,PN Type A Cell,39,18,41,38,57,79,-22,19
333,333,PN Type A Cell,40,17,37,30,57,67,-10,27
334,334,PN Type A Cell,45,22,30,32,67,62,5,35
335,335,PN Type A Cell,39,16,46,30,55,76,-21,25
336,336,PN Type A Cell,36,8,40,37,44,77,-33,7
337,337,PN Type A Cell,37,19,35,28,56,63,-7,28
338,338,PN Type A Cell,48,19,48,27,67,75,-8,40
339,339,PN Type A Cell,45,23,32,34,68,66,2,34
340,340,PN Type A Cell,47,20,36,38,67,74,-7,29
341,341,PN Type A Cell,43,22,47,38,65,85,-20,27
342,342,PN Type A Cell,44,22,34,37,66,71,-5,29
343,343,PN Type A Cell,47,19,41,28,66,69,-3,38
344,344,PN Type A Cell,52,16,35,38,68,73,-5,30
345,345,PN Type A Cell,44,13,42,34,57,76,-19,23
346,346,PN Type A Cell,42,24,32,35,66,67,-1,31
347,347,PN Type A Cell,40,22,42,37,62,79,-17,25
348,348,PN Type A Cell,32,18,39,48,50,87,-37,2
349,349,PN Type A Cell,44,18,32,39,62,71,-9,23
350,350,PN Type A Cell,40,17,38,38,57,76,-19,19
351,351,PN Type A Cell,43,32,38,37,75,75,0,38
352,352,PN Type A Cell,35,19,33,34,54,67,-13,20
353,353,PN Type A Cell,36,19,38,28,55,66,-11,27
354,354,PN Type A Cell,49,23,29,33,72,62,10,39
355,355,PN Type A Cell,28,23,35,25,51,60,-9,26
356,356,PN Type A Cell,50,18,36,20,68,56,12,48
357,357,PN Type A Cell,45,20,34,34,65,68,-3,31
358,358,PN Type A Cell,47,26,37,28,73,65,8,45
359,359,PN Type A Cell,61,22,40,43,83,83,0,40
360,360,PN Type A Cell,46,21,31,35,67,66,1,32
361,361,PN Type A Cell,51,18,39,36,69,75,-6,33
362,362,PN Type A Cell,57,13,44,29,70,73,-3,41
363,363,PN Type A Cell,45,12,37,39,57,76,-19,18
364,364,PN Type A Cell,59,21,41,30,80,71,9,50
365,365,PN Type A Cell,32,22,26,39,54,65,-11,15
366,366,PN Type A Cell,46,18,41,39,64,80,-16,25
367,367,PN Type A Cell,60,22,34,24,82,58,24,58
368,368,PN Type A Cell,47,17,39,48,64,87,-23,16
369,369,PN Type A Cell,40,18,35,32,58,67,-9,26
370,370,PN Type A Cell,45,20,47,40,65,87,-22,25
371,371,PN Type A Cell,44,18,39,38,62,77,-15,24
372,372,PN Type A Cell,38,25,40,39,63,79,-16,24
373,373,PN Type A Cell,36,17,39,33,53,72,-19,20
374,374,PN Type A Cell,28,12,44,33,40,77,-37,7
375,375,PN Type A Cell,55,15,36,36,70,72,-2,34
376,376,PN Type A Cell,37,16,33,37,53,70,-17,16
377,377,PN Type A Cell,49,23,42,40,72,82,-10,32
378,378,PN Type A Cell,38,12,37,39,50,76,-26,11
379,379,PN Type A Cell,49,19,35,35,68,70,-2,33
380,380,PN Type A Cell,42,19,33,35,61,68,-7,26
381,381,PN Type A Cell,56,15,34,31,71,65,6,40
382,382,PN Type A Cell,39,14,42,26,53,68,-15,27
383,383,PN Type A Cell,42,24,31,35,66,66,0,31
384,384,PN Type A Cell,38,17,26,30,55,56,-1,25
385,385,PN Type A Cell,44,23,33,39,67,72,-5,28
386,386,PN Type A Cell,40,22,43,35,62,78,-16,27
387,387,PN Type A Cell,39,20,39,34,59,73,-14,25
388,388,PN Type A Cell,34,14,54,37,48,91,-43,11
389,389,PN Type A Cell,32,16,41,23,48,64,-16,25
390,390,PN Type A Cell,44,15,31,33,59,64,-5,26
391,391,PN Type A Cell,50,20,39,42,70,81,-11,28
392,392,PN Type A Cell,38,27,37,45,65,82,-17,20
393,393,PN Type A Cell,49,19,34,30,68,64,4,38
394,394,PN Type A Cell,43,18,35,44,61,79,-18,17
395,395,PN Type A Cell,47,19,41,42,66,83,-17,24
396,396,PN Type A Cell,45,12,38,36,57,74,-17,21
397,397,PN Type A Cell,48,12,38,31,60,69,-9,29
398,398,PN Type A Cell,40,20,55,35,60,90,-30,25
399,399,PN Type A Cell,54,23,41,33,77,74,3,44
400,400,PN Type A Cell,54,33,40,35,87,75,12,52
401,401,PN Type A Cell,41,14,37,25,55,62,-7,30
402,402,PN Type A Cell,34,19,39,32,53,71,-18,21
403,403,PN Type A Cell,58,18,43,31,76,74,2,45
404,404,PN Type A Cell,59,16,33,40,75,73,2,35
405,405,PN Type A Cell,43,18,39,31,61,70,-9,30
406,406,PN Type A Cell,41,17,36,39,58,75,-17,19
407,407,PN Type A Cell,44,23,40,39,67,79,-12,28
408,408,PN Type A Cell,42,16,38,36,58,74,-16,22
409,409,PN Type A Cell,49,17,43,25,66,68,-2,41
410,410,PN Type A Cell,28,17,29,37,45,66,-21,8
411,411,PN Type A Cell,46,22,38,37,68,75,-7,31
412,412,PN Type A Cell,52,21,44,24,73,68,5,49
413,413,PN Type A Cell,41,18,31,31,59,62,-3,28
414,414,PN Type A Cell,31,12,38,31,43,69,-26,12
415,415,PN Type A Cell,42,15,41,39,57,80,-23,18
416,416,PN Type A Cell,61,16,46,33,77,79,-2,44
417,417,PN Type A Cell,40,23,28,32,63,60,3,31
418,418,PN Type A Cell,45,17,37,29,62,66,-4,33
419,419,PN Type A Cell,49,19,42,28,68,70,-2,40
420,420,PN Type A Cell,50,14,34,39,64,73,-9,25
421,421,PN Type A Cell,48,26,50,45,74,95,-21,29
422,422,PN Type A Cell,51,14,33,28,65,61,4,37
423,423,PN Type A Cell,45,22,28,38,67,66,1,29
424,424,PN Type A Cell,39,14,44,36,53,80,-27,17
425,425,PN Type A Cell,37,16,40,42,53,82,-29,11
426,426,PN Type A Cell,35,15,30,31,50,61,-11,19
427,427,PN Type A Cell,50,17,47,29,67,76,-9,38
428,428,PN Type A Cell,46,20,36,26,66,62,4,40
429,429,PN Type A Cell,54,18,30,32,72,62,10,40
430,430,PN Type A Cell,42,23,42,40,65,82,-17,25
431,431,PN Type A Cell,38,22,39,37,60,76,-16,23
432,432,PN Type A Cell,51,15,44,34,66,78,-12,32
433,433,PN Type A Cell,39,20,39,41,59,80,-21,18
434,434,PN Type A Cell,48,17,46,36,65,82,-17,29
435,435,PN Type A Cell,57,22,40,37,79,77,2,42
436,436,PN Type A Cell,45,28,40,27,73,67,6,46
437,437,PN Type A Cell,42,17,37,37,59,74,-15,22
438,438,PN Type A Cell,50,20,37,37,70,74,-4,33
439,439,PN Type A Cell,49,20,45,38,69,83,-14,31
440,440,PN Type A Cell,36,19,37,40,55,77,-22,15
441,441,PN Type A Cell,33,18,34,35,51,69,-18,16
442,442,PN Type A Cell,39,16,34,41,55,75,-20,14
443,443,PN Type A Cell,43,22,37,40,65,77,-12,25
444,444,PN Type A Cell,47,13,28,45,60,73,-13,15
445,445,PN Type A Cell,52,27,35,40,79,75,4,39
446,446,PN Type A Cell,45,19,43,37,64,80,-16,27
447,447,PN Type A Cell,50,25,37,37,75,74,1,38
448,448,PN Type A Cell,36,17,35,39,53,74,-21,14
449,449,PN Type A Cell,39,22,40,44,61,84,-23,17
450,450,PN Type A Cell,49,13,38,37,62,75,-13,25
451,451,PN Type A Cell,41,18,41,31,59,72,-13,28
452,452,PN Type A Cell,55,12,40,39,67,79,-12,28
453,453,PN Type A Cell,53,21,42,27,74,69,5,47
454,454,PN Type A Cell,40,18,37,36,58,73,-15,22
455,455,PN Type A Cell,36,16,37,33,52,70,-18,19
456,456,PN Type A Cell,46,23,41,41,69,82,-13,28
457,457,PN Type A Cell,60,20,37,39,80,76,4,41
458,458,PN Type A Cell,42,18,41,33,60,74,-14,27
459,459,PN Type A Cell,41,25,33,34,66,67,-1,32
460,460,PN Type A Cell,39,23,40,32,62,72,-10,30
461,461,PN Type A Cell,53,21,38,41,74,79,-5,33
462,462,PN Type A Cell,46,17,41,31,63,72,-9,32
463,463,PN Type A Cell,43,17,35,24,60,59,1,36
464,464,PN Type A Cell,47,24,43,36,71,79,-8,35
465,465,PN Type A Cell,59,11,30,34,70,64,6,36
466,466,PN Type A Cell,40,23,45,27,63,72,-9,36
467,467,PN Type A Cell,39,15,43,27,54,70,-16,27
468,468,PN Type A Cell,42,23,31,37,65,68,-3,28
469,469,PN Type A Cell,53,21,46,38,74,84,-10,36
470,470,PN Type A Cell,45,15,36,32,60,68,-8,28
471,471,PN Type A Cell,58,25,54,43,83,97,-14,40
472,472,PN Type A Cell,57,15,35,21,72,56,16,51
473,473,PN Type A Cell,32,20,44,34,52,78,-26,18
474,474,PN Type A Cell,50,21,35,37,71,72,-1,34
475,475,PN Type A Cell,47,11,45,31,58,76,-18,27
476,476,PN Type A Cell,43,18,41,42,61,83,-22,19
477,477,PN Type A Cell,41,19,34,35,60,69,-9,25
478,478,PN Type A Cell,40,23,34,38,63,72,-9,25
479,479,PN Type A Cell,44,12,45,46,56,91,-35,10
480,480,PN Type A Cell,47,19,41,31,66,72,-6,35
481,481,PN Type A Cell,47,14,42,30,61,72,-11,31
482,482,PN Type A Cell,47,18,47,42,65,89,-24,23
483,483,PN Type A Cell,38,18,41,33,56,74,-18,23
484,484,PN Type A Cell,40,16,41,39,56,80,-24,17
485,485,PN Type A Cell,36,25,43,32,61,75,-14,29
486,486,PN Type A Cell,45,16,43,42,61,85,-24,19
487,487,PN Type A Cell,48,7,37,42,55,79,-24,13
488,488,PN Type A Cell,45,19,37,32,64,69,-5,32
489,489,PN Type A Cell,42,17,36,27,59,63,-4,32
490,490,PN Type A Cell,44,17,45,34,61,79,-18,27
491,491,PN Type A Cell,37,13,46,33,50,79,-29,17
492,492,PN Type A Cell,32,20,34,45,52,79,-27,7
493,493,PN Type A Cell,42,25,40,30,67,70,-3,37
494,494,PN Type A Cell,45,21,35,33,66,68,-2,33
495,495,PN Type A Cell,58,16,25,35,74,60,14,39
496,496,PN Type A Cell,41,22,46,39,63,85,-22,24
497,497,PN Type A Cell,54,19,36,28,73,64,9,45
498,498,PN Type A Cell,34,18,41,35,52,76,-24,17
499,499,PN Type A Cell,41,21,49,33,62,82,-20,29
500,500,PN Type A Cell,39,16,44,27,55,71,-16,28
501,501,PN Type A Cell,42,17,33,43,59,76,-17,16
502,502,PN Type A Cell,45,18,32,38,63,70,-7,25
503,503,PN Type A Cell,53,18,39,35,71,74,-3,36
504,504,PN Type A Cell,45,18,47,42,63,89,-26,21
505,505,PN Type A Cell,48,21,34,38,69,72,-3,31
506,506,PN Type A Cell,32,21,48,33,53,81,-28,20
507,507,PN Type A Cell,47,16,26,38,63,64,-1,25
508,508,PN Type A Cell,45,10,35,36,55,71,-16,19
509,509,PN Type A Cell,44,22,29,20,66,49,17,46
510,510,PN Type A Cell,48,19,44,52,67,96,-29,15
511,511,PN Type A Cell,53,24,42,32,77,74,3,45
512,512,PN Type A Cell,49,19,40,27,68,67,1,41
513,513,PN Type A Cell,45,15,36,30,60,66,-6,30
514,514,PN Type A Cell,44,12,39,36,56,75,-19,20
515,515,PN Type A Cell,42,15,41,32,57,73,-16,25
516,516,PN Type A Cell,47,23,30,38,70,68,2,32
517,517,PN Type A Cell,48,22,41,34,70,75,-5,36
518,518,PN Type A Cell,50,15,32,33,65,65,0,32
519,519,PN Type A Cell,47,21,31,31,68,62,6,37
520,520,PN Type A Cell,39,21,49,40,60,89,-29,20
521,521,PN Type A Cell,54,28,31,36,82,67,15,46
522,522,PN Type A Cell,51,17,36,34,68,70,-2,34
523,523,PN Type A Cell,48,19,35,33,67,68,-1,34
524,524,PN Type A Cell,34,24,36,29,58,65,-7,29
525,525,PN Type A Cell,44,14,35,39,58,74,-16,19
526,526,PN Type A Cell,34,28,38,41,62,79,-17,21
527,527,PN Type A Cell,54,19,41,36,73,77,-4,37
528,528,PN Type A Cell,33,18,52,26,51,78,-27,25
529,529,PN Type A Cell,62,18,38,40,80,78,2,40
530,530,PN Type A Cell,54,19,43,37,73,80,-7,36
531,531,PN Type A Cell,49,19,37,31,68,68,0,37
532,532,PN Type A Cell,47,18,40,27,65,67,-2,38
533,533,PN Type A Cell,43,26,40,30,69,70,-1,39
534,534,PN Type A Cell,45,21,31,38,66,69,-3,28
535,535,PN Type A Cell,44,19,37,26,63,63,0,37
536,536,PN Type A Cell,42,26,35,42,68,77,-9,26
537,537,PN Type A Cell,40,16,41,38,56,79,-23,18
538,538,PN Type A Cell,34,28,38,36,62,74,-12,26
539,539,PN Type A Cell,45,11,36,38,56,74,-18,18
540,540,PN Type A Cell,54,21,36,35,75,71,4,40
541,541,PN Type A Cell,36,22,47,34,58,81,-23,24
542,542,PN Type A Cell,40,17,33,30,57,63,-6,27
543,543,PN Type A Cell,41,18,40,47,59,87,-28,12
544,544,PN Type A Cell,51,26,37,35,77,72,5,42
545,545,PN Type A Cell,62,16,31,42,78,73,5,36
546,546,PN Type A Cell,43,9,50,35,52,85,-33,17
547,547,PN Type A Cell,47,13,30,40,60,70,-10,20
548,548,PN Type A Cell,44,18,38,33,62,71,-9,29
549,549,PN Type A Cell,40,24,30,45,64,75,-11,19
550,550,PN Type A Cell,46,15,39,44,61,83,-22,17
551,551,PN Type A Cell,44,24,44,36,68,80,-12,32
552,552,PN Type A Cell,35,18,45,31,53,76,-23,22
553,553,PN Type A Cell,43,20,44,29,63,73,-10,34
554,554,PN Type A Cell,43,15,42,38,58,80,-22,20
555,555,PN Type A Cell,50,15,34,33,65,67,-2,32
556,556,PN Type A Cell,51,15,36,38,66,74,-8,28
557,557,PN Type A Cell,36,13,40,43,49,83,-34,6
558,558,PN Type A Cell,56,19,33,32,75,65,10,43
559,559,PN Type A Cell,36,25,25,39,61,64,-3,22
560,560,PN Type A Cell,44,18,34,35,62,69,-7,27
561,561,PN Type A Cell,40,20,42,44,60,86,-26,16
562,562,PN Type A Cell,49,13,47,34,62,81,-19,28
563,563,PN Type A Cell,36,18,36,48,54,84,-30,6
564,564,PN Type A Cell,46,13,37,37,59,74,-15,22
565,565,PN Type A Cell,42,14,27,26,56,53,3,30
566,566,PN Type A Cell,41,19,30,34,60,64,-4,26
567,567,PN Type A Cell,38,17,35,37,55,72,-17,18
568,568,PN Type A Cell,39,13,45,36,52,81,-29,16
569,569,PN Type A Cell,47,22,36,42,69,78,-9,27
570,570,PN Type A Cell,50,9,37,32,59,69,-10,27
571,571,PN Type A Cell,57,15,32,34,72,66,6,38
572,572,PN Type A Cell,57,24,38,43,81,81,0,38
573,573,PN Type A Cell,44,15,45,24,59,69,-10,35
574,574,PN Type A Cell,43,15,40,41,58,81,-23,17
575,575,PN Type A Cell,45,23,39,32,68,71,-3,36
576,576,PN Type A Cell,46,27,44,35,73,79,-6,38
577,577,PN Type A Cell,41,12,41,45,53,86,-33,8
578,578,PN Type A Cell,56,16,34,35,72,69,3,37
579,579,PN Type A Cell,47,14,36,34,61,70,-9,27
580,580,PN Type A Cell,51,17,34,34,68,68,0,34
581,581,PN Type A Cell,45,19,40,37,64,77,-13,27
582,582,PN Type A Cell,51,25,32,41,76,73,3,35
583,583,PN Type A Cell,51,23,38,42,74,80,-6,32
584,584,PN Type A Cell,46,18,38,35,64,73,-9,29
585,585,PN Type A Cell,36,16,42,34,52,76,-24,18
586,586,PN Type A Cell,44,25,39,28,69,67,2,41
587,587,PN Type A Cell,39,16,40,39,55,79,-24,16
588,588,PN Type A Cell,52,14,30,38,66,68,-2,28
589,589,PN Type A Cell,41,19,39,50,60,89,-29,10
590,590,PN Type A Cell,40,22,43,42,62,85,-23,20
591,591,PN Type A Cell,34,20,40,35,54,75,-21,19
592,592,PN Type A Cell,46,12,36,31,58,67,-9,27
593,593,PN Type A Cell,35,16,37,31,51,68,-17,20
594,594,PN Type A Cell,58,18,47,44,76,91,-15,32
595,595,PN Type A Cell,49,14,30,30,63,60,3,33
596,596,PN Type A Cell,41,12,34,30,53,64,-11,23
597,597,PN Type A Cell,44,20,37,31,64,68,-4,33
598,598,PN Type A Cell,51,13,37,26,64,63,1,38
599,599,PN Type A Cell,46,15,44,25,61,69,-8,36
600,600,PN Type A Cell,42,19,39,24,61,63,-2,37
601,601,PN Type A Cell,40,17,33,29,57,62,-5,28
602,602,PN Type A Cell,48,15,38,37,63,75,-12,26
603,603,PN Type A Cell,37,22,30,33,59,63,-4,26
604,604,PN Type A Cell,43,21,43,22,64,65,-1,42
605,605,PN Type A Cell,41,18,44,42,59,86,-27,17
606,606,PN Type A Cell,53,13,26,35,66,61,5,31
607,607,PN Type A Cell,52,15,34,38,67,72,-5,29
608,608,PN Type A Cell,49,14,42,42,63,84,-21,21
609,609,PN Type A Cell,47,17,34,45,64,79,-15,19
610,610,PN Type A Cell,39,14,32,33,53,65,-12,20
611,611,PN Type A Cell,50,15,42,35,65,77,-12,30
612,612,PN Type A Cell,47,25,41,33,72,74,-2,39
613,613,PN Type A Cell,51,14,32,35,65,67,-2,30
614,614,PN Type A Cell,52,20,40,35,72,75,-3,37
615,615,PN Type A Cell,40,19,38,40,59,78,-19,19
616,616,PN Type A Cell,46,18,37,41,64,78,-14,23
617,617,PN Type A Cell,51,24,45,38,75,83,-8,37
618,618,PN Type A Cell,48,17,33,37,65,70,-5,28
619,619,PN Type A Cell,47,16,32,34,63,66,-3,29
620,620,PN Type A Cell,36,22,41,36,58,77,-19,22
621,621,PN Type A Cell,54,18,33,31,72,64,8,41
622,622,PN Type A Cell,47,14,32,37,61,69,-8,24
623,623,PN Type A Cell,45,20,31,23,65,54,11,42
624,624,PN Type A Cell,46,12,37,26,58,63,-5,32
625,625,PN Type A Cell,51,28,41,28,79,69,10,51
626,626,PN Type A Cell,47,25,36,35,72,71,1,37
627,627,PN Type A Cell,44,15,41,38,59,79,-20,21
628,628,PN Type A Cell,41,26,41,35,67,76,-9,32
629,629,PN Type A Cell,43,29,36,34,72,70,2,38
630,630,PN Type A Cell,42,21,47,32,63,79,-16,31
631,631,PN Type A Cell,38,20,41,39,58,80,-22,19
632,632,PN Type A Cell,51,16,51,34,67,85,-18,33
633,633,PN Type A Cell,46,11,33,29,57,62,-5,28
634,634,PN Type A Cell,50,9,32,41,59,73,-14,18
635,635,PN Type A Cell,42,18,40,42,60,82,-22,18
636,636,PN Type A Cell,51,18,46,30,69,76,-7,39
637,637,PN Type A Cell,47,16,37,35,63,72,-9,28
638,638,PN Type A Cell,49,18,31,43,67,74,-7,24
639,639,PN Type A Cell,51,14,29,48,65,77,-12,17
640,640,PN Type A Cell,38,22,39,38,60,77,-17,22
641,641,PN Type A Cell,45,27,39,33,72,72,0,39
642,642,PN Type A Cell,52,23,55,43,75,98,-23,32
643,643,PN Type A Cell,39,19,32,35,58,67,-9,23
644,644,PN Type A Cell,46,17,38,33,63,71,-8,30
645,645,PN Type A Cell,32,22,46,38,54,84,-30,16
646,646,PN Type A Cell,51,14,49,39,65,88,-23,26
647,647,PN Type A Cell,51,11,35,41,62,76,-14,21
648,648,PN Type A Cell,51,18,34,44,69,78,-9,25
649,649,PN Type A Cell,49,14,38,31,63,69,-6,32
650,650,PN Type A Cell,48,17,38,31,65,69,-4,34
651,651,PN Type A Cell,31,20,35,28,51,63,-12,23
652,652,PN Type A Cell,43,21,42,31,64,73,-9,33
653,653,PN Type A Cell,46,18,34,33,64,67,-3,31
654,654,PN Type A Cell,48,18,35,34,66,69,-3,32
655,655,PN Type A Cell,42,15,33,35,57,68,-11,22
656,656,PN Type A Cell,38,25,38,32,63,70,-7,31
657,657,PN Type A Cell,55,24,37,42,79,79,0,37
658,658,PN Type A Cell,63,11,45,37,74,82,-8,37
659,659,PN Type A Cell,54,14,47,36,68,83,-15,32
660,660,PN Type A Cell,40,17,39,33,57,72,-15,24
661,661,PN Type A Cell,45,22,51,27,67,78,-11,40
662,662,PN Type A Cell,48,23,36,34,71,70,1,37
663,663,PN Type A Cell,46,15,36,25,61,61,0,36
664,664,PN Type A Cell,54,29,39,26,83,65,18,57
665,665,PN Type A Cell,44,19,39,42,63,81,-18,21
666,666,PN Type A Cell,39,23,35,38,62,73,-11,24
667,667,PN Type A Cell,66,16,48,32,82,80,2,50
668,668,PN Type A Cell,46,29,34,44,75,78,-3,31
669,669,PN Type A Cell,54,22,37,38,76,75,1,38
670,670,PN Type A Cell,39,18,29,28,57,57,0,29
671,671,PN Type A Cell,44,17,39,45,61,84,-23,16
672,672,PN Type A Cell,28,16,39,26,44,65,-21,18
673,673,PN Type A Cell,42,13,37,38,55,75,-20,17
674,674,PN Type A Cell,47,25,49,34,72,83,-11,38
675,675,PN Type A Cell,47,16,22,29,63,51,12,34
676,676,PN Type A Cell,44,19,31,34,63,65,-2,29
677,677,PN Type A Cell,39,16,42,45,55,87,-32,10
678,678,PN Type A Cell,47,28,38,39,75,77,-2,36
679,679,PN Type A Cell,43,16,36,40,59,76,-17,19
680,680,PN Type A Cell,46,18,32,32,64,64,0,32
681,681,PN Type A Cell,47,17,45,36,64,81,-17,28
682,682,PN Type A Cell,49,17,51,40,66,91,-25,26
683,683,PN Type A Cell,45,17,27,31,62,58,4,31
684,684,PN Type A Cell,55,16,38,37,71,75,-4,34
685,685,PN Type A Cell,56,24,32,30,80,62,18,50
686,686,PN Type A Cell,41,17,38,31,58,69,-11,27
687,687,PN Type A Cell,43,21,33,35,64,68,-4,29
688,688,PN Type A Cell,43,23,31,42,66,73,-7,24
689,689,PN Type A Cell,53,10,41,38,63,79,-16,25
690,690,PN Type A Cell,49,21,37,37,70,74,-4,33
691,691,PN Type A Cell,40,27,39,40,67,79,-12,27
692,692,PN Type A Cell,60,12,33,41,72,74,-2,31
693,693,PN Type A Cell,56,21,43,38,77,81,-4,39
694,694,PN Type A Cell,37,13,37,27,50,64,-14,23
695,695,PN Type A Cell,37,8,43,32,45,75,-30,13
696,696,PN Type A Cell,38,15,45,36,53,81,-28,17
697,697,PN Type A Cell,43,22,43,25,65,68,-3,40
698,698,PN Type A Cell,56,17,47,27,73,74,-1,46
699,699,PN Type A Cell,40,15,34,37,55,71,-16,18
700,700,PN Type A Cell,46,12,33,38,58,71,-13,20
701,701,PN Type A Cell,37,28,56,36,65,92,-27,29
702,702,PN Type A Cell,43,21,33,30,64,63,1,34
703,703,PN Type A Cell,39,20,45,34,59,79,-20,25
704,704,PN Type A Cell,53,19,34,23,72,57,15,49
705,705,PN Type A Cell,41,20,46,32,61,78,-17,29
706,706,PN Type A Cell,52,17,31,35,69,66,3,34
707,707,PN Type A Cell,44,10,37,47,54,84,-30,7
708,708,PN Type A Cell,49,17,33,33,66,66,0,33
709,709,PN Type A Cell,39,17,37,28,56,65,-9,28
710,710,PN Type A Cell,45,21,35,33,66,68,-2,33
711,711,PN Type A Cell,42,10,44,38,52,82,-30,14
712,712,PN Type A Cell,49,16,32,33,65,65,0,32
713,713,PN Type A Cell,38,10,44,34,48,78,-30,14
714,714,PN Type A Cell,52,17,45,28,69,73,-4,41
715,715,PN Type A Cell,38,26,42,36,64,78,-14,28
716,716,PN Type A Cell,37,26,34,22,63,56,7,41
717,717,PN Type A Cell,43,19,41,42,62,83,-21,20
718,718,PN Type A Cell,49,15,37,30,64,67,-3,34
719,719,PN Type A Cell,53,17,41,34,70,75,-5,36
720,720,PN Type A Cell,50,21,36,39,71,75,-4,32
721,721,PN Type A Cell,39,12,38,41,51,79,-28,10
722,722,PN Type A Cell,49,18,40,44,67,84,-17,23
723,723,PN Type A Cell,36,26,42,34,62,76,-14,28
724,724,PN Type A Cell,41,14,32,31,55,63,-8,24
725,725,PN Type A Cell,44,23,34,37,67,71,-4,30
726,726,PN Type A Cell,36,9,34,32,45,66,-21,13
727,727,PN Type A Cell,51,15,42,31,66,73,-7,35
728,728,PN Type A Cell,45,24,29,37,69,66,3,32
729,729,PN Type A Cell,46,13,41,38,59,79,-20,21
730,730,PN Type A Cell,35,19,35,35,54,70,-16,19
731,731,PN Type A Cell,47,22,41,29,69,70,-1,40
732,732,PN Type A Cell,40,21,46,43,61,89,-28,18
733,733,PN Type A Cell,38,21,40,39,59,79,-20,20
734,734,PN Type A Cell,49,15,37,34,64,71,-7,30
735,735,PN Type A Cell,68,26,39,36,94,75,19,58
736,736,PN Type A Cell,42,24,40,31,66,71,-5,35
737,737,PN Type A Cell,44,19,47,48,63,95,-32,15
738,738,PN Type A Cell,43,22,28,32,65,60,5,33
739,739,PN Type A Cell,54,13,29,33,67,62,5,34
740,740,PN Type A Cell,36,20,36,43,56,79,-23,13
741,741,PN Type A Cell,35,24,39,39,59,78,-19,20
742,742,PN Type A Cell,43,29,38,49,72,87,-15,23
743,743,PN Type A Cell,41,20,26,37,61,63,-2,24
744,744,PN Type A Cell,48,16,37,33,64,70,-6,31
745,745,PN Type A Cell,42,16,50,34,58,84,-26,24
746,746,PN Type A Cell,50,17,43,31,67,74,-7,36
747,747,PN Type A Cell,43,12,30,34,55,64,-9,21
748,748,PN Type A Cell,51,17,34,45,68,79,-11,23
749,749,PN Type A Cell,57,16,42,29,73,71,2,44
750,750,PN Type A Cell,43,13,37,39,56,76,-20,17
751,751,PN Type A Cell,51,11,44,28,62,72,-10,34
752,752,PN Type A Cell,51,12,37,39,63,76,-13,24
753,753,PN Type A Cell,41,16,44,34,57,78,-21,23
754,754,PN Type A Cell,44,22,48,33,66,81,-15,33
755,755,PN Type A Cell,55,14,41,28,69,69,0,41
756,756,PN Type A Cell,37,24,35,47,61,82,-21,14
757,757,PN Type A Cell,49,22,41,33,71,74,-3,38
758,758,PN Type A Cell,54,24,39,30,78,69,9,48
759,759,PN Type A Cell,37,16,38,30,53,68,-15,23
760,760,PN Type A Cell,34,16,44,32,50,76,-26,18
761,761,PN Type A Cell,44,17,30,41,61,71,-10,20
762,762,PN Type A Cell,42,13,35,27,55,62,-7,28
763,763,PN Type A Cell,39,13,32,35,52,67,-15,17
764,764,PN Type A Cell,41,24,38,30,65,68,-3,35
765,765,PN Type A Cell,42,13,44,25,55,69,-14,30
766,766,PN Type A Cell,38,24,34,36,62,70,-8,26
767,767,PN Type A Cell,39,13,34,41,52,75,-23,11
768,768,PN Type A Cell,39,16,41,44,55,85,-30,11
769,769,PN Type A Cell,44,12,26,45,56,71,-15,11
770,770,PN Type A Cell,47,13,44,29,60,73,-13,31
771,771,PN Type A Cell,54,13,32,36,67,68,-1,31
772,772,PN Type A Cell,42,25,35,30,67,65,2,37
773,773,PN Type A Cell,44,16,38,35,60,73,-13,25
774,774,PN Type A Cell,45,19,42,34,64,76,-12,30
775,775,PN Type A Cell,50,18,36,27,68,63,5,41
776,776,PN Type A Cell,37,20,42,33,57,75,-18,24
777,777,PN Type A Cell,36,16,33,41,52,74,-22,11
778,778,PN Type A Cell,28,20,24,27,48,51,-3,21
779,779,PN Type A Cell,41,18,37,33,59,70,-11,26
780,780,PN Type A Cell,38,11,33,34,49,67,-18,15
781,781,PN Type A Cell,51,16,36,40,67,76,-9,27
782,782,PN Type A Cell,38,16,43,39,54,82,-28,15
783,783,PN Type A Cell,38,23,50,31,61,81,-20,30
784,784,PN Type A Cell,44,20,33,39,64,72,-8,25
785,785,PN Type A Cell,57,15,42,32,72,74,-2,40
786,786,PN Type A Cell,46,16,41,43,62,84,-22,19
787,787,PN Type A Cell,35,17,42,32,52,74,-22,20
788,788,PN Type A Cell,41,17,38,33,58,71,-13,25
789,789,PN Type A Cell,49,20,33,30,69,63,6,39
790,790,PN Type A Cell,47,23,35,40,70,75,-5,30
791,791,PN Type A Cell,55,18,49,47,73,96,-23,26
792,792,PN Type A Cell,46,33,33,34,79,67,12,45
793,793,PN Type A Cell,46,11,49,28,57,77,-20,29
794,794,PN Type A Cell,43,13,37,27,56,64,-8,29
795,795,PN Type A Cell,51,18,41,28,69,69,0,41
796,796,PN Type A Cell,39,26,39,25,65,64,1,40
797,797,PN Type A Cell,56,24,38,41,80,79,1,39
798,798,PN Type A Cell,48,13,31,35,61,66,-5,26
799,799,PN Type A Cell,47,20,38,39,67,77,-10,28
800,800,PN Type A Cell,51,27,35,32,78,67,11,46
801,801,PN Type A Cell,49,17,41,31,66,72,-6,35
802,802,PN Type A Cell,42,20,36,24,62,60,2,38
803,803,PN Type A Cell,58,25,38,40,83,78,5,43
804,804,PN Type A Cell,38,21,39,32,59,71,-12,27
805,805,PN Type A Cell,47,22,32,43,69,75,-6,26
806,806,PN Type A Cell,56,20,44,29,76,73,3,47
807,807,PN Type A Cell,48,13,43,36,61,79,-18,25
808,808,PN Type A Cell,45,18,38,39,63,77,-14,24
809,809,PN Type A Cell,42,17,37,39,59,76,-17,20
810,810,PN Type A Cell,44,17,43,31,61,74,-13,30
811,811,PN Type A Cell,32,15,45,41,47,86,-39,6
812,812,PN Type A Cell,39,23,38,38,62,76,-14,24
813,813,PN Type A Cell,52,21,32,30,73,62,11,43
814,814,PN Type A Cell,52,20,46,35,72,81,-9,37
815,815,PN Type A Cell,44,15,34,46,59,80,-21,13
816,816,PN Type A Cell,58,17,31,43,75,74,1,32
817,817,PN Type A Cell,38,20,35,35,58,70,-12,23
818,818,PN Type A Cell,45,24,35,37,69,72,-3,32
819,819,PN Type A Cell,44,16,46,33,60,79,-19,27
820,820,PN Type A Cell,44,18,46,33,62,79,-17,29
821,821,PN Type A Cell,48,21,39,47,69,86,-17,22
822,822,PN Type A Cell,33,17,41,35,50,76,-26,15
823,823,PN Type A Cell,40,16,32,40,56,72,-16,16
824,824,PN Type A Cell,40,16,34,34,56,68,-12,22
825,825,PN Type A Cell,58,16,35,33,74,68,6,41
826,826,PN Type A Cell,44,21,39,35,65,74,-9,30
827,827,PN Type A Cell,44,18,33,32,62,65,-3,30
828,828,PN Type A Cell,40,10,34,26,50,60,-10,24
829,829,PN Type A Cell,42,19,36,27,61,63,-2,34
830,830,PN Type A Cell,41,20,43,44,61,87,-26,17
831,831,PN Type A Cell,38,23,35,33,61,68,-7,28
832,832,PN Type A Cell,36,19,33,37,55,70,-15,18
833,833,PN Type A Cell,46,17,52,30,63,82,-19,33
834,834,PN Type A Cell,51,16,42,34,67,76,-9,33
835,835,PN Type A Cell,38,20,35,37,58,72,-14,21
836,836,PN Type A Cell,47,22,46,36,69,82,-13,33
837,837,PN Type A Cell,42,17,39,43,59,82,-23,16
838,838,PN Type A Cell,49,13,38,35,62,73,-11,27
839,839,PN Type A Cell,58,19,34,39,77,73,4,38
840,840,PN Type A Cell,56,20,30,41,76,71,5,35
841,841,PN Type A Cell,48,18,38,29,66,67,-1,37
842,842,PN Type A Cell,44,18,41,34,62,75,-13,28
843,843,PN Type A Cell,56,19,45,29,75,74,1,46
844,844,PN Type A Cell,37,17,39,40,54,79,-25,14
845,845,PN Type A Cell,42,20,32,35,62,67,-5,27
846,846,PN Type A Cell,50,10,30,40,60,70,-10,20
847,847,PN Type A Cell,45,19,34,25,64,59,5,39
848,848,PN Type A Cell,40,16,35,52,56,87,-31,4
849,849,PN Type A Cell,51,19,42,40,70,82,-12,30
850,850,PN Type A Cell,50,21,47,33,71,80,-9,38
851,851,PN Type A Cell,44,20,40,41,64,81,-17,23
852,852,PN Type A Cell,53,18,35,39,71,74,-3,32
853,853,PN Type A Cell,44,20,37,23,64,60,4,41
854,854,PN Type A Cell,47,19,42,35,66,77,-11,31
855,855,PN Type A Cell,41,25,38,31,66,69,-3,35
856,856,PN Type A Cell,41,21,42,38,62,80,-18,24
857,857,PN Type A Cell,44,23,41,33,67,74,-7,34
858,858,PN Type A Cell,41,17,33,33,58,66,-8,25
859,859,PN Type A Cell,37,19,39,33,56,72,-16,23
860,860,PN Type A Cell,47,14,38,36,61,74,-13,25
861,861,PN Type A Cell,45,16,36,36,61,72,-11,25
862,862,PN Type A Cell,40,16,38,32,56,70,-14,24
863,863,PN Type A Cell,48,18,36,37,66,73,-7,29
864,864,PN Type A Cell,44,13,38,29,57,67,-10,28
865,865,PN Type A Cell,41,19,49,34,60,83,-23,26
866,866,PN Type A Cell,36,20,38,36,56,74,-18,20
867,867,PN Type A Cell,45,20,49,40,65,89,-24,25
868,868,PN Type A Cell,42,16,44,30,58,74,-16,28
869,869,PN Type A Cell,61,13,35,37,74,72,2,37
870,870,PN Type A Cell,48,27,35,34,75,69,6,41
871,871,PN Type A Cell,38,19,39,43,57,82,-25,14
872,872,PN Type A Cell,49,19,28,40,68,68,0,28
873,873,PN Type A Cell,60,25,45,37,85,82,3,48
874,874,PN Type A Cell,37,11,30,39,48,69,-21,9
875,875,PN Type A Cell,36,26,37,39,62,76,-14,23
876,876,PN Type A Cell,42,15,40,32,57,72,-15,25
877,877,PN Type A Cell,52,22,34,26,74,60,14,48
878,878,PN Type A Cell,40,17,42,28,57,70,-13,29
879,879,PN Type A Cell,46,19,41,24,65,65,0,41
880,880,PN Type A Cell,38,19,33,37,57,70,-13,20
881,881,PN Type A Cell,40,16,34,49,56,83,-27,7
882,882,PN Type A Cell,47,21,28,40,68,68,0,28
883,883,PN Type A Cell,46,21,36,34,67,70,-3,33
884,884,PN Type A Cell,46,26,40,28,72,68,4,44
885,885,PN Type A Cell,44,24,38,30,68,68,0,38
886,886,PN Type A Cell,48,24,45,39,72,84,-12,33
887,887,PN Type A Cell,43,21,43,26,64,69,-5,38
888,888,PN Type A Cell,49,15,43,24,64,67,-3,40
889,889,PN Type A Cell,42,18,42,43,60,85,-25,17
890,890,PN Type A Cell,48,13,37,42,61,79,-18,19
891,891,PN Type A Cell,52,18,42,44,70,86,-16,26
892,892,PN Type A Cell,56,9,35,30,65,65,0,35
893,893,PN Type A Cell,45,17,33,39,62,72,-10,23
894,894,PN Type A Cell,45,19,44,33,64,77,-13,31
895,895,PN Type A Cell,47,19,45,34,66,79,-13,32
896,896,PN Type A Cell,61,14,44,46,75,90,-15,29
897,897,PN Type A Cell,41,22,38,37,63,75,-12,26
898,898,PN Type A Cell,51,18,37,29,69,66,3,40
899,899,PN Type A Cell,45,20,34,37,65,71,-6,28
900,900,PN Type A Cell,44,19,33,30,63,63,0,33
901,901,PN Type A Cell,38,18,39,31,56,70,-14,25
902,902,PN Type A Cell,57,20,44,19,77,63,14,58
903,903,PN Type A Cell,51,24,41,32,75,73,2,43
904,904,PN Type A Cell,45,20,30,29,65,59,6,36
905,905,PN Type A Cell,46,10,38,30,56,68,-12,26
906,906,PN Type A Cell,58,23,40,44,81,84,-3,37
907,907,PN Type A Cell,37,20,45,36,57,81,-24,21
908,908,PN Type A Cell,43,18,34,32,61,66,-5,29
909,909,PN Type A Cell,41,23,39,34,64,73,-9,30
910,910,PN Type A Cell,46,24,32,42,70,74,-4,28
911,911,PN Type A Cell,47,15,39,21,62,60,2,41
912,912,PN Type A Cell,57,19,47,37,76,84,-8,39
913,913,PN Type A Cell,38,18,44,45,56,89,-33,11
914,914,PN Type A Cell,54,21,48,29,75,77,-2,46
915,915,PN Type A Cell,41,18,52,36,59,88,-29,23
916,916,PN Type A Cell,56,19,36,45,75,81,-6,30
917,917,PN Type A Cell,38,14,43,35,52,78,-26,17
918,918,PN Type A Cell,43,22,35,36,65,71,-6,29
919,919,PN Type A Cell,62,13,35,29,75,64,11,46
920,920,PN Type A Cell,38,19,37,33,57,70,-13,24
921,921,PN Type A Cell,36,13,39,30,49,69,-20,19
922,922,PN Type A Cell,37,21,34,44,58,78,-20,14
923,923,PN Type A Cell,38,21,42,42,59,84,-25,17
924,924,PN Type A Cell,44,18,40,39,62,79,-17,23
925,925,PN Type A Cell,40,15,39,45,55,84,-29,10
926,926,PN Type A Cell,46,16,34,42,62,76,-14,20
927,927,PN Type A Cell,59,16,34,26,75,60,15,49
928,928,PN Type A Cell,50,20,34,30,70,64,6,40
929,929,PN Type A Cell,47,16,42,45,63,87,-24,18
930,930,PN Type A Cell,47,19,43,41,66,84,-18,25
931,931,PN Type A Cell,42,16,28,35,58,63,-5,23
932,932,PN Type A Cell,49,12,37,37,61,74,-13,24
933,933,PN Type A Cell,34,18,44,42,52,86,-34,10
934,934,PN Type A Cell,48,19,38,32,67,70,-3,35
935,935,PN Type A Cell,41,27,39,35,68,74,-6,33
936,936,PN Type A Cell,45,27,40,32,72,72,0,40
937,937,PN Type A Cell,40,19,48,26,59,74,-15,33
938,938,PN Type A Cell,53,21,47,37,74,84,-10,37
939,939,PN Type A Cell,50,15,31,28,65,59,6,37
940,940,PN Type A Cell,44,14,37,41,58,78,-20,17
941,941,PN Type A Cell,47,17,45,37,64,82,-18,27
942,942,PN Type A Cell,51,20,43,39,71,82,-11,32
943,943,PN Type A Cell,46,15,46,35,61,81,-20,26
944,944,PN Type A Cell,45,25,34,34,70,68,2,36
945,945,PN Type A Cell,39,12,36,37,51,73,-22,14
946,946,PN Type A Cell,46,21,32,34,67,66,1,33
947,947,PN Type A Cell,45,15,36,36,60,72,-12,24
948,948,PN Type A Cell,45,19,41,29,64,70,-6,35
949,949,PN Type A Cell,50,18,51,40,68,91,-23,28
950,950,PN Type A Cell,43,11,37,35,54,72,-18,19
951,951,PN Type A Cell,53,16,49,32,69,81,-12,37
952,952,PN Type A Cell,36,16,44,42,52,86,-34,10
953,953,PN Type A Cell,47,10,40,28,57,68,-11,29
954,954,PN Type A Cell,48,20,45,30,68,75,-7,38
955,955,PN Type A Cell,64,24,31,32,88,63,25,56
956,956,PN Type A Cell,38,34,36,36,72,72,0,36
957,957,PN Type A Cell,52,16,42,33,68,75,-7,35
958,958,PN Type A Cell,54,25,36,31,79,67,12,48
959,959,PN Type A Cell,49,17,35,36,66,71,-5,30
960,960,PN Type A Cell,55,15,34,40,70,74,-4,30
961,961,PN Type A Cell,40,28,47,40,68,87,-19,28
962,962,PN Type A Cell,39,20,38,36,59,74,-15,23
963,963,PN Type A Cell,43,22,31,30,65,61,4,35
964,964,PN Type A Cell,44,18,34,29,62,63,-1,33
965,965,PN Type A Cell,39,24,34,34,63,68,-5,29
966,966,PN Type A Cell,53,18,35,32,71,67,4,39
967,967,PN Type A Cell,44,13,41,33,57,74,-17,24
968,968,PN Type A Cell,47,15,40,33,62,73,-11,29
969,969,PN Type A Cell,39,18,38,27,57,65,-8,30
970,970,PN Type A Cell,52,15,41,25,67,66,1,42
971,971,PN Type A Cell,38,22,40,32,60,72,-12,28
972,972,PN Type A Cell,51,17,47,30,68,77,-9,38
973,973,PN Type A Cell,51,23,42,32,74,74,0,42
974,974,PN Type A Cell,47,22,43,35,69,78,-9,34
975,975,PN Type A Cell,48,20,46,35,68,81,-13,33
976,976,PN Type A Cell,39,13,32,30,52,62,-10,22
977,977,PN Type A Cell,41,22,33,35,63,68,-5,28
978,978,PN Type A Cell,47,22,33,25,69,58,11,44
979,979,PN Type A Cell,44,27,35,30,71,65,6,41
980,980,PN Type A Cell,51,18,41,28,69,69,0,41
981,981,PN Type A Cell,47,18,32,40,65,72,-7,25
982,982,PN Type A Cell,40,14,45,36,54,81,-27,18
983,983,PN Type A Cell,46,14,44,37,60,81,-21,23
984,984,PN Type A Cell,38,17,34,34,55,68,-13,21
985,985,PN Type A Cell,39,26,31,44,65,75,-10,21
986,986,PN Type A Cell,41,13,38,40,54,78,-24,14
987,987,PN Type A Cell,46,15,38,28,61,66,-5,33
988,988,PN Type A Cell,49,16,35,36,65,71,-6,29
989,989,PN Type A Cell,44,20,41,38,64,79,-15,26
990,990,PN Type A Cell,42,18,44,32,60,76,-16,28
991,991,PN Type A Cell,39,14,43,31,53,74,-21,22
992,992,PN Type A Cell,56,13,34,40,69,74,-5,29
993,993,PN Type A Cell,63,15,45,36,78,81,-3,42
994,994,PN Type A Cell,57,17,33,38,74,71,3,36
995,995,PN Type A Cell,32,19,34,28,51,62,-11,23
996,996,PN Type A Cell,32,28,41,37,60,78,-18,23
997,997,PN Type A Cell,58,17,31,31,75,62,13,44
998,998,PN Type A Cell,42,19,40,40,61,80,-19,21
999,999,PN Type A Cell,41,18,45,45,59,90,-31,14
1000,1000,PN Type A Cell,42,20,38,30,62,68,-6,32
1001,1001,PN Type A Cell,40,21,23,53,61,76,-15,8
1002,1002,PN Type A Cell,48,18,34,31,66,65,1,35
1003,1003,PN Type A Cell,38,16,30,27,54,57,-3,27
1004,1004,PN Type A Cell,50,16,35,29,66,64,2,37
1005,1005,PN Type A Cell,44,19,40,34,63,74,-11,29
1006,1006,PN Type A Cell,44,16,44,38,60,82,-22,22
1007,1007,PN Type A Cell,40,10,37,43,50,80,-30,7
1008,1008,PN Type A Cell,42,15,48,40,57,88,-31,17
1009,1009,PN Type A Cell,60,21,30,35,81,65,16,46
1010,1010,PN Type A Cell,52,23,44,36,75,80,-5,39
1011,1011,PN Type A Cell,45,9,46,36,54,82,-28,18
1012,1012,PN Type A Cell,45,30,32,33,75,65,10,42
1013,1013,PN Type A Cell,46,16,44,30,62,74,-12,32
1014,1014,PN Type A Cell,55,17,42,31,72,73,-1,41
1015,1015,PN Type A Cell,43,12,38,34,55,72,-17,21
1016,1016,PN Type A Cell,53,17,46,34,70,80,-10,36
1017,1017,PN Type A Cell,42,21,38,28,63,66,-3,35
1018,1018,PN Type A Cell,49,22,32,39,71,71,0,32
1019,1019,PN Type A Cell,48,17,46,47,65,93,-28,18
1020,1020,PN Type A Cell,48,16,27,31,64,58,6,33
1021,1021,PN Type A Cell,25,24,42,45,49,87,-38,4
1022,1022,PN Type A Cell,39,17,44,37,56,81,-25,19
1023,1023,PN Type A Cell,41,12,40,39,53,79,-26,14
1024,1024,PN Type A Cell,41,19,42,35,60,77,-17,25
1025,1025,PN Type A Cell,42,24,38,35,66,73,-7,31
1026,1026,PN Type A Cell,43,9,45,34,52,79,-27,18
1027,1027,PN Type A Cell,49,16,31,33,65,64,1,32
1028,1028,PN Type A Cell,53,11,35,31,64,66,-2,33
1029,1029,PN Type A Cell,47,20,37,29,67,66,1,38
1030,1030,PN Type A Cell,30,18,37,34,48,71,-23,14
1031,1031,PN Type A Cell,35,17,36,27,52,63,-11,25
1032,1032,PN Type A Cell,46,17,26,41,63,67,-4,22
1033,1033,PN Type A Cell,35,19,39,39,54,78,-24,15
1034,1034,PN Type A Cell,44,22,36,40,66,76,-10,26
1035,1035,PN Type A Cell,40,19,37,41,59,78,-19,18
1036,1036,PN Type A Cell,46,18,41,29,64,70,-6,35
1037,1037,PN Type A Cell,42,18,33,34,60,67,-7,26
1038,1038,PN Type A Cell,48,27,39,41,75,80,-5,34
1039,1039,PN Type A Cell,43,17,39,44,60,83,-23,16
1040,1040,PN Type A Cell,55,20,32,30,75,62,13,45
1041,1041,PN Type A Cell,46,19,32,37,65,69,-4,28
1042,1042,PN Type A Cell,56,14,41,36,70,77,-7,34
1043,1043,PN Type A Cell,52,17,39,33,69,72,-3,36
1044,1044,PN Type A Cell,53,17,32,39,70,71,-1,31
1045,1045,PN Type A Cell,33,10,52,37,43,89,-46,6
1046,1046,PN Type A Cell,51,18,33,39,69,72,-3,30
1047,1047,PN Type A Cell,50,15,34,34,65,68,-3,31
1048,1048,PN Type A Cell,51,18,43,41,69,84,-15,28
1049,1049,PN Type A Cell,44,23,41,31,67,72,-5,36
1050,1050,PN Type A Cell,39,22,40,44,61,84,-23,17
1051,1051,PN Type A Cell,39,17,40,33,56,73,-17,23
1052,1052,PN Type A Cell,42,13,31,40,55,71,-16,15
1053,1053,PN Type A Cell,44,19,39,34,63,73,-10,29
1054,1054,PN Type A Cell,58,17,44,40,75,84,-9,35
1055,1055,PN Type A Cell,53,21,32,39,74,71,3,35
1056,1056,PN Type A Cell,49,18,36,34,67,70,-3,33
1057,1057,PN Type A Cell,32,14,30,39,46,69,-23,7
1058,1058,PN Type A Cell,54,25,45,38,79,83,-4,41
1059,1059,PN Type A Cell,42,19,49,31,61,80,-19,30
1060,1060,PN Type A Cell,38,19,36,42,57,78,-21,15
1061,1061,PN Type A Cell,47,14,31,33,61,64,-3,28
1062,1062,PN Type A Cell,43,22,30,34,65,64,1,31
1063,1063,PN Type A Cell,57,10,37,37,67,74,-7,30
1064,1064,PN Type A Cell,46,18,37,34,64,71,-7,30
1065,1065,PN Type A Cell,56,16,40,31,72,71,1,41
1066,1066,PN Type A Cell,37,19,49,35,56,84,-28,21
1067,1067,PN Type A Cell,43,21,33,38,64,71,-7,26
1068,1068,PN Type A Cell,45,16,30,24,61,54,7,37
1069,1069,PN Type A Cell,31,20,48,36,51,84,-33,15
1070,1070,PN Type A Cell,35,20,41,39,55,80,-25,16
1071,1071,PN Type A Cell,54,16,31,26,70,57,13,44
1072,1072,PN Type A Cell,51,12,42,39,63,81,-18,24
1073,1073,PN Type A Cell,37,21,31,26,58,57,1,32
1074,1074,PN Type A Cell,44,15,33,38,59,71,-12,21
1075,1075,PN Type A Cell,53,17,39,39,70,78,-8,31
1076,1076,PN Type A Cell,36,24,37,34,60,71,-11,26
1077,1077,PN Type A Cell,46,18,48,24,64,72,-8,40
1078,1078,PN Type A Cell,48,19,32,27,67,59,8,40
1079,1079,PN Type A Cell,30,15,39,32,45,71,-26,13
1080,1080,PN Type A Cell,41,13,49,39,54,88,-34,15
1081,1081,PN Type A Cell,61,18,41,38,79,79,0,41
1082,1082,PN Type A Cell,47,20,38,38,67,76,-9,29
1083,1083,PN Type A Cell,42,16,26,39,58,65,-7,19
1084,1084,PN Type A Cell,41,19,44,36,60,80,-20,24
1085,1085,PN Type A Cell,52,16,32,32,68,64,4,36
1086,1086,PN Type A Cell,27,16,40,33,43,73,-30,10
1087,1087,PN Type A Cell,41,13,42,35,54,77,-23,19
1088,1088,PN Type A Cell,43,21,39,27,64,66,-2,37
1089,1089,PN Type A Cell,52,16,38,32,68,70,-2,36
1090,1090,PN Type A Cell,47,23,43,30,70,73,-3,40
1091,1091,PN Type A Cell,43,18,43,34,61,77,-16,27
1092,1092,PN Type A Cell,50,21,40,38,71,78,-7,33
1093,1093,PN Type A Cell,53,23,30,40,76,70,6,36
1094,1094,PN Type A Cell,44,17,41,38,61,79,-18,23
1095,1095,PN Type A Cell,41,22,24,37,63,61,2,26
1096,1096,PN Type A Cell,45,16,44,40,61,84,-23,21
1097,1097,PN Type A Cell,40,15,40,40,55,80,-25,15
1098,1098,PN Type A Cell,39,19,44,36,58,80,-22,22
1099,1099,PN Type A Cell,41,16,36,33,57,69,-12,24
1100,1100,PN Type A Cell,48,17,31,41,65,72,-7,24
1101,1101,PN Type A Cell,47,14,28,36,61,64,-3,25
1102,1102,PN Type A Cell,48,19,42,48,67,90,-23,19
1103,1103,PN Type A Cell,32,21,46,38,53,84,-31,15
1104,1104,PN Type A Cell,51,22,36,47,73,83,-10,26
1105,1105,PN Type A Cell,38,29,41,36,67,77,-10,31
1106,1106,PN Type A Cell,43,14,47,33,57,80,-23,24
1107,1107,PN Type A Cell,44,21,30,27,65,57,8,38
1108,1108,PN Type A Cell,47,22,38,30,69,68,1,39
1109,1109,PN Type A Cell,45,15,44,28,60,72,-12,32
1110,1110,PN Type A Cell,49,21,46,28,70,74,-4,42
1111,1111,PN Type A Cell,46,15,54,33,61,87,-26,28
1112,1112,PN Type A Cell,51,14,43,36,65,79,-14,29
1113,1113,PN Type A Cell,39,17,40,28,56,68,-12,28
1114,1114,PN Type A Cell,37,20,31,36,57,67,-10,21
1115,1115,PN Type A Cell,41,25,34,29,66,63,3,37
1116,1116,PN Type A Cell,45,21,43,34,66,77,-11,32
1117,1117,PN Type A Cell,51,21,44,38,72,82,-10,34
1118,1118,PN Type A Cell,43,19,34,32,62,66,-4,30
1119,1119,PN Type A Cell,58,17,45,51,75,96,-21,24
1120,1120,PN Type A Cell,28,15,37,35,43,72,-29,8
1121,1121,PN Type A Cell,57,25,41,45,82,86,-4,37
1122,1122,PN Type A Cell,52,27,41,33,79,74,5,46
1123,1123,PN Type A Cell,47,15,50,25,62,75,-13,37
1124,1124,PN Type A Cell,39,14,31,30,53,61,-8,23
1125,1125,PN Type A Cell,53,14,26,26,67,52,15,41
1126,1126,PN Type A Cell,43,15,43,33,58,76,-18,25
1127,1127,PN Type A Cell,44,21,42,30,65,72,-7,35
1128,1128,PN Type A Cell,49,23,44,46,72,90,-18,26
1129,1129,PN Type A Cell,49,20,34,42,69,76,-7,27
1130,1130,PN Type A Cell,48,22,42,34,70,76,-6,36
1131,1131,PN Type A Cell,45,22,33,42,67,75,-8,25
1132,1132,PN Type A Cell,43,19,51,37,62,88,-26,25
1133,1133,PN Type A Cell,44,24,34,27,68,61,7,41
1134,1134,PN Type A Cell,45,19,45,30,64,75,-11,34
1135,1135,PN Type A Cell,48,19,36,40,67,76,-9,27
1136,1136,PN Type A Cell,53,17,33,31,70,64,6,39
1137,1137,PN Type A Cell,38,15,41,38,53,79,-26,15
1138,1138,PN Type A Cell,47,18,44,39,65,83,-18,26
1139,1139,PN Type A Cell,51,21,45,52,72,97,-25,20
1140,1140,PN Type A Cell,33,17,37,45,50,82,-32,5
1141,1141,PN Type A Cell,59,16,49,33,75,82,-7,42
1142,1142,PN Type A Cell,41,18,44,36,59,80,-21,23
1143,1143,PN Type A Cell,37,18,39,39,55,78,-23,16
1144,1144,PN Type A Cell,42,16,33,30,58,63,-5,28
1145,1145,PN Type A Cell,52,13,33,34,65,67,-2,31
1146,1146,PN Type A Cell,42,15,36,40,57,76,-19,17
1147,1147,PN Type A Cell,48,20,40,29,68,69,-1,39
1148,1148,PN Type A Cell,37,23,46,38,60,84,-24,22
1149,1149,PN Type A Cell,43,24,28,45,67,73,-6,22
1150,1150,PN Type A Cell,50,23,33,24,73,57,16,49
1151,1151,PN Type A Cell,43,19,42,31,62,73,-11,31
1152,1152,PN Type A Cell,40,17,34,28,57,62,-5,29
1153,1153,PN Type A Cell,33,18,42,30,51,72,-21,21
1154,1154,PN Type A Cell,45,20,57,30,65,87,-22,35
1155,1155,PN Type A Cell,43,19,50,33,62,83,-21,29
1156,1156,PN Type A Cell,42,21,33,36,63,69,-6,27
1157,1157,PN Type A Cell,38,15,47,33,53,80,-27,20
1158,1158,PN Type A Cell,40,19,41,34,59,75,-16,25
1159,1159,PN Type A Cell,55,15,39,24,70,63,7,46
1160,1160,PN Type A Cell,48,29,32,40,77,72,5,37
1161,1161,PN Type A Cell,45,17,43,36,62,79,-17,26
1162,1162,PN Type A Cell,42,22,37,33,64,70,-6,31
1163,1163,PN Type A Cell,54,15,32,38,69,70,-1,31
1164,1164,PN Type A Cell,50,9,33,40,59,73,-14,19
1165,1165,PN Type A Cell,51,5,40,32,56,72,-16,24
1166,1166,PN Type A Cell,41,21,40,39,62,79,-17,23
1167,1167,PN Type A Cell,47,19,39,35,66,74,-8,31
1168,1168,PN Type A Cell,54,16,46,29,70,75,-5,41
1169,1169,PN Type A Cell,39,20,38,37,59,75,-16,22
1170,1170,PN Type A Cell,49,12,35,27,61,62,-1,34
1171,1171,PN Type A Cell,46,12,48,29,58,77,-19,29
1172,1172,PN Type A Cell,46,20,38,40,66,78,-12,26
1173,1173,PN Type A Cell,36,18,29,31,54,60,-6,23
1174,1174,PN Type A Cell,45,16,35,44,61,79,-18,17
1175,1175,PN Type A Cell,55,11,37,34,66,71,-5,32
1176,1176,PN Type A Cell,51,12,37,21,63,58,5,42
1177,1177,PN Type A Cell,41,15,52,41,56,93,-37,15
1178,1178,PN Type A Cell,36,9,38,36,45,74,-29,9
1179,1179,PN Type A Cell,33,13,31,36,46,67,-21,10
1180,1180,PN Type A Cell,50,23,36,34,73,70,3,39
1181,1181,PN Type A Cell,36,17,33,39,53,72,-19,14
1182,1182,PN Type A Cell,52,14,40,40,66,80,-14,26
1183,1183,PN Type A Cell,45,15,45,35,60,80,-20,25
1184,1184,PN Type A Cell,57,18,44,30,75,74,1,45
1185,1185,PN Type A Cell,40,13,36,30,53,66,-13,23
1186,1186,PN Type A Cell,35,25,39,25,60,64,-4,35
1187,1187,PN Type A Cell,50,13,46,38,63,84,-21,25
1188,1188,PN Type A Cell,54,15,30,27,69,57,12,42
1189,1189,PN Type A Cell,50,21,40,35,71,75,-4,36
1190,1190,PN Type A Cell,51,18,46,31,69,77,-8,38
1191,1191,PN Type A Cell,47,26,33,30,73,63,10,43
1192,1192,PN Type A Cell,31,21,30,47,52,77,-25,5
1193,1193,PN Type A Cell,56,22,42,42,78,84,-6,36
1194,1194,PN Type A Cell,41,16,45,39,57,84,-27,18
1195,1195,PN Type A Cell,60,15,27,35,75,62,13,40
1196,1196,PN Type A Cell,63,21,36,32,84,68,16,52
1197,1197,PN Type A Cell,44,25,46,33,69,79,-10,36
1198,1198,PN Type A Cell,42,15,22,37,57,59,-2,20
1199,1199,PN Type A Cell,55,16,39,34,71,73,-2,37
1200,1200,PN Type A Cell,49,13,49,30,62,79,-17,32
1201,1201,PN Type A Cell,58,16,40,30,74,70,4,44
1202,1202,PN Type A Cell,34,23,30,41,57,71,-14,16
1203,1203,PN Type A Cell,51,19,38,28,70,66,4,42
1204,1204,PN Type A Cell,49,15,42,23,64,65,-1,41
1205,1205,PN Type A Cell,50,15,39,34,65,73,-8,31
1206,1206,PN Type A Cell,51,24,39,44,75,83,-8,31
1207,1207,PN Type A Cell,41,13,50,34,54,84,-30,20
1208,1208,PN Type A Cell,49,17,38,50,66,88,-22,16
1209,1209,PN Type A Cell,46,18,52,33,64,85,-21,31
1210,1210,PN Type A Cell,59,14,38,26,73,64,9,47
1211,1211,PN Type A Cell,54,21,30,38,75,68,7,37
1212,1212,PN Type A Cell,47,20,38,36,67,74,-7,31
1213,1213,PN Type A Cell,45,22,44,37,67,81,-14,30
1214,1214,PN Type A Cell,62,17,55,28,79,83,-4,51
1215,1215,PN Type A Cell,41,13,28,39,54,67,-13,15
1216,1216,PN Type A Cell,44,17,43,40,61,83,-22,21
1217,1217,PN Type A Cell,54,21,38,28,75,66,9,47
1218,1218,PN Type A Cell,48,22,43,42,70,85,-15,28
1219,1219,PN Type A Cell,50,20,38,39,70,77,-7,31
1220,1220,PN Type A Cell,49,21,33,34,70,67,3,36
1221,1221,PN Type A Cell,53,20,33,41,73,74,-1,32
1222,1222,PN Type A Cell,44,18,35,39,62,74,-12,23
1223,1223,PN Type A Cell,42,12,43,31,54,74,-20,23
1224,1224,PN Type A Cell,36,20,33,43,56,76,-20,13
1225,1225,PN Type A Cell,37,17,35,34,54,69,-15,20
1226,1226,PN Type A Cell,32,20,48,34,52,82,-30,18
1227,1227,PN Type A Cell,53,18,32,38,71,70,1,33
1228,1228,PN Type A Cell,40,19,38,34,59,72,-13,25
1229,1229,PN Type A Cell,37,19,34,31,56,65,-9,25
1230,1230,PN Type A Cell,40,16,42,36,56,78,-22,20
1231,1231,PN Type A Cell,46,15,40,38,61,78,-17,23
1232,1232,PN Type A Cell,46,23,33,34,69,67,2,35
1233,1233,PN Type A Cell,44,13,40,44,57,84,-27,13
1234,1234,PN Type A Cell,37,14,41,37,51,78,-27,14
1235,1235,PN Type A Cell,53,15,35,31,68,66,2,37
1236,1236,PN Type A Cell,49,15,32,40,64,72,-8,24
1237,1237,PN Type A Cell,39,21,39,30,60,69,-9,30
1238,1238,PN Type A Cell,35,11,33,26,46,59,-13,20
1239,1239,PN Type A Cell,48,17,49,44,65,93,-28,21
1240,1240,PN Type A Cell,38,19,37,36,57,73,-16,21
1241,1241,PN Type A Cell,36,20,34,40,56,74,-18,16
1242,1242,PN Type A Cell,43,22,31,29,65,60,5,36
1243,1243,PN Type A Cell,40,22,53,34,62,87,-25,28
1244,1244,PN Type A Cell,39,17,33,35,56,68,-12,21
1245,1245,PN Type A Cell,51,17,45,40,68,85,-17,28
1246,1246,PN Type A Cell,49,14,42,40,63,82,-19,23
1247,1247,PN Type A Cell,56,15,37,35,71,72,-1,36
1248,1248,PN Type A Cell,41,14,38,32,55,70,-15,23
1249,1249,PN Type A Cell,40,15,39,39,55,78,-23,16
1250,1250,PN Type A Cell,44,18,31,40,62,71,-9,22
1251,1251,PN Type A Cell,47,20,43,41,67,84,-17,26
1252,1252,PN Type A Cell,49,14,40,44,63,84,-21,19
1253,1253,PN Type A Cell,47,11,27,35,58,62,-4,23
1254,1254,PN Type A Cell,42,19,50,43,61,93,-32,18
1255,1255,PN Type A Cell,40,16,42,30,56,72,-16,26
1256,1256,PN Type A Cell,44,20,36,42,64,78,-14,22
1257,1257,PN Type A Cell,55,15,47,33,70,80,-10,37
1258,1258,PN Type A Cell,42,18,33,36,60,69,-9,24
1259,1259,PN Type A Cell,49,16,40,37,65,77,-12,28
1260,1260,PN Type A Cell,40,25,40,34,65,74,-9,31
1261,1261,PN Type A Cell,32,26,40,39,58,79,-21,19
1262,1262,PN Type A Cell,38,22,39,36,60,75,-15,24
1263,1263,PN Type A Cell,33,26,40,27,59,67,-8,32
1264,1264,PN Type A Cell,53,19,34,38,72,72,0,34
1265,1265,PN Type A Cell,47,25,42,38,72,80,-8,34
1266,1266,PN Type A Cell,46,17,30,29,63,59,4,34
1267,1267,PN Type A Cell,51,20,44,28,71,72,-1,43
1268,1268,PN Type A Cell,43,17,45,37,60,82,-22,23
1269,1269,PN Type A Cell,49,25,38,28,74,66,8,46
1270,1270,PN Type A Cell,45,21,42,28,66,70,-4,38
1271,1271,PN Type A Cell,44,9,38,33,53,71,-18,20
1272,1272,PN Type A Cell,46,19,29,28,65,57,8,37
1273,1273,PN Type A Cell,41,22,43,31,63,74,-11,32
1274,1274,PN Type A Cell,52,18,41,24,70,65,5,46
1275,1275,PN Type A Cell,54,14,37,43,68,80,-12,25
1276,1276,PN Type A Cell,49,16,41,40,65,81,-16,25
1277,1277,PN Type A Cell,44,15,33,33,59,66,-7,26
1278,1278,PN Type A Cell,46,30,43,37,76,80,-4,39
1279,1279,PN Type A Cell,42,10,35,36,52,71,-19,16
1280,1280,PN Type A Cell,36,19,41,28,55,69,-14,27
1281,1281,PN Type A Cell,48,15,45,31,63,76,-13,32
1282,1282,PN Type A Cell,44,27,33,34,71,67,4,37
1283,1283,PN Type A Cell,55,19,39,38,74,77,-3,36
1284,1284,PN Type A Cell,43,19,37,36,62,73,-11,26
1285,1285,PN Type A Cell,44,24,38,43,68,81,-13,25
1286,1286,PN Type A Cell,47,15,35,32,62,67,-5,30
1287,1287,PN Type A Cell,38,15,32,29,53,61,-8,24
1288,1288,PN Type A Cell,42,24,43,33,66,76,-10,33
1289,1289,PN Type A Cell,43,30,31,33,73,64,9,40
1290,1290,PN Type A Cell,35,17,44,49,52,93,-41,3
1291,1291,PN Type A Cell,44,20,38,35,64,73,-9,29
1292,1292,PN Type A Cell,57,16,35,35,73,70,3,38
1293,1293,PN Type A Cell,47,20,37,38,67,75,-8,29
1294,1294,PN Type A Cell,38,18,37,39,56,76,-20,17
1295,1295,PN Type A Cell,39,14,38,32,53,70,-17,21
1296,1296,PN Type A Cell,46,15,30,44,61,74,-13,17
1297,1297,PN Type A Cell,36,23,52,35,59,87,-28,24
1298,1298,PN Type A Cell,53,28,32,42,81,74,7,39
1299,1299,PN Type A Cell,40,21,50,26,61,76,-15,35
1300,1300,PN Type A Cell,44,23,30,39,67,69,-2,28
1301,1301,PN Type A Cell,49,17,35,31,66,66,0,35
1302,1302,PN Type A Cell,37,16,36,36,53,72,-19,17
1303,1303,PN Type A Cell,42,13,27,42,55,69,-14,13
1304,1304,PN Type A Cell,53,25,45,42,78,87,-9,36
1305,1305,PN Type A Cell,46,23,43,36,69,79,-10,33
1306,1306,PN Type A Cell,39,10,33,40,49,73,-24,9
1307,1307,PN Type A Cell,47,16,34,34,63,68,-5,29
1308,1308,PN Type A Cell,48,23,44,28,71,72,-1,43
1309,1309,PN Type A Cell,47,23,35,43,70,78,-8,27
1310,1310,PN Type A Cell,38,14,36,41,52,77,-25,11
1311,1311,PN Type A Cell,43,20,46,40,63,86,-23,23
1312,1312,PN Type A Cell,41,21,39,39,62,78,-16,23
1313,1313,PN Type A Cell,55,24,43,38,79,81,-2,41
1314,1314,PN Type A Cell,41,25,44,28,66,72,-6,38
1315,1315,PN Type A Cell,52,21,46,32,73,78,-5,41
1316,1316,PN Type A Cell,42,27,36,30,69,66,3,39
1317,1317,PN Type A Cell,46,19,50,34,65,84,-19,31
1318,1318,PN Type A Cell,47,17,36,37,64,73,-9,27
1319,1319,PN Type A Cell,40,22,39,26,62,65,-3,36
1320,1320,PN Type A Cell,61,16,52,41,77,93,-16,36
1321,1321,PN Type A Cell,37,20,40,37,57,77,-20,20
1322,1322,PN Type A Cell,53,19,34,39,72,73,-1,33
1323,1323,PN Type A Cell,48,11,39,42,59,81,-22,17
1324,1324,PN Type A Cell,52,20,39,38,72,77,-5,34
1325,1325,PN Type A Cell,40,28,48,41,68,89,-21,27
1326,1326,PN Type A Cell,44,22,47,28,66,75,-9,38
1327,1327,PN Type A Cell,36,15,40,26,51,66,-15,25
1328,1328,PN Type A Cell,34,16,29,49,50,78,-28,1
1329,1329,PN Type A Cell,50,17,34,36,67,70,-3,31
1330,1330,PN Type A Cell,46,21,35,31,67,66,1,36
1331,1331,PN Type A Cell,47,13,47,42,60,89,-29,18
1332,1332,PN Type A Cell,40,22,44,18,62,62,0,44
1333,1333,PN Type A Cell,52,16,45,34,68,79,-11,34
1334,1334,PN Type A Cell,38,26,27,42,64,69,-5,22
1335,1335,PN Type A Cell,42,12,48,32,54,80,-26,22
1336,1336,PN Type A Cell,49,15,32,34,64,66,-2,30
1337,1337,PN Type A Cell,41,16,42,34,57,76,-19,23
1338,1338,PN Type A Cell,44,21,27,33,65,60,5,32
1339,1339,PN Type A Cell,40,17,38,34,57,72,-15,23
1340,1340,PN Type A Cell,59,23,26,40,82,66,16,42
1341,1341,PN Type A Cell,46,20,34,38,66,72,-6,28
1342,1342,PN Type A Cell,38,23,37,30,61,67,-6,31
1343,1343,PN Type A Cell,37,17,48,22,54,70,-16,32
1344,1344,PN Type A Cell,57,15,27,40,72,67,5,32
1345,1345,PN Type A Cell,39,12,35,38,51,73,-22,13
1346,1346,PN Type A Cell,53,19,39,21,72,60,12,51
1347,1347,PN Type A Cell,60,17,31,41,77,72,5,36
1348,1348,PN Type A Cell,41,16,34,32,57,66,-9,25
1349,1349,PN Type A Cell,49,21,44,36,70,80,-10,34
1350,1350,PN Type A Cell,41,12,39,30,53,69,-16,23
1351,1351,PN Type A Cell,34,18,33,32,52,65,-13,20
1352,1352,PN Type A Cell,52,19,33,34,71,67,4,37
1353,1353,PN Type A Cell,42,24,35,39,66,74,-8,27
1354,1354,PN Type A Cell,31,17,38,27,48,65,-17,21
1355,1355,PN Type A Cell,44,10,28,44,54,72,-18,10
1356,1356,PN Type A Cell,31,17,42,39,48,81,-33,9
1357,1357,PN Type A Cell,41,15,33,32,56,65,-9,24
1358,1358,PN Type A Cell,52,16,44,31,68,75,-7,37
1359,1359,PN Type A Cell,42,13,38,30,55,68,-13,25
1360,1360,PN Type A Cell,39,17,47,25,56,72,-16,31
1361,1361,PN Type A Cell,50,25,40,29,75,69,6,46
1362,1362,PN Type A Cell,33,25,37,29,58,66,-8,29
1363,1363,PN Type A Cell,44,20,47,32,64,79,-15,32
1364,1364,PN Type A Cell,49,15,41,39,64,80,-16,25
1365,1365,PN Type A Cell,50,16,30,31,66,61,5,35
1366,1366,PN Type A Cell,48,26,44,47,74,91,-17,27
1367,1367,PN Type A Cell,41,13,36,37,54,73,-19,17
1368,1368,PN Type A Cell,40,17,29,37,57,66,-9,20
1369,1369,PN Type A Cell,47,14,41,45,61,86,-25,16
1370,1370,PN Type A Cell,37,21,50,43,58,93,-35,15
1371,1371,PN Type A Cell,46,17,41,40,63,81,-18,23
1372,1372,PN Type A Cell,36,14,34,33,50,67,-17,17
1373,1373,PN Type A Cell,42,21,32,44,63,76,-13,19
1374,1374,PN Type A Cell,50,24,34,35,74,69,5,39
1375,1375,PN Type A Cell,46,19,32,36,65,68,-3,29
1376,1376,PN Type A Cell,49,20,35,41,69,76,-7,28
1377,1377,PN Type A Cell,35,28,35,39,63,74,-11,24
1378,1378,PN Type A Cell,45,15,37,36,60,73,-13,24
1379,1379,PN Type A Cell,50,16,41,28,66,69,-3,38
1380,1380,PN Type A Cell,48,13,36,25,61,61,0,36
1381,1381,PN Type A Cell,36,22,32,34,58,66,-8,24
1382,1382,PN Type A Cell,46,27,32,39,73,71,2,34
1383,1383,PN Type A Cell,54,14,48,33,68,81,-13,35
1384,1384,PN Type A Cell,43,17,37,38,60,75,-15,22
1385,1385,PN Type A Cell,57,27,36,32,84,68,16,52
1386,1386,PN Type A Cell,53,19,40,37,72,77,-5,35
1387,1387,PN Type A Cell,37,12,42,39,49,81,-32,10
1388,1388,PN Type A Cell,34,17,40,34,51,74,-23,17
1389,1389,PN Type A Cell,36,20,41,37,56,78,-22,19
1390,1390,PN Type A Cell,50,12,39,38,62,77,-15,24
1391,1391,PN Type A Cell,42,23,32,31,65,63,2,34
1392,1392,PN Type A Cell,47,26,46,43,73,89,-16,30
1393,1393,PN Type A Cell,44,20,34,30,64,64,0,34
1394,1394,PN Type A Cell,48,23,42,37,71,79,-8,34
1395,1395,PN Type A Cell,49,17,28,36,66,64,2,30
1396,1396,PN Type A Cell,31,20,47,43,51,90,-39,8
1397,1397,PN Type A Cell,48,16,40,40,64,80,-16,24
1398,1398,PN Type A Cell,42,20,33,35,62,68,-6,27
1399,1399,PN Type A Cell,41,17,32,30,58,62,-4,28
1400,1400,PN Type A Cell,44,17,38,27,61,65,-4,34
1401,1401,PN Type A Cell,44,16,33,33,60,66,-6,27
1402,1402,PN Type A Cell,51,15,49,28,66,77,-11,38
1403,1403,PN Type A Cell,54,17,42,31,71,73,-2,40
1404,1404,PN Type A Cell,44,22,30,33,66,63,3,33
1405,1405,PN Type A Cell,42,12,35,34,54,69,-15,20
1406,1406,PN Type A Cell,54,13,45,37,67,82,-15,30
1407,1407,PN Type A Cell,46,18,39,33,64,72,-8,31
1408,1408,PN Type A Cell,33,20,40,32,53,72,-19,21
1409,1409,PN Type A Cell,34,16,33,41,50,74,-24,9
1410,1410,PN Type A Cell,29,16,37,31,45,68,-23,14
1411,1411,PN Type A Cell,39,10,39,29,49,68,-19,20
1412,1412,PN Type A Cell,38,19,43,33,57,76,-19,24
1413,1413,PN Type A Cell,31,15,34,32,46,66,-20,14
1414,1414,PN Type A Cell,58,17,33,44,75,77,-2,31
1415,1415,PN Type A Cell,51,13,42,40,64,82,-18,24
1416,1416,PN Type A Cell,41,24,40,30,65,70,-5,35
1417,1417,PN Type A Cell,42,19,35,32,61,67,-6,29
1418,1418,PN Type A Cell,39,20,36,26,59,62,-3,33
1419,1419,PN Type A Cell,42,19,40,36,61,76,-15,25
1420,1420,PN Type A Cell,46,26,35,43,72,78,-6,29
1421,1421,PN Type A Cell,45,16,37,29,61,66,-5,32
1422,1422,PN Type A Cell,51,16,34,33,67,67,0,34
1423,1423,PN Type A Cell,35,16,40,47,51,87,-36,4
1424,1424,PN Type A Cell,50,19,41,39,69,80,-11,30
1425,1425,PN Type A Cell,42,13,34,31,55,65,-10,24
1426,1426,PN Type A Cell,43,17,45,34,60,79,-19,26
1427,1427,PN Type A Cell,53,15,47,33,68,80,-12,35
1428,1428,PN Type A Cell,36,17,41,39,53,80,-27,14
1429,1429,PN Type A Cell,43,23,41,43,66,84,-18,23
1430,1430,PN Type A Cell,37,16,39,38,53,77,-24,15
1431,1431,PN Type A Cell,43,24,47,22,67,69,-2,45
1432,1432,PN Type A Cell,57,20,39,34,77,73,4,43
1433,1433,PN Type A Cell,44,18,40,29,62,69,-7,33
1434,1434,PN Type A Cell,32,15,38,29,47,67,-20,18
1435,1435,PN Type A Cell,48,19,35,39,67,74,-7,28
1436,1436,PN Type A Cell,39,20,44,31,59,75,-16,28
1437,1437,PN Type A Cell,34,15,40,42,49,82,-33,7
1438,1438,PN Type A Cell,45,23,32,33,68,65,3,35
1439,1439,PN Type A Cell,47,18,43,31,65,74,-9,34
1440,1440,PN Type A Cell,42,12,29,33,54,62,-8,21
1441,1441,PN Type A Cell,45,16,36,38,61,74,-13,23
1442,1442,PN Type A Cell,48,13,33,32,61,65,-4,29
1443,1443,PN Type A Cell,39,23,34,31,62,65,-3,31
1444,1444,PN Type A Cell,44,23,35,49,67,84,-17,18
1445,1445,PN Type A Cell,38,17,37,34,55,71,-16,21
1446,1446,PN Type A Cell,52,15,32,31,67,63,4,36
1447,1447,PN Type A Cell,30,19,40,42,49,82,-33,7
1448,1448,PN Type A Cell,56,21,42,40,77,82,-5,37
1449,1449,PN Type A Cell,51,10,46,36,61,82,-21,25
1450,1450,PN Type A Cell,49,20,49,26,69,75,-6,43
1451,1451,PN Type A Cell,28,19,34,37,47,71,-24,10
1452,1452,PN Type A Cell,41,18,41,33,59,74,-15,26
1453,1453,PN Type A Cell,50,25,43,33,75,76,-1,42
1454,1454,PN Type A Cell,28,19,28,37,47,65,-18,10
1455,1455,PN Type A Cell,36,21,28,39,57,67,-10,18
1456,1456,PN Type A Cell,36,17,40,36,53,76,-23,17
1457,1457,PN Type A Cell,54,23,32,32,77,64,13,45
1458,1458,PN Type A Cell,59,16,39,39,75,78,-3,36
1459,1459,PN Type A Cell,50,16,24,39,66,63,3,27
1460,1460,PN Type A Cell,43,17,47,40,60,87,-27,20
1461,1461,PN Type A Cell,45,24,44,31,69,75,-6,38
1462,1462,PN Type A Cell,44,15,48,34,59,82,-23,25
1463,1463,PN Type A Cell,41,16,31,40,57,71,-14,17
1464,1464,PN Type A Cell,46,14,39,28,60,67,-7,32
1465,1465,PN Type A Cell,35,18,40,30,53,70,-17,23
1466,1466,PN Type A Cell,48,18,45,28,66,73,-7,38
1467,1467,PN Type A Cell,33,17,40,36,50,76,-26,14
1468,1468,PN Type A Cell,56,19,44,33,75,77,-2,42
1469,1469,PN Type A Cell,52,19,36,25,71,61,10,46
1470,1470,PN Type A Cell,50,17,37,39,67,76,-9,28
1471,1471,PN Type A Cell,38,20,49,32,58,81,-23,26
1472,1472,PN Type A Cell,46,19,41,38,65,79,-14,27
1473,1473,PN Type A Cell,46,24,33,39,70,72,-2,31
1474,1474,PN Type A Cell,51,23,43,34,74,77,-3,40
1475,1475,PN Type A Cell,42,22,26,39,64,65,-1,25
1476,1476,PN Type A Cell,33,16,38,27,49,65,-16,22
1477,1477,PN Type A Cell,58,13,42,33,71,75,-4,38
1478,1478,PN Type A Cell,45,15,50,34,60,84,-24,26
1479,1479,PN Type A Cell,41,22,37,43,63,80,-17,20
1480,1480,PN Type A Cell,53,19,42,35,72,77,-5,37
1481,1481,PN Type A Cell,33,12,45,42,45,87,-42,3
1482,1482,PN Type A Cell,37,30,37,29,67,66,1,38
1483,1483,PN Type A Cell,49,20,35,27,69,62,7,42
1484,1484,PN Type A Cell,43,16,30,30,59,60,-1,29
1485,1485,PN Type A Cell,51,18,45,27,69,72,-3,42
1486,1486,PN Type A Cell,36,18,45,41,54,86,-32,13
1487,1487,PN Type A Cell,35,10,42,32,45,74,-29,13
1488,1488,PN Type A Cell,40,20,41,42,60,83,-23,18
1489,1489,PN Type A Cell,49,24,31,40,73,71,2,33
1490,1490,PN Type A Cell,47,17,43,44,64,87,-23,20
1491,1491,PN Type A Cell,44,23,43,26,67,69,-2,41
1492,1492,PN Type A Cell,53,16,35,34,69,69,0,35
1493,1493,PN Type A Cell,49,19,26,38,68,64,4,30
1494,1494,PN Type A Cell,49,22,37,40,71,77,-6,31
1495,1495,PN Type A Cell,43,18,33,39,61,72,-11,22
1496,1496,PN Type A Cell,41,17,34,45,58,79,-21,13
1497,1497,PN Type A Cell,37,21,34,32,58,66,-8,26
1498,1498,PN Type A Cell,44,25,41,33,69,74,-5,36
1499,1499,PN Type A Cell,60,24,45,40,84,85,-1,44
1500,1500,PN Type A Cell,42,16,39,32,58,71,-13,26
1501,1501,PN Type A Cell,54,25,32,32,79,64,15,47
1502,1502,PN Type A Cell,42,9,49,34,51,83,-32,17
1503,1503,PN Type A Cell,41,14,33,30,55,63,-8,25
1504,1504,PN Type A Cell,35,22,38,31,57,69,-12,26
1505,1505,PN Type A Cell,44,26,42,48,70,90,-20,22
1506,1506,PN Type A Cell,44,17,35,43,61,78,-17,18
1507,1507,PN Type A Cell,44,22,42,36,66,78,-12,30
1508,1508,PN Type A Cell,35,23,36,40,58,76,-18,18
1509,1509,PN Type A Cell,43,17,33,33,60,66,-6,27
1510,1510,PN Type A Cell,49,27,31,27,76,58,18,49
1511,1511,PN Type A Cell,50,13,34,27,63,61,2,36
1512,1512,PN Type A Cell,45,12,41,36,57,77,-20,21
1513,1513,PN Type A Cell,43,13,36,35,56,71,-15,21
1514,1514,PN Type A Cell,44,20,40,35,64,75,-11,29
1515,1515,PN Type A Cell,39,17,29,30,56,59,-3,26
1516,1516,PN Type A Cell,36,17,41,35,53,76,-23,18
1517,1517,PN Type A Cell,53,24,35,37,77,72,5,40
1518,1518,PN Type A Cell,43,29,39,35,72,74,-2,37
1519,1519,PN Type A Cell,45,20,31,33,65,64,1,32
1520,1520,PN Type A Cell,39,19,39,34,58,73,-15,24
1521,1521,PN Type A Cell,43,22,33,40,65,73,-8,25
1522,1522,PN Type A Cell,43,20,33,30,63,63,0,33
1523,1523,PN Type A Cell,46,23,38,35,69,73,-4,34
1524,1524,PN Type A Cell,49,18,31,38,67,69,-2,29
1525,1525,PN Type A Cell,53,21,45,28,74,73,1,46
1526,1526,PN Type A Cell,39,22,48,34,61,82,-21,27
1527,1527,PN Type A Cell,46,25,36,27,71,63,8,44
1528,1528,PN Type A Cell,41,23,48,48,64,96,-32,16
1529,1529,PN Type A Cell,65,16,35,32,81,67,14,49
1530,1530,PN Type A Cell,42,18,38,36,60,74,-14,24
1531,1531,PN Type A Cell,45,17,34,42,62,76,-14,20
1532,1532,PN Type A Cell,46,12,37,44,58,81,-23,14
1533,1533,PN Type A Cell,49,20,40,41,69,81,-12,28
1534,1534,PN Type A Cell,49,16,39,39,65,78,-13,26
1535,1535,PN Type A Cell,50,22,49,37,72,86,-14,35
1536,1536,PN Type A Cell,47,21,34,37,68,71,-3,31
1537,1537,PN Type A Cell,49,17,40,45,66,85,-19,21
1538,1538,PN Type A Cell,46,15,46,41,61,87,-26,20
1539,1539,PN Type A Cell,45,16,22,44,61,66,-5,17
1540,1540,PN Type A Cell,52,17,32,35,69,67,2,34
1541,1541,PN Type A Cell,39,25,37,40,64,77,-13,24
1542,1542,PN Type A Cell,47,21,39,34,68,73,-5,34
1543,1543,PN Type A Cell,43,15,39,31,58,70,-12,27
1544,1544,PN Type A Cell,50,16,40,39,66,79,-13,27
1545,1545,PN Type A Cell,46,14,42,39,60,81,-21,21
1546,1546,PN Type A Cell,49,30,37,26,79,63,16,53
1547,1547,PN Type A Cell,52,18,27,45,70,72,-2,25
1548,1548,PN Type A Cell,47,12,32,29,59,61,-2,30
1549,1549,PN Type A Cell,39,22,31,40,61,71,-10,21
1550,1550,PN Type A Cell,48,14,34,19,62,53,9,43
1551,1551,PN Type A Cell,47,21,49,44,68,93,-25,24
1552,1552,PN Type A Cell,44,15,33,48,59,81,-22,11
1553,1553,PN Type A Cell,47,28,46,39,75,85,-10,36
1554,1554,PN Type A Cell,55,27,36,32,82,68,14,50
1555,1555,PN Type A Cell,47,10,43,35,57,78,-21,22
1556,1556,PN Type A Cell,52,22,44,33,74,77,-3,41
1557,1557,PN Type A Cell,46,27,31,35,73,66,7,38
1558,1558,PN Type A Cell,50,20,44,29,70,73,-3,41
1559,1559,PN Type A Cell,47,19,41,33,66,74,-8,33
1560,1560,PN Type A Cell,43,20,40,40,63,80,-17,23
1561,1561,PN Type A Cell,49,11,33,40,60,73,-13,20
1562,1562,PN Type A Cell,36,17,51,44,53,95,-42,9
1563,1563,PN Type A Cell,47,10,51,34,57,85,-28,23
1564,1564,PN Type A Cell,40,18,37,39,58,76,-18,19
1565,1565,PN Type A Cell,32,15,43,37,47,80,-33,10
1566,1566,PN Type A Cell,40,18,42,31,58,73,-15,27
1567,1567,PN Type A Cell,47,18,38,38,65,76,-11,27
1568,1568,PN Type A Cell,51,17,35,30,68,65,3,38
1569,1569,PN Type A Cell,42,20,39,28,62,67,-5,34
1570,1570,PN Type A Cell,45,19,39,37,64,76,-12,27
1571,1571,PN Type A Cell,48,19,36,35,67,71,-4,32
1572,1572,PN Type A Cell,42,17,40,37,59,77,-18,22
1573,1573,PN Type A Cell,42,15,32,30,57,62,-5,27
1574,1574,PN Type A Cell,53,19,40,35,72,75,-3,37
1575,1575,PN Type A Cell,54,27,37,43,81,80,1,38
1576,1576,PN Type A Cell,43,18,53,30,61,83,-22,31
1577,1577,PN Type A Cell,47,21,34,40,68,74,-6,28
1578,1578,PN Type A Cell,47,18,42,39,65,81,-16,26
1579,1579,PN Type A Cell,31,23,25,42,54,67,-13,12
1580,1580,PN Type A Cell,45,25,37,28,70,65,5,42
1581,1581,PN Type A Cell,33,24,34,35,57,69,-12,22
1582,1582,PN Type A Cell,46,20,28,40,66,68,-2,26
1583,1583,PN Type A Cell,37,14,40,34,51,74,-23,17
1584,1584,PN Type A Cell,48,24,46,30,72,76,-4,42
1585,1585,PN Type A Cell,42,15,29,34,57,63,-6,23
1586,1586,PN Type A Cell,43,21,34,32,64,66,-2,32
1587,1587,PN Type A Cell,56,22,39,37,78,76,2,41
1588,1588,PN Type A Cell,40,14,36,41,54,77,-23,13
1589,1589,PN Type A Cell,46,15,33,34,61,67,-6,27
1590,1590,PN Type A Cell,41,19,36,36,60,72,-12,24
1591,1591,PN Type A Cell,35,21,44,28,56,72,-16,28
1592,1592,PN Type A Cell,50,18,38,35,68,73,-5,33
1593,1593,PN Type A Cell,46,14,44,41,60,85,-25,19
1594,1594,PN Type A Cell,46,25,31,33,71,64,7,38
1595,1595,PN Type A Cell,41,15,49,37,56,86,-30,19
1596,1596,PN Type A Cell,46,16,40,32,62,72,-10,30
1597,1597,PN Type A Cell,41,16,33,35,57,68,-11,22
1598,1598,PN Type A Cell,43,16,36,31,59,67,-8,28
1599,1599,PN Type A Cell,49,15,36,37,64,73,-9,27
1600,1600,PN Type A Cell,49,16,35,37,65,72,-7,28
1601,1601,PN Type A Cell,34,21,38,28,55,66,-11,27
1602,1602,PN Type A Cell,40,13,32,24,53,56,-3,29
1603,1603,PN Type A Cell,56,14,40,33,70,73,-3,37
1604,1604,PN Type A Cell,42,19,39,36,61,75,-14,25
1605,1605,PN Type A Cell,44,19,41,31,63,72,-9,32
1606,1606,PN Type A Cell,49,13,50,37,62,87,-25,25
1607,1607,PN Type A Cell,34,25,37,40,59,77,-18,19
1608,1608,PN Type A Cell,46,15,44,34,61,78,-17,27
1609,1609,PN Type A Cell,34,24,39,45,58,84,-26,13
1610,1610,PN Type A Cell,51,20,41,35,71,76,-5,36
1611,1611,PN Type A Cell,56,21,33,32,77,65,12,45
1612,1612,PN Type A Cell,45,20,46,31,65,77,-12,34
1613,1613,PN Type A Cell,36,19,42,30,55,72,-17,25
1614,1614,PN Type A Cell,44,19,30,33,63,63,0,30
1615,1615,PN Type A Cell,53,15,34,38,68,72,-4,30
1616,1616,PN Type A Cell,42,16,39,22,58,61,-3,36
1617,1617,PN Type A Cell,41,22,45,33,63,78,-15,30
1618,1618,PN Type A Cell,54,14,46,29,68,75,-7,39
1619,1619,PN Type A Cell,33,19,38,34,52,72,-20,18
1620,1620,PN Type A Cell,46,22,30,37,68,67,1,31
1621,1621,PN Type A Cell,46,17,38,44,63,82,-19,19
1622,1622,PN Type A Cell,43,19,35,27,62,62,0,35
1623,1623,PN Type A Cell,46,14,36,24,60,60,0,36
1624,1624,PN Type A Cell,45,14,35,36,59,71,-12,23
1625,1625,PN Type A Cell,31,24,43,36,55,79,-24,19
1626,1626,PN Type A Cell,46,20,48,37,66,85,-19,29
1627,1627,PN Type A Cell,41,16,25,32,57,57,0,25
1628,1628,PN Type A Cell,36,13,42,34,49,76,-27,15
1629,1629,PN Type A Cell,34,19,43,33,53,76,-23,20
1630,1630,PN Type A Cell,42,21,40,38,63,78,-15,25
1631,1631,PN Type A Cell,42,20,44,30,62,74,-12,32
1632,1632,PN Type A Cell,36,16,35,40,52,75,-23,12
1633,1633,PN Type A Cell,47,17,38,42,64,80,-16,22
1634,1634,PN Type A Cell,41,19,42,34,60,76,-16,26
1635,1635,PN Type A Cell,47,16,34,39,63,73,-10,24
1636,1636,PN Type A Cell,51,18,42,29,69,71,-2,40
1637,1637,PN Type A Cell,51,15,47,29,66,76,-10,37
1638,1638,PN Type A Cell,39,22,33,35,61,68,-7,26
1639,1639,PN Type A Cell,42,22,28,34,64,62,2,30
1640,1640,PN Type A Cell,39,17,34,37,56,71,-15,19
1641,1641,PN Type A Cell,38,16,40,35,54,75,-21,19
1642,1642,PN Type A Cell,36,12,28,38,48,66,-18,10
1643,1643,PN Type A Cell,37,22,33,50,59,83,-24,9
1644,1644,PN Type A Cell,47,16,42,40,63,82,-19,23
1645,1645,PN Type A Cell,55,9,32,30,64,62,2,34
1646,1646,PN Type A Cell,44,14,39,35,58,74,-16,23
1647,1647,PN Type A Cell,37,18,37,39,55,76,-21,16
1648,1648,PN Type A Cell,50,17,37,30,67,67,0,37
1649,1649,PN Type A Cell,45,17,46,36,62,82,-20,26
1650,1650,PN Type A Cell,56,21,40,45,77,85,-8,32
1651,1651,PN Type A Cell,33,15,42,32,48,74,-26,16
1652,1652,PN Type A Cell,47,24,36,30,71,66,5,41
1653,1653,PN Type A Cell,45,24,45,34,69,79,-10,35
1654,1654,PN Type A Cell,38,22,32,41,60,73,-13,19
1655,1655,PN Type A Cell,49,12,51,43,61,94,-33,18
1656,1656,PN Type A Cell,41,12,31,23,53,54,-1,30
1657,1657,PN Type A Cell,48,22,42,41,70,83,-13,29
1658,1658,PN Type A Cell,41,18,34,24,59,58,1,35
1659,1659,PN Type A Cell,60,14,39,32,74,71,3,42
1660,1660,PN Type A Cell,38,19,44,42,57,86,-29,15
1661,1661,PN Type A Cell,39,13,35,35,52,70,-18,17
1662,1662,PN Type A Cell,41,15,40,37,56,77,-21,19
1663,1663,PN Type A Cell,53,20,40,40,73,80,-7,33
1664,1664,PN Type A Cell,41,26,39,34,67,73,-6,33
1665,1665,PN Type A Cell,44,18,37,37,62,74,-12,25
1666,1666,PN Type A Cell,49,14,36,35,63,71,-8,28
1667,1667,PN Type A Cell,48,21,37,37,69,74,-5,32
1668,1668,PN Type A Cell,39,15,37,19,54,56,-2,35
1669,1669,PN Type A Cell,61,22,34,30,83,64,19,53
1670,1670,PN Type A Cell,61,19,42,38,80,80,0,42
1671,1671,PN Type A Cell,54,20,39,34,74,73,1,40
1672,1672,PN Type A Cell,44,10,41,27,54,68,-14,27
1673,1673,PN Type A Cell,46,14,40,39,60,79,-19,21
1674,1674,PN Type A Cell,51,18,45,37,69,82,-13,32
1675,1675,PN Type A Cell,47,29,39,38,76,77,-1,38
1676,1676,PN Type A Cell,40,27,26,24,67,50,17,43
1677,1677,PN Type A Cell,40,16,46,33,56,79,-23,23
1678,1678,PN Type A Cell,36,22,46,34,58,80,-22,24
1679,1679,PN Type A Cell,48,21,38,26,69,64,5,43
1680,1680,PN Type A Cell,50,21,46,26,71,72,-1,45
1681,1681,PN Type A Cell,45,17,45,33,62,78,-16,29
1682,1682,PN Type A Cell,41,23,34,37,64,71,-7,27
1683,1683,PN Type A Cell,52,14,36,38,66,74,-8,28
1684,1684,PN Type A Cell,49,20,35,40,69,75,-6,29
1685,1685,PN Type A Cell,44,20,40,35,64,75,-11,29
1686,1686,PN Type A Cell,45,11,38,36,56,74,-18,20
1687,1687,PN Type A Cell,42,19,40,47,61,87,-26,14
1688,1688,PN Type A Cell,46,22,32,36,68,68,0,32
1689,1689,PN Type A Cell,42,20,33,34,62,67,-5,28
1690,1690,PN Type A Cell,35,11,40,34,46,74,-28,12
1691,1691,PN Type A Cell,46,16,49,39,62,88,-26,23
1692,1692,PN Type A Cell,44,25,44,39,69,83,-14,30
1693,1693,PN Type A Cell,53,16,26,41,69,67,2,28
1694,1694,PN Type A Cell,45,25,37,30,70,67,3,40
1695,1695,PN Type A Cell,44,12,35,35,56,70,-14,21
1696,1696,PN Type A Cell,54,14,24,33,68,57,11,35
1697,1697,PN Type A Cell,50,25,41,50,75,91,-16,25
1698,1698,PN Type A Cell,46,28,41,30,74,71,3,44
1699,1699,PN Type A Cell,48,23,36,38,71,74,-3,33
1700,1700,PN Type A Cell,45,15,32,33,60,65,-5,27
1701,1701,PN Type A Cell,51,17,40,33,68,73,-5,35
1702,1702,PN Type A Cell,51,17,43,34,68,77,-9,34
1703,1703,PN Type A Cell,42,20,41,44,62,85,-23,18
1704,1704,PN Type A Cell,47,14,48,38,61,86,-25,23
1705,1705,PN Type A Cell,29,17,29,40,46,69,-23,6
1706,1706,PN Type A Cell,45,20,38,33,65,71,-6,32
1707,1707,PN Type A Cell,43,24,37,38,67,75,-8,29
1708,1708,PN Type A Cell,48,20,33,28,68,61,7,40
1709,1709,PN Type A Cell,51,14,34,43,65,77,-12,22
1710,1710,PN Type A Cell,45,24,42,37,69,79,-10,32
1711,1711,PN Type A Cell,40,17,31,32,57,63,-6,25
1712,1712,PN Type A Cell,50,19,47,37,69,84,-15,32
1713,1713,PN Type A Cell,48,19,39,32,67,71,-4,35
1714,1714,PN Type A Cell,44,21,29,37,65,66,-1,28
1715,1715,PN Type A Cell,47,14,40,33,61,73,-12,28
1716,1716,PN Type A Cell,39,26,43,33,65,76,-11,32
1717,1717,PN Type A Cell,47,21,46,40,68,86,-18,28
1718,1718,PN Type A Cell,42,14,21,40,56,61,-5,16
1719,1719,PN Type A Cell,44,18,34,34,62,68,-6,28
1720,1720,PN Type A Cell,45,18,43,27,63,70,-7,36
1721,1721,PN Type A Cell,52,18,38,28,70,66,4,42
1722,1722,PN Type A Cell,37,26,40,40,63,80,-17,23
1723,1723,PN Type A Cell,52,13,46,33,65,79,-14,32
1724,1724,PN Type A Cell,41,17,47,46,58,93,-35,12
1725,1725,PN Type A Cell,34,20,36,43,54,79,-25,11
1726,1726,PN Type A Cell,41,19,40,29,60,69,-9,31
1727,1727,PN Type A Cell,51,14,35,33,65,68,-3,32
1728,1728,PN Type A Cell,49,16,36,32,65,68,-3,33
1729,1729,PN Type A Cell,51,24,37,34,75,71,4,41
1730,1730,PN Type A Cell,43,16,50,28,59,78,-19,31
1731,1731,PN Type A Cell,51,16,37,27,67,64,3,40
1732,1732,PN Type A Cell,44,19,43,43,63,86,-23,20
1733,1733,PN Type A Cell,42,12,37,34,54,71,-17,20
1734,1734,PN Type A Cell,54,24,36,32,78,68,10,46
1735,1735,PN Type A Cell,41,22,44,27,63,71,-8,36
1736,1736,PN Type A Cell,58,16,37,33,74,70,4,41
1737,1737,PN Type A Cell,35,16,32,35,51,67,-16,16
1738,1738,PN Type A Cell,47,15,34,33,62,67,-5,29
1739,1739,PN Type A Cell,54,14,35,47,68,82,-14,21
1740,1740,PN Type A Cell,39,23,41,34,62,75,-13,28
1741,1741,PN Type A Cell,50,12,42,33,62,75,-13,29
1742,1742,PN Type A Cell,43,19,37,40,62,77,-15,22
1743,1743,PN Type A Cell,56,13,41,28,69,69,0,41
1744,1744,PN Type A Cell,56,18,35,38,74,73,1,36
1745,1745,PN Type A Cell,57,12,32,30,69,62,7,39
1746,1746,PN Type A Cell,50,24,31,35,74,66,8,39
1747,1747,PN Type A Cell,44,15,35,35,59,70,-11,24
1748,1748,PN Type A Cell,34,15,41,42,49,83,-34,7
1749,1749,PN Type A Cell,45,16,43,34,61,77,-16,27
1750,1750,PN Type A Cell,37,12,38,29,49,67,-18,20
1751,1751,PN Type A Cell,46,17,32,36,63,68,-5,27
1752,1752,PN Type A Cell,40,13,32,49,53,81,-28,4
1753,1753,PN Type A Cell,53,19,36,27,72,63,9,45
1754,1754,PN Type A Cell,34,20,29,32,54,61,-7,22
1755,1755,PN Type A Cell,47,18,44,38,65,82,-17,27
1756,1756,PN Type A Cell,42,18,35,33,60,68,-8,27
1757,1757,PN Type A Cell,43,26,40,37,69,77,-8,32
1758,1758,PN Type A Cell,43,23,30,29,66,59,7,37
1759,1759,PN Type A Cell,40,21,35,35,61,70,-9,26
1760,1760,PN Type A Cell,49,18,41,34,67,75,-8,33
1761,1761,PN Type A Cell,37,25,45,36,62,81,-19,26
1762,1762,PN Type A Cell,44,20,37,24,64,61,3,40
1763,1763,PN Type A Cell,38,19,35,40,57,75,-18,17
1764,1764,PN Type A Cell,35,16,43,27,51,70,-19,24
1765,1765,PN Type A Cell,50,19,46,26,69,72,-3,43
1766,1766,PN Type A Cell,43,23,34,37,66,71,-5,29
1767,1767,PN Type A Cell,45,16,41,33,61,74,-13,28
1768,1768,PN Type A Cell,47,19,38,33,66,71,-5,33
1769,1769,PN Type A Cell,43,13,49,33,56,82,-26,23
1770,1770,PN Type A Cell,55,16,36,35,71,71,0,36
1771,1771,PN Type A Cell,33,24,36,36,57,72,-15,21
1772,1772,PN Type A Cell,45,15,51,40,60,91,-31,20
1773,1773,PN Type A Cell,52,18,38,37,70,75,-5,33
1774,1774,PN Type A Cell,42,11,42,37,53,79,-26,16
1775,1775,PN Type A Cell,47,19,36,36,66,72,-6,30
1776,1776,PN Type A Cell,47,23,51,29,70,80,-10,41
1777,1777,PN Type A Cell,50,25,33,32,75,65,10,43
1778,1778,PN Type A Cell,50,18,37,34,68,71,-3,34
1779,1779,PN Type A Cell,52,21,37,25,73,62,11,48
1780,1780,PN Type A Cell,40,19,42,39,59,81,-22,20
1781,1781,PN Type A Cell,38,15,39,32,53,71,-18,21
1782,1782,PN Type A Cell,37,27,39,36,64,75,-11,28
1783,1783,PN Type A Cell,50,20,41,35,70,76,-6,35
1784,1784,PN Type A Cell,47,13,39,30,60,69,-9,30
1785,1785,PN Type A Cell,52,15,54,37,67,91,-24,30
1786,1786,PN Type A Cell,44,26,38,21,70,59,11,49
1787,1787,PN Type A Cell,40,20,39,27,60,66,-6,33
1788,1788,PN Type A Cell,48,23,35,34,71,69,2,37
1789,1789,PN Type A Cell,56,14,46,40,70,86,-16,30
1790,1790,PN Type A Cell,44,12,45,38,56,83,-27,18
1791,1791,PN Type A Cell,45,14,46,30,59,76,-17,29
1792,1792,PN Type A Cell,35,14,44,30,49,74,-25,19
1793,1793,PN Type A Cell,52,19,44,33,71,77,-6,38
1794,1794,PN Type A Cell,52,23,37,38,75,75,0,37
1795,1795,PN Type A Cell,49,18,42,36,67,78,-11,31
1796,1796,PN Type A Cell,36,18,37,29,54,66,-12,25
1797,1797,PN Type A Cell,48,16,34,36,64,70,-6,28
1798,1798,PN Type A Cell,57,21,31,32,78,63,15,46
1799,1799,PN Type A Cell,41,14,41,41,55,82,-27,14
1800,1800,PN Type A Cell,39,16,39,38,55,77,-22,17
1801,1801,PN Type A Cell,42,9,42,36,51,78,-27,15
1802,1802,PN Type A Cell,43,17,32,28,60,60,0,32
1803,1803,PN Type A Cell,58,13,39,34,71,73,-2,37
1804,1804,PN Type A Cell,54,15,47,21,69,68,1,48
1805,1805,PN Type A Cell,43,17,21,29,60,50,10,31
1806,1806,PN Type A Cell,50,13,35,33,63,68,-5,30
1807,1807,PN Type A Cell,36,24,40,41,60,81,-21,19
1808,1808,PN Type A Cell,35,23,34,39,58,73,-15,19
1809,1809,PN Type A Cell,58,15,38,37,73,75,-2,36
1810,1810,PN Type A Cell,45,15,45,43,60,88,-28,17
1811,1811,PN Type A Cell,58,18,41,37,76,78,-2,39
1812,1812,PN Type A Cell,53,18,36,31,71,67,4,40
1813,1813,PN Type A Cell,52,21,35,37,73,72,1,36
1814,1814,PN Type A Cell,36,21,36,44,57,80,-23,13
1815,1815,PN Type A Cell,39,12,36,42,51,78,-27,9
1816,1816,PN Type A Cell,43,16,30,31,59,61,-2,28
1817,1817,PN Type A Cell,41,14,41,34,55,75,-20,21
1818,1818,PN Type A Cell,47,16,34,38,63,72,-9,25
1819,1819,PN Type A Cell,34,15,47,46,49,93,-44,3
1820,1820,PN Type A Cell,47,21,36,44,68,80,-12,24
1821,1821,PN Type A Cell,40,12,45,32,52,77,-25,20
1822,1822,PN Type A Cell,39,9,43,30,48,73,-25,18
1823,1823,PN Type A Cell,53,18,45,37,71,82,-11,34
1824,1824,PN Type A Cell,56,19,32,39,75,71,4,36
1825,1825,PN Type A Cell,57,20,43,35,77,78,-1,42
1826,1826,PN Type A Cell,45,25,42,46,70,88,-18,24
1827,1827,PN Type A Cell,42,15,39,35,57,74,-17,22
1828,1828,PN Type A Cell,57,18,40,27,75,67,8,48
1829,1829,PN Type A Cell,45,15,44,32,60,76,-16,28
1830,1830,PN Type A Cell,39,21,29,25,60,54,6,35
1831,1831,PN Type A Cell,38,20,36,39,58,75,-17,19
1832,1832,PN Type A Cell,51,14,31,32,65,63,2,33
1833,1833,PN Type A Cell,45,15,40,41,60,81,-21,19
1834,1834,PN Type A Cell,41,14,41,40,55,81,-26,15
1835,1835,PN Type A Cell,47,13,29,41,60,70,-10,19
1836,1836,PN Type A Cell,44,20,28,36,64,64,0,28
1837,1837,PN Type A Cell,40,18,44,33,58,77,-19,25
1838,1838,PN Type A Cell,48,20,35,44,68,79,-11,24
1839,1839,PN Type A Cell,49,15,30,27,64,57,7,37
1840,1840,PN Type A Cell,44,15,46,24,59,70,-11,35
1841,1841,PN Type A Cell,44,23,39,42,67,81,-14,25
1842,1842,PN Type A Cell,44,17,55,28,61,83,-22,33
1843,1843,PN Type A Cell,39,13,44,35,52,79,-27,17
1844,1844,PN Type A Cell,45,21,34,39,66,73,-7,27
1845,1845,PN Type A Cell,40,15,25,33,55,58,-3,22
1846,1846,PN Type A Cell,45,14,42,39,59,81,-22,20
1847,1847,PN Type A Cell,55,22,41,32,77,73,4,45
1848,1848,PN Type A Cell,50,22,31,39,72,70,2,33
1849,1849,PN Type A Cell,39,20,29,40,59,69,-10,19
1850,1850,PN Type A Cell,43,18,50,30,61,80,-19,31
1851,1851,PN Type A Cell,48,22,41,49,70,90,-20,21
1852,1852,PN Type A Cell,40,15,32,46,55,78,-23,9
1853,1853,PN Type A Cell,53,20,33,34,73,67,6,39
1854,1854,PN Type A Cell,46,20,45,40,66,85,-19,26
1855,1855,PN Type A Cell,48,16,34,40,64,74,-10,24
1856,1856,PN Type A Cell,46,19,35,31,65,66,-1,34
1857,1857,PN Type A Cell,43,21,44,36,64,80,-16,28
1858,1858,PN Type A Cell,49,13,49,33,62,82,-20,29
1859,1859,PN Type A Cell,39,10,35,24,49,59,-10,25
1860,1860,PN Type A Cell,49,18,35,34,67,69,-2,33
1861,1861,PN Type A Cell,49,22,38,20,71,58,13,51
1862,1862,PN Type A Cell,44,24,30,34,68,64,4,34
1863,1863,PN Type A Cell,57,24,36,37,81,73,8,44
1864,1864,PN Type A Cell,44,20,40,34,64,74,-10,30
1865,1865,PN Type A Cell,47,14,35,30,61,65,-4,31
1866,1866,PN Type A Cell,54,19,43,41,73,84,-11,32
1867,1867,PN Type A Cell,55,17,30,33,72,63,9,39
1868,1868,PN Type A Cell,56,19,40,42,75,82,-7,33
1869,1869,PN Type A Cell,48,25,39,39,73,78,-5,34
1870,1870,PN Type A Cell,41,15,45,31,56,76,-20,25
1871,1871,PN Type A Cell,38,19,34,41,57,75,-18,16
1872,1872,PN Type A Cell,30,13,33,31,43,64,-21,12
1873,1873,PN Type A Cell,48,15,37,47,63,84,-21,16
1874,1874,PN Type A Cell,40,23,36,36,63,72,-9,27
1875,1875,PN Type A Cell,52,21,36,36,73,72,1,37
1876,1876,PN Type A Cell,41,20,37,45,61,82,-21,16
1877,1877,PN Type A Cell,49,21,38,25,70,63,7,45
1878,1878,PN Type A Cell,44,16,29,51,60,80,-20,9
1879,1879,PN Type A Cell,37,17,40,28,54,68,-14,26
1880,1880,PN Type A Cell,51,17,46,24,68,70,-2,44
1881,1881,PN Type A Cell,54,22,43,33,76,76,0,43
1882,1882,PN Type A Cell,43,21,36,39,64,75,-11,25
1883,1883,PN Type A Cell,34,13,34,29,47,63,-16,18
1884,1884,PN Type A Cell,41,17,46,32,58,78,-20,26
1885,1885,PN Type A Cell,55,22,42,29,77,71,6,48
1886,1886,PN Type A Cell,44,19,29,38,63,67,-4,25
1887,1887,PN Type A Cell,57,22,44,49,79,93,-14,30
1888,1888,PN Type A Cell,51,20,45,33,71,78,-7,38
1889,1889,PN Type A Cell,48,16,49,45,64,94,-30,19
1890,1890,PN Type A Cell,48,19,33,41,67,74,-7,26
1891,1891,PN Type A Cell,44,22,37,26,66,63,3,40
1892,1892,PN Type A Cell,55,16,40,32,71,72,-1,39
1893,1893,PN Type A Cell,55,10,18,31,65,49,16,34
1894,1894,PN Type A Cell,45,17,36,26,62,62,0,36
1895,1895,PN Type A Cell,53,20,49,32,73,81,-8,41
1896,1896,PN Type A Cell,42,11,34,53,53,87,-34,0
1897,1897,PN Type A Cell,49,10,34,34,59,68,-9,25
1898,1898,PN Type A Cell,61,25,43,31,86,74,12,55
1899,1899,PN Type A Cell,35,28,43,48,63,91,-28,15
1900,1900,PN Type A Cell,47,23,27,33,70,60,10,37
1901,1901,PN Type A Cell,51,17,44,28,68,72,-4,40
1902,1902,PN Type A Cell,46,17,48,29,63,77,-14,34
1903,1903,PN Type A Cell,49,15,44,34,64,78,-14,30
1904,1904,PN Type A Cell,51,19,50,29,70,79,-9,41
1905,1905,PN Type A Cell,37,18,44,38,55,82,-27,17
1906,1906,PN Type A Cell,50,22,40,32,72,72,0,40
1907,1907,PN Type A Cell,55,18,39,30,73,69,4,43
1908,1908,PN Type A Cell,37,24,35,32,61,67,-6,29
1909,1909,PN Type A Cell,39,24,48,34,63,82,-19,29
1910,1910,PN Type A Cell,56,19,34,40,75,74,1,35
1911,1911,PN Type A Cell,44,23,44,34,67,78,-11,33
1912,1912,PN Type A Cell,39,20,34,37,59,71,-12,22
1913,1913,PN Type A Cell,42,18,35,30,60,65,-5,30
1914,1914,PN Type A Cell,50,18,30,46,68,76,-8,22
1915,1915,PN Type A Cell,51,17,39,37,68,76,-8,31
1916,1916,PN Type A Cell,37,11,44,38,48,82,-34,10
1917,1917,PN Type A Cell,52,16,36,43,68,79,-11,25
1918,1918,PN Type A Cell,50,21,38,44,71,82,-11,27
1919,1919,PN Type A Cell,55,14,33,35,69,68,1,34
1920,1920,PN Type A Cell,62,13,40,33,75,73,2,42
1921,1921,PN Type A Cell,48,14,38,35,62,73,-11,27
1922,1922,PN Type A Cell,32,19,35,37,51,72,-21,14
1923,1923,PN Type A Cell,45,26,38,43,71,81,-10,28
1924,1924,PN Type A Cell,50,22,47,34,72,81,-9,38
1925,1925,PN Type A Cell,54,17,35,36,71,71,0,35
1926,1926,PN Type A Cell,50,20,39,37,70,76,-6,33
1927,1927,PN Type A Cell,47,19,35,33,66,68,-2,33
1928,1928,PN Type A Cell,34,17,35,42,51,77,-26,9
1929,1929,PN Type A Cell,45,23,35,33,68,68,0,35
1930,1930,PN Type A Cell,37,16,37,35,53,72,-19,18
1931,1931,PN Type A Cell,38,26,37,38,64,75,-11,26
1932,1932,PN Type A Cell,42,20,35,21,62,56,6,41
1933,1933,PN Type A Cell,40,17,29,32,57,61,-4,25
1934,1934,PN Type A Cell,49,22,36,33,71,69,2,38
1935,1935,PN Type A Cell,28,18,38,33,46,71,-25,13
1936,1936,PN Type A Cell,45,22,37,36,67,73,-6,31
1937,1937,PN Type A Cell,53,22,34,28,75,62,13,47
1938,1938,PN Type A Cell,49,12,37,32,61,69,-8,29
1939,1939,PN Type A Cell,66,21,42,36,87,78,9,51
1940,1940,PN Type A Cell,65,22,37,40,87,77,10,47
1941,1941,PN Type A Cell,49,23,44,34,72,78,-6,38
1942,1942,PN Type A Cell,39,16,38,28,55,66,-11,27
1943,1943,PN Type A Cell,40,17,45,30,57,75,-18,27
1944,1944,PN Type A Cell,46,19,48,35,65,83,-18,30
1945,1945,PN Type A Cell,52,17,32,33,69,65,4,36
1946,1946,PN Type A Cell,46,26,29,29,72,58,14,43
1947,1947,PN Type A Cell,40,21,35,37,61,72,-11,24
1948,1948,PN Type A Cell,46,15,46,36,61,82,-21,25
1949,1949,PN Type A Cell,45,15,46,32,60,78,-18,28
1950,1950,PN Type A Cell,31,20,29,47,51,76,-25,4
1951,1951,PN Type A Cell,47,25,30,41,72,71,1,31
1952,1952,PN Type A Cell,46,22,41,33,68,74,-6,35
1953,1953,PN Type A Cell,45,22,33,41,67,74,-7,26
1954,1954,PN Type A Cell,41,19,48,30,60,78,-18,30
1955,1955,PN Type A Cell,40,18,35,37,58,72,-14,21
1956,1956,PN Type A Cell,34,20,32,36,54,68,-14,18
1957,1957,PN Type A Cell,53,8,46,32,61,78,-17,29
1958,1958,PN Type A Cell,37,19,36,30,56,66,-10,26
1959,1959,PN Type A Cell,45,20,28,38,65,66,-1,27
1960,1960,PN Type A Cell,50,18,35,40,68,75,-7,28
1961,1961,PN Type A Cell,39,18,36,26,57,62,-5,31
1962,1962,PN Type A Cell,43,16,42,40,59,82,-23,19
1963,1963,PN Type A Cell,47,15,37,41,62,78,-16,21
1964,1964,PN Type A Cell,44,26,37,41,70,78,-8,29
1965,1965,PN Type A Cell,42,16,35,29,58,64,-6,29
1966,1966,PN Type A Cell,51,18,37,30,69,67,2,39
1967,1967,PN Type A Cell,37,14,38,34,51,72,-21,17
1968,1968,PN Type A Cell,40,16,39,33,56,72,-16,23
1969,1969,PN Type A Cell,49,30,39,36,79,75,4,43
1970,1970,PN Type A Cell,56,14,40,35,70,75,-5,35
1971,1971,PN Type A Cell,45,17,41,31,62,72,-10,31
1972,1972,PN Type A Cell,39,27,33,36,66,69,-3,30
1973,1973,PN Type A Cell,36,20,29,33,56,62,-6,23
1974,1974,PN Type A Cell,54,19,34,36,73,70,3,37
1975,1975,PN Type A Cell,47,22,39,33,69,72,-3,36
1976,1976,PN Type A Cell,56,18,36,44,74,80,-6,30
1977,1977,PN Type A Cell,39,16,36,29,55,65,-10,26
1978,1978,PN Type A Cell,48,15,43,30,63,73,-10,33
1979,1979,PN Type A Cell,55,18,36,45,73,81,-8,28
1980,1980,PN Type A Cell,51,18,33,25,69,58,11,44
1981,1981,PN Type A Cell,52,26,37,35,78,72,6,43
1982,1982,PN Type A Cell,56,22,40,36,78,76,2,42
1983,1983,PN Type A Cell,61,31,39,36,92,75,17,56
1984,1984,PN Type A Cell,50,15,35,33,65,68,-3,32
1985,1985,PN Type A Cell,38,20,48,36,58,84,-26,22
1986,1986,PN Type A Cell,52,21,33,39,73,72,1,34
1987,1987,PN Type A Cell,35,14,37,30,49,67,-18,19
1988,1988,PN Type A Cell,48,13,39,32,61,71,-10,29
1989,1989,PN Type A Cell,49,22,41,23,71,64,7,48
1990,1990,PN Type A Cell,37,12,43,40,49,83,-34,9
1991,1991,PN Type A Cell,44,20,38,34,64,72,-8,30
1992,1992,PN Type A Cell,46,16,34,36,62,70,-8,26
1993,1993,PN Type A Cell,40,26,33,29,66,62,4,37
1994,1994,PN Type A Cell,47,14,46,33,61,79,-18,28
1995,1995,PN Type A Cell,42,22,47,33,64,80,-16,31
1996,1996,PN Type A Cell,62,14,36,40,76,76,0,36
1997,1997,PN Type A Cell,51,22,48,34,73,82,-9,39
1998,1998,PN Type A Cell,55,19,32,36,74,68,6,38
1999,1999,PN Type A Cell,40,16,37,32,56,69,-13,24
2000,2000,PN Type A Cell,50,15,36,39,65,75,-10,26
2001,2001,PN Type A Cell,49,14,50,37,63,87,-24,26
2002,2002,PN Type A Cell,49,26,38,40,75,78,-3,35
2003,2003,PN Type A Cell,50,17,47,36,67,83,-16,31
2004,2004,PN Type A Cell,43,18,40,42,61,82,-21,19
2005,2005,PN Type A Cell,59,21,31,26,80,57,23,54
2006,2006,PN Type A Cell,50,31,44,33,81,77,4,48
2007,2007,PN Type A Cell,59,20,42,32,79,74,5,47
2008,2008,PN Type A Cell,37,20,42,29,57,71,-14,28
2009,2009,PN Type A Cell,44,25,40,45,69,85,-16,24
2010,2010,PN Type A Cell,44,19,41,39,63,80,-17,24
2011,2011,PN Type A Cell,40,16,33,31,56,64,-8,25
2012,2012,PN Type A Cell,59,23,34,39,82,73,9,43
2013,2013,PN Type A Cell,32,14,39,36,46,75,-29,10
2014,2014,PN Type A Cell,32,16,33,24,48,57,-9,24
2015,2015,PN Type A Cell,43,18,35,33,61,68,-7,28
2016,2016,PN Type A Cell,44,18,39,43,62,82,-20,19
2017,2017,PN Type A Cell,43,23,41,39,66,80,-14,27
2018,2018,PN Type A Cell,52,20,53,36,72,89,-17,36
2019,2019,PN Type A Cell,46,20,31,42,66,73,-7,24
2020,2020,PN Type A Cell,47,16,40,32,63,72,-9,31
2021,2021,PN Type A Cell,49,21,50,33,70,83,-13,37
2022,2022,PN Type A Cell,51,15,37,39,66,76,-10,27
2023,2023,PN Type A Cell,45,15,42,30,60,72,-12,30
2024,2024,PN Type A Cell,50,16,46,31,66,77,-11,35
2025,2025,PN Type A Cell,44,20,44,31,64,75,-11,33
2026,2026,PN Type A Cell,46,21,32,22,67,54,13,45
2027,2027,PN Type A Cell,38,18,40,28,56,68,-12,28
2028,2028,PN Type A Cell,36,21,29,28,57,57,0,29
2029,2029,PN Type A Cell,38,21,40,29,59,69,-10,30
2030,2030,PN Type A Cell,50,16,32,32,66,64,2,34
2031,2031,PN Type A Cell,44,17,41,40,61,81,-20,21
2032,2032,PN Type A Cell,40,12,32,43,52,75,-23,9
2033,2033,PN Type A Cell,41,16,40,35,57,75,-18,22
2034,2034,PN Type A Cell,37,14,35,29,51,64,-13,22
2035,2035,PN Type A Cell,36,16,41,41,52,82,-30,11
2036,2036,PN Type A Cell,44,25,38,35,69,73,-4,34
2037,2037,PN Type A Cell,32,15,42,30,47,72,-25,17
2038,2038,PN Type A Cell,60,21,46,24,81,70,11,57
2039,2039,PN Type A Cell,45,28,47,30,73,77,-4,43
2040,2040,PN Type A Cell,43,19,33,34,62,67,-5,28
2041,2041,PN Type A Cell,44,25,34,35,69,69,0,34
2042,2042,PN Type A Cell,56,21,43,32,77,75,2,45
2043,2043,PN Type A Cell,39,12,38,36,51,74,-23,15
2044,2044,PN Type A Cell,43,21,38,35,64,73,-9,29
2045,2045,PN Type A Cell,56,23,40,36,79,76,3,43
2046,2046,PN Type A Cell,44,14,40,31,58,71,-13,27
2047,2047,PN Type A Cell,41,8,42,30,49,72,-23,19
2048,2048,PN Type A Cell,44,18,32,37,62,69,-7,25
2049,2049,PN Type A Cell,40,16,36,24,56,60,-4,32
2050,2050,PN Type A Cell,50,17,35,44,67,79,-12,23
2051,2051,PN Type A Cell,43,20,40,26,63,66,-3,37
2052,2052,PN Type A Cell,46,15,47,37,61,84,-23,24
2053,2053,PN Type A Cell,33,13,30,35,46,65,-19,11
2054,2054,PN Type A Cell,63,19,35,44,82,79,3,38
2055,2055,PN Type A Cell,49,22,37,44,71,81,-10,27
2056,2056,PN Type A Cell,44,16,36,26,60,62,-2,34
2057,2057,PN Type A Cell,40,18,35,36,58,71,-13,22
2058,2058,PN Type A Cell,59,21,38,41,80,79,1,39
2059,2059,PN Type A Cell,47,21,33,28,68,61,7,40
2060,2060,PN Type A Cell,35,24,42,45,59,87,-28,14
2061,2061,PN Type A Cell,49,16,33,26,65,59,6,39
2062,2062,PN Type A Cell,43,15,49,37,58,86,-28,21
2063,2063,PN Type A Cell,51,20,48,36,71,84,-13,35
2064,2064,PN Type A Cell,34,11,34,34,45,68,-23,11
2065,2065,PN Type A Cell,49,19,32,38,68,70,-2,30
2066,2066,PN Type A Cell,41,26,43,25,67,68,-1,42
2067,2067,PN Type A Cell,48,11,41,34,59,75,-16,25
2068,2068,PN Type A Cell,49,16,28,25,65,53,12,40
2069,2069,PN Type A Cell,47,19,34,38,66,72,-6,28
2070,2070,PN Type A Cell,35,20,37,36,55,73,-18,19
2071,2071,PN Type A Cell,50,17,26,36,67,62,5,31
2072,2072,PN Type A Cell,43,18,39,26,61,65,-4,35
2073,2073,PN Type A Cell,40,17,28,36,57,64,-7,21
2074,2074,PN Type A Cell,49,19,47,39,68,86,-18,29
2075,2075,PN Type A Cell,45,23,30,39,68,69,-1,29
2076,2076,PN Type A Cell,47,15,38,32,62,70,-8,30
2077,2077,PN Type A Cell,54,22,34,29,76,63,13,47
2078,2078,PN Type A Cell,34,14,37,29,48,66,-18,19
2079,2079,PN Type A Cell,41,15,48,36,56,84,-28,20
2080,2080,PN Type A Cell,53,18,44,36,71,80,-9,35
2081,2081,PN Type A Cell,45,16,36,29,61,65,-4,32
2082,2082,PN Type A Cell,58,13,39,34,71,73,-2,37
2083,2083,PN Type A Cell,41,16,38,42,57,80,-23,15
2084,2084,PN Type A Cell,46,23,43,36,69,79,-10,33
2085,2085,PN Type A Cell,48,18,36,31,66,67,-1,35
2086,2086,PN Type A Cell,48,22,32,28,70,60,10,42
2087,2087,PN Type A Cell,50,10,25,34,60,59,1,26
2088,2088,PN Type A Cell,45,17,32,30,62,62,0,32
2089,2089,PN Type A Cell,50,22,33,46,72,79,-7,26
2090,2090,PN Type A Cell,54,15,49,48,69,97,-28,21
2091,2091,PN Type A Cell,50,19,41,39,69,80,-11,30
2092,2092,PN Type A Cell,43,18,55,35,61,90,-29,26
2093,2093,PN Type A Cell,51,19,38,39,70,77,-7,31
2094,2094,PN Type A Cell,38,18,41,29,56,70,-14,27
2095,2095,PN Type A Cell,63,16,40,46,79,86,-7,33
2096,2096,PN Type A Cell,42,26,41,43,68,84,-16,25
2097,2097,PN Type A Cell,52,13,31,41,65,72,-7,24
2098,2098,PN Type A Cell,42,15,34,39,57,73,-16,18
2099,2099,PN Type A Cell,49,17,32,40,66,72,-6,26
2100,2100,PN Type A Cell,52,18,25,35,70,60,10,35
2101,2101,PN Type A Cell,41,18,33,33,59,66,-7,26
2102,2102,PN Type A Cell,48,17,35,32,65,67,-2,33
2103,2103,PN Type A Cell,68,17,33,40,85,73,12,45
2104,2104,PN Type A Cell,43,23,45,29,66,74,-8,37
2105,2105,PN Type A Cell,46,20,39,44,66,83,-17,22
2106,2106,PN Type A Cell,48,16,37,30,64,67,-3,34
2107,2107,PN Type A Cell,48,22,47,34,70,81,-11,36
2108,2108,PN Type A Cell,52,27,37,33,79,70,9,46
2109,2109,PN Type A Cell,40,16,37,40,56,77,-21,16
2110,2110,PN Type A Cell,50,22,33,30,72,63,9,42
2111,2111,PN Type A Cell,50,16,33,26,66,59,7,40
2112,2112,PN Type A Cell,51,22,37,40,73,77,-4,33
2113,2113,PN Type A Cell,55,22,37,46,77,83,-6,31
2114,2114,PN Type A Cell,38,18,38,35,56,73,-17,21
2115,2115,PN Type A Cell,46,24,38,31,70,69,1,39
2116,2116,PN Type A Cell,51,21,37,36,72,73,-1,36
2117,2117,PN Type A Cell,45,21,26,45,66,71,-5,21
2118,2118,PN Type A Cell,46,28,43,38,74,81,-7,36
2119,2119,PN Type A Cell,42,11,44,45,53,89,-36,8
2120,2120,PN Type A Cell,44,23,37,28,67,65,2,39
2121,2121,PN Type A Cell,52,21,50,33,73,83,-10,40
2122,2122,PN Type A Cell,50,15,36,30,65,66,-1,35
2123,2123,PN Type A Cell,52,13,39,31,65,70,-5,34
2124,2124,PN Type A Cell,41,29,43,33,70,76,-6,37
2125,2125,PN Type A Cell,49,24,33,34,73,67,6,39
2126,2126,PN Type A Cell,50,23,37,23,73,60,13,50
2127,2127,PN Type A Cell,44,25,42,35,69,77,-8,34
2128,2128,PN Type A Cell,49,23,33,33,72,66,6,39
2129,2129,PN Type A Cell,48,23,50,34,71,84,-13,37
2130,2130,PN Type A Cell,47,22,31,41,69,72,-3,28
2131,2131,PN Type A Cell,47,19,38,28,66,66,0,38
2132,2132,PN Type A Cell,46,17,44,27,63,71,-8,36
2133,2133,PN Type A Cell,53,19,44,32,72,76,-4,40
2134,2134,PN Type A Cell,59,22,37,38,81,75,6,43
2135,2135,PN Type A Cell,32,17,37,33,49,70,-21,16
2136,2136,PN Type A Cell,47,22,28,38,69,66,3,31
2137,2137,PN Type A Cell,55,16,38,37,71,75,-4,34
2138,2138,PN Type A Cell,45,15,41,39,60,80,-20,21
2139,2139,PN Type A Cell,47,26,36,36,73,72,1,37
2140,2140,PN Type A Cell,40,26,48,35,66,83,-17,31
2141,2141,PN Type A Cell,50,25,45,33,75,78,-3,42
2142,2142,PN Type A Cell,45,15,42,37,60,79,-19,23
2143,2143,PN Type A Cell,40,19,31,35,59,66,-7,24
2144,2144,PN Type A Cell,49,20,37,40,69,77,-8,29
2145,2145,PN Type A Cell,45,14,41,32,59,73,-14,27
2146,2146,PN Type A Cell,46,14,30,38,60,68,-8,22
2147,2147,PN Type A Cell,33,21,41,44,54,85,-31,10
2148,2148,PN Type A Cell,40,16,42,42,56,84,-28,14
2149,2149,PN Type A Cell,40,19,29,42,59,71,-12,17
2150,2150,PN Type A Cell,52,28,42,30,80,72,8,50
2151,2151,PN Type A Cell,44,15,46,35,59,81,-22,24
2152,2152,PN Type A Cell,45,16,39,35,61,74,-13,26
2153,2153,PN Type A Cell,43,14,34,36,57,70,-13,21
2154,2154,PN Type A Cell,39,21,33,43,60,76,-16,17
2155,2155,PN Type A Cell,31,21,42,30,52,72,-20,22
2156,2156,PN Type A Cell,50,12,33,37,62,70,-8,25
2157,2157,PN Type A Cell,44,21,32,29,65,61,4,36
2158,2158,PN Type A Cell,51,16,34,43,67,77,-10,24
2159,2159,PN Type A Cell,57,18,31,30,75,61,14,45
2160,2160,PN Type A Cell,42,18,40,38,60,78,-18,22
2161,2161,PN Type A Cell,46,20,50,35,66,85,-19,31
2162,2162,PN Type A Cell,62,23,41,37,85,78,7,48
2163,2163,PN Type A Cell,44,24,40,29,68,69,-1,39
2164,2164,PN Type A Cell,38,14,33,35,52,68,-16,17
2165,2165,PN Type A Cell,28,21,44,40,49,84,-35,9
2166,2166,PN Type A Cell,45,18,43,22,63,65,-2,41
2167,2167,PN Type A Cell,52,16,40,47,68,87,-19,21
2168,2168,PN Type A Cell,46,23,33,32,69,65,4,37
2169,2169,PN Type A Cell,45,20,34,24,65,58,7,41
2170,2170,PN Type A Cell,50,21,37,39,71,76,-5,32
2171,2171,PN Type A Cell,54,20,34,39,74,73,1,35
2172,2172,PN Type A Cell,44,18,44,38,62,82,-20,24
2173,2173,PN Type A Cell,53,24,39,36,77,75,2,41
2174,2174,PN Type A Cell,44,18,43,57,62,100,-38,5
2175,2175,PN Type A Cell,35,15,33,38,50,71,-21,12
2176,2176,PN Type A Cell,45,21,33,31,66,64,2,35
2177,2177,PN Type A Cell,40,22,34,35,62,69,-7,27
2178,2178,PN Type A Cell,42,17,38,41,59,79,-20,18
2179,2179,PN Type A Cell,40,24,38,34,64,72,-8,30
2180,2180,PN Type A Cell,46,23,49,37,69,86,-17,32
2181,2181,PN Type A Cell,34,25,44,31,59,75,-16,28
2182,2182,PN Type A Cell,44,14,38,38,58,76,-18,20
2183,2183,PN Type A Cell,48,16,36,30,64,66,-2,34
2184,2184,PN Type A Cell,37,14,37,37,51,74,-23,14
2185,2185,PN Type A Cell,47,22,43,35,69,78,-9,34
2186,2186,PN Type A Cell,48,22,43,48,70,91,-21,22
2187,2187,PN Type A Cell,38,15,28,42,53,70,-17,11
2188,2188,PN Type A Cell,48,15,45,34,63,79,-16,29
2189,2189,PN Type A Cell,44,15,36,39,59,75,-16,20
2190,2190,PN Type A Cell,37,26,44,33,63,77,-14,30
2191,2191,PN Type A Cell,35,16,38,42,51,80,-29,9
2192,2192,PN Type A Cell,39,20,41,31,59,72,-13,28
2193,2193,PN Type A Cell,50,17,44,31,67,75,-8,36
2194,2194,PN Type A Cell,46,23,36,44,69,80,-11,25
2195,2195,PN Type A Cell,45,17,37,31,62,68,-6,31
2196,2196,PN Type A Cell,47,14,34,30,61,64,-3,31
2197,2197,PN Type A Cell,45,15,32,41,60,73,-13,19
2198,2198,PN Type A Cell,49,16,44,35,65,79,-14,30
2199,2199,PN Type A Cell,42,20,33,37,62,70,-8,25
2200,2200,PN Type A Cell,58,26,31,37,84,68,16,47
2201,2201,PN Type A Cell,50,21,38,40,71,78,-7,31
2202,2202,PN Type A Cell,38,21,35,33,59,68,-9,26
2203,2203,PN Type A Cell,51,14,39,31,65,70,-5,34
2204,2204,PN Type A Cell,53,16,40,39,69,79,-10,30
2205,2205,PN Type A Cell,49,18,38,28,67,66,1,39
2206,2206,PN Type A Cell,46,22,40,37,68,77,-9,31
2207,2207,PN Type A Cell,49,19,41,38,68,79,-11,30
2208,2208,PN Type A Cell,43,18,38,40,61,78,-17,21
2209,2209,PN Type A Cell,40,21,35,36,61,71,-10,25
2210,2210,PN Type A Cell,59,15,38,33,74,71,3,41
2211,2211,PN Type A Cell,37,29,38,36,66,74,-8,30
2212,2212,PN Type A Cell,52,14,50,37,66,87,-21,29
2213,2213,PN Type A Cell,36,16,36,30,52,66,-14,22
2214,2214,PN Type A Cell,42,21,43,30,63,73,-10,33
2215,2215,PN Type A Cell,46,21,42,48,67,90,-23,19
2216,2216,PN Type A Cell,42,12,38,37,54,75,-21,17
2217,2217,PN Type A Cell,49,16,57,30,65,87,-22,35
2218,2218,PN Type A Cell,57,17,36,37,74,73,1,37
2219,2219,PN Type A Cell,44,20,30,32,64,62,2,32
2220,2220,PN Type A Cell,51,14,37,30,65,67,-2,35
2221,2221,PN Type A Cell,47,16,36,37,63,73,-10,26
2222,2222,PN Type A Cell,43,20,33,45,63,78,-15,18
2223,2223,PN Type A Cell,38,32,44,29,70,73,-3,41
2224,2224,PN Type A Cell,40,22,30,36,62,66,-4,26
2225,2225,PN Type A Cell,41,18,46,31,59,77,-18,28
2226,2226,PN Type A Cell,42,21,43,35,63,78,-15,28
2227,2227,PN Type A Cell,41,16,35,41,57,76,-19,16
2228,2228,PN Type A Cell,38,19,40,36,57,76,-19,21
2229,2229,PN Type A Cell,42,18,38,33,60,71,-11,27
2230,2230,PN Type A Cell,44,18,31,25,62,56,6,37
2231,2231,PN Type A Cell,36,18,39,35,54,74,-20,19
2232,2232,PN Type A Cell,55,19,35,33,74,68,6,41
2233,2233,PN Type A Cell,47,17,40,43,64,83,-19,21
2234,2234,PN Type A Cell,46,18,45,38,64,83,-19,26
2235,2235,PN Type A Cell,43,16,35,40,59,75,-16,19
2236,2236,PN Type A Cell,55,18,44,31,73,75,-2,42
2237,2237,PN Type A Cell,45,16,38,37,61,75,-14,24
2238,2238,PN Type A Cell,43,22,39,32,65,71,-6,33
2239,2239,PN Type A Cell,45,19,37,40,64,77,-13,24
2240,2240,PN Type A Cell,37,16,29,31,53,60,-7,22
2241,2241,PN Type A Cell,50,17,42,37,67,79,-12,30
2242,2242,PN Type A Cell,51,15,42,36,66,78,-12,30
2243,2243,PN Type A Cell,48,13,39,44,61,83,-22,17
2244,2244,PN Type A Cell,38,23,42,33,61,75,-14,28
2245,2245,PN Type A Cell,42,18,36,40,60,76,-16,20
2246,2246,PN Type A Cell,43,18,33,32,61,65,-4,29
2247,2247,PN Type A Cell,53,19,43,42,72,85,-13,30
2248,2248,PN Type A Cell,40,16,48,30,56,78,-22,26
2249,2249,PN Type A Cell,37,11,40,43,48,83,-35,5
2250,2250,PN Type A Cell,42,14,45,53,56,98,-42,3
2251,2251,PN Type A Cell,45,20,35,42,65,77,-12,23
2252,2252,PN Type A Cell,32,26,53,30,58,83,-25,28
2253,2253,PN Type A Cell,40,21,36,33,61,69,-8,28
2254,2254,PN Type A Cell,45,22,40,29,67,69,-2,38
2255,2255,PN Type A Cell,48,18,36,34,66,70,-4,32
2256,2256,PN Type A Cell,35,22,41,40,57,81,-24,17
2257,2257,PN Type A Cell,44,23,33,34,67,67,0,33
2258,2258,PN Type A Cell,51,15,33,33,66,66,0,33
2259,2259,PN Type A Cell,49,23,27,42,72,69,3,30
2260,2260,PN Type A Cell,46,21,39,34,67,73,-6,33
2261,2261,PN Type A Cell,58,16,39,28,74,67,7,46
2262,2262,PN Type A Cell,46,16,41,33,62,74,-12,29
2263,2263,PN Type A Cell,51,17,25,33,68,58,10,35
2264,2264,PN Type A Cell,47,19,40,33,66,73,-7,33
2265,2265,PN Type A Cell,40,18,41,42,58,83,-25,16
2266,2266,PN Type A Cell,48,23,56,45,71,101,-30,26
2267,2267,PN Type A Cell,52,22,39,38,74,77,-3,36
2268,2268,PN Type A Cell,49,27,35,35,76,70,6,41
2269,2269,PN Type A Cell,43,23,34,38,66,72,-6,28
2270,2270,PN Type A Cell,35,22,47,42,57,89,-32,15
2271,2271,PN Type A Cell,40,16,41,32,56,73,-17,24
2272,2272,PN Type A Cell,41,18,46,36,59,82,-23,23
2273,2273,PN Type A Cell,43,21,38,33,64,71,-7,31
2274,2274,PN Type A Cell,47,18,31,47,65,78,-13,18
2275,2275,PN Type A Cell,33,11,41,35,44,76,-32,9
2276,2276,PN Type C Cell,40,22,49,28,62,77,-15,34
2277,2277,PN Type C Cell,56,24,30,41,80,71,9,39
2278,2278,PN Type C Cell,44,18,45,30,62,75,-13,32
2279,2279,PN Type C Cell,42,25,33,33,67,66,1,34
2280,2280,PN Type C Cell,53,19,40,29,72,69,3,43
2281,2281,PN Type C Cell,49,23,35,38,72,73,-1,34
2282,2282,PN Type C Cell,40,18,43,31,58,74,-16,27
2283,2283,PN Type C Cell,51,20,32,42,71,74,-3,29
2284,2284,PN Type C Cell,53,19,42,31,72,73,-1,41
2285,2285,PN Type C Cell,47,18,39,32,65,71,-6,33
2286,2286,PN Type C Cell,44,18,50,41,62,91,-29,21
2287,2287,PN Type C Cell,42,25,34,40,67,74,-7,27
2288,2288,PN Type C Cell,45,15,47,39,60,86,-26,21
2289,2289,PN Type C Cell,44,23,41,38,67,79,-12,29
2290,2290,PN Type C Cell,38,22,42,39,60,81,-21,21
2291,2291,PN Type C Cell,55,8,42,38,63,80,-17,25
2292,2292,PN Type C Cell,41,26,44,34,67,78,-11,33
2293,2293,PN Type C Cell,46,17,37,38,63,75,-12,25
2294,2294,PN Type C Cell,42,21,41,32,63,73,-10,31
2295,2295,PN Type C Cell,58,15,38,30,73,68,5,43
2296,2296,PN Type C Cell,51,23,45,27,74,72,2,47
2297,2297,PN Type C Cell,44,17,48,37,61,85,-24,24
2298,2298,PN Type C Cell,35,14,33,35,49,68,-19,14
2299,2299,PN Type C Cell,48,19,35,35,67,70,-3,32
2300,2300,PN Type C Cell,40,21,42,28,61,70,-9,33
2301,2301,PN Type C Cell,33,19,27,37,52,64,-12,15
2302,2302,PN Type C Cell,43,25,31,31,68,62,6,37
2303,2303,PN Type C Cell,38,26,40,29,64,69,-5,35
2304,2304,PN Type C Cell,50,20,43,31,70,74,-4,39
2305,2305,PN Type C Cell,38,22,46,38,60,84,-24,22
2306,2306,PN Type C Cell,45,14,34,39,59,73,-14,20
2307,2307,PN Type C Cell,49,17,42,42,66,84,-18,24
2308,2308,PN Type C Cell,47,19,40,34,66,74,-8,32
2309,2309,PN Type C Cell,61,12,34,32,73,66,7,41
2310,2310,PN Type C Cell,55,17,37,34,72,71,1,38
2311,2311,PN Type C Cell,52,5,35,34,57,69,-12,23
2312,2312,PN Type C Cell,51,24,42,39,75,81,-6,36
2313,2313,PN Type C Cell,42,27,42,38,69,80,-11,31
2314,2314,PN Type C Cell,53,22,32,29,75,61,14,46
2315,2315,PN Type C Cell,48,20,39,28,68,67,1,40
2316,2316,PN Type C Cell,42,29,41,35,71,76,-5,36
2317,2317,PN Type C Cell,46,20,47,38,66,85,-19,28
2318,2318,PN Type C Cell,45,18,43,31,63,74,-11,32
2319,2319,PN Type C Cell,32,21,42,31,53,73,-20,22
2320,2320,PN Type C Cell,59,22,39,38,81,77,4,43
2321,2321,PN Type C Cell,45,18,35,29,63,64,-1,34
2322,2322,PN Type C Cell,43,17,34,39,60,73,-13,21
2323,2323,PN Type C Cell,39,20,42,29,59,71,-12,30
2324,2324,PN Type C Cell,51,24,39,35,75,74,1,40
2325,2325,PN Type C Cell,51,29,36,36,80,72,8,44
2326,2326,PN Type C Cell,45,20,39,30,65,69,-4,35
2327,2327,PN Type C Cell,57,23,34,46,80,80,0,34
2328,2328,PN Type C Cell,48,17,37,43,65,80,-15,22
2329,2329,PN Type C Cell,47,22,36,39,69,75,-6,30
2330,2330,PN Type C Cell,39,20,40,41,59,81,-22,18
2331,2331,PN Type C Cell,55,22,40,40,77,80,-3,37
2332,2332,PN Type C Cell,41,19,42,38,60,80,-20,22
2333,2333,PN Type C Cell,46,16,48,38,62,86,-24,24
2334,2334,PN Type C Cell,45,28,47,31,73,78,-5,42
2335,2335,PN Type C Cell,56,22,41,29,78,70,8,49
2336,2336,PN Type C Cell,48,18,30,42,66,72,-6,24
2337,2337,PN Type C Cell,50,18,31,23,68,54,14,45
2338,2338,PN Type C Cell,57,16,30,31,73,61,12,42
2339,2339,PN Type C Cell,54,16,36,36,70,72,-2,34
2340,2340,PN Type C Cell,52,28,38,35,80,73,7,45
2341,2341,PN Type C Cell,61,12,41,37,73,78,-5,36
2342,2342,PN Type C Cell,47,22,34,34,69,68,1,35
2343,2343,PN Type C Cell,44,15,51,40,59,91,-32,19
2344,2344,PN Type C Cell,50,15,40,30,65,70,-5,35
2345,2345,PN Type C Cell,43,20,33,34,63,67,-4,29
2346,2346,PN Type C Cell,40,16,37,40,56,77,-21,16
2347,2347,PN Type C Cell,54,14,33,28,68,61,7,40
2348,2348,PN Type C Cell,37,18,41,31,55,72,-17,24
2349,2349,PN Type C Cell,46,20,29,39,66,68,-2,27
2350,2350,PN Type C Cell,43,21,47,36,64,83,-19,28
2351,2351,PN Type C Cell,51,11,39,40,62,79,-17,22
2352,2352,PN Type C Cell,42,16,35,32,58,67,-9,26
2353,2353,PN Type C Cell,44,18,38,37,62,75,-13,25
2354,2354,PN Type C Cell,38,16,30,53,54,83,-29,1
2355,2355,PN Type C Cell,41,17,37,48,58,85,-27,10
2356,2356,PN Type C Cell,57,21,33,35,78,68,10,43
2357,2357,PN Type C Cell,41,10,39,34,51,73,-22,17
2358,2358,PN Type C Cell,42,27,39,23,69,62,7,46
2359,2359,PN Type C Cell,47,12,41,47,59,88,-29,12
2360,2360,PN Type C Cell,31,19,48,37,50,85,-35,13
2361,2361,PN Type C Cell,47,17,33,29,64,62,2,35
2362,2362,PN Type C Cell,38,18,38,39,56,77,-21,17
2363,2363,PN Type C Cell,47,19,40,31,66,71,-5,35
2364,2364,PN Type C Cell,47,18,40,37,65,77,-12,28
2365,2365,PN Type C Cell,42,17,34,27,59,61,-2,32
2366,2366,PN Type C Cell,47,22,37,32,69,69,0,37
2367,2367,PN Type C Cell,46,17,32,30,63,62,1,33
2368,2368,PN Type C Cell,52,14,42,37,66,79,-13,29
2369,2369,PN Type C Cell,59,22,30,35,81,65,16,46
2370,2370,PN Type C Cell,43,18,47,34,61,81,-20,27
2371,2371,PN Type C Cell,54,10,23,33,64,56,8,31
2372,2372,PN Type C Cell,47,23,36,40,70,76,-6,30
2373,2373,PN Type C Cell,36,18,37,43,54,80,-26,11
2374,2374,PN Type C Cell,52,11,31,29,63,60,3,34
2375,2375,PN Type C Cell,44,21,30,34,65,64,1,31
2376,2376,PN Type C Cell,48,26,36,29,74,65,9,45
2377,2377,PN Type C Cell,41,17,28,27,58,55,3,31
2378,2378,PN Type C Cell,55,20,45,43,75,88,-13,32
2379,2379,PN Type C Cell,34,14,31,36,48,67,-19,12
2380,2380,PN Type C Cell,46,16,42,41,62,83,-21,21
2381,2381,PN Type C Cell,41,18,34,27,59,61,-2,32
2382,2382,PN Type C Cell,42,16,38,35,58,73,-15,23
2383,2383,PN Type C Cell,46,21,33,30,67,63,4,37
2384,2384,PN Type C Cell,60,23,37,35,83,72,11,48
2385,2385,PN Type C Cell,43,20,33,31,63,64,-1,32
2386,2386,PN Type C Cell,47,16,37,32,63,69,-6,31
2387,2387,PN Type C Cell,47,17,36,30,64,66,-2,34
2388,2388,PN Type C Cell,40,21,23,35,61,58,3,26
2389,2389,PN Type C Cell,45,16,35,35,61,70,-9,26
2390,2390,PN Type C Cell,46,14,35,38,60,73,-13,22
2391,2391,PN Type C Cell,40,16,36,43,56,79,-23,13
2392,2392,PN Type C Cell,40,19,31,28,59,59,0,31
2393,2393,PN Type C Cell,39,16,31,36,55,67,-12,19
2394,2394,PN Type C Cell,38,20,35,35,58,70,-12,23
2395,2395,PN Type C Cell,49,17,35,31,66,66,0,35
2396,2396,PN Type C Cell,49,15,37,27,64,64,0,37
2397,2397,PN Type C Cell,49,18,47,49,67,96,-29,18
2398,2398,PN Type C Cell,43,19,43,35,62,78,-16,27
2399,2399,PN Type C Cell,47,17,42,38,64,80,-16,26
2400,2400,PN Type C Cell,40,20,36,35,60,71,-11,25
2401,2401,PN Type C Cell,38,23,36,43,61,79,-18,18
2402,2402,PN Type C Cell,46,20,34,26,66,60,6,40
2403,2403,PN Type C Cell,33,13,39,37,46,76,-30,9
2404,2404,PN Type C Cell,45,14,40,42,59,82,-23,17
2405,2405,PN Type C Cell,54,22,35,42,76,77,-1,34
2406,2406,PN Type C Cell,52,21,36,29,73,65,8,44
2407,2407,PN Type C Cell,59,19,24,31,78,55,23,47
2408,2408,PN Type C Cell,48,16,34,34,64,68,-4,30
2409,2409,PN Type C Cell,43,24,33,37,67,70,-3,30
2410,2410,PN Type C Cell,46,29,34,40,75,74,1,35
2411,2411,PN Type C Cell,46,19,50,38,65,88,-23,27
2412,2412,PN Type C Cell,35,18,41,44,53,85,-32,9
2413,2413,PN Type C Cell,53,17,45,39,70,84,-14,31
2414,2414,PN Type C Cell,44,21,37,19,65,56,9,46
2415,2415,PN Type C Cell,44,17,45,27,61,72,-11,34
2416,2416,PN Type C Cell,36,18,40,40,54,80,-26,14
2417,2417,PN Type C Cell,51,9,34,41,60,75,-15,19
2418,2418,PN Type C Cell,29,16,25,40,45,65,-20,5
2419,2419,PN Type C Cell,42,15,52,21,57,73,-16,36
2420,2420,PN Type C Cell,45,16,34,25,61,59,2,36
2421,2421,PN Type C Cell,42,15,40,34,57,74,-17,23
2422,2422,PN Type C Cell,39,16,41,31,55,72,-17,24
2423,2423,PN Type C Cell,55,16,36,29,71,65,6,42
2424,2424,PN Type C Cell,32,20,36,42,52,78,-26,10
2425,2425,PN Type C Cell,34,21,36,31,55,67,-12,24
2426,2426,PN Type C Cell,38,21,32,27,59,59,0,32
2427,2427,PN Type C Cell,43,17,42,35,60,77,-17,25
2428,2428,PN Type C Cell,43,20,29,39,63,68,-5,24
2429,2429,PN Type C Cell,49,13,44,42,62,86,-24,20
2430,2430,PN Type C Cell,51,27,40,39,78,79,-1,39
2431,2431,PN Type C Cell,34,18,49,35,52,84,-32,17
2432,2432,PN Type C Cell,44,21,36,32,65,68,-3,33
2433,2433,PN Type C Cell,33,19,51,33,52,84,-32,19
2434,2434,PN Type C Cell,48,16,41,33,64,74,-10,31
2435,2435,PN Type C Cell,44,22,36,31,66,67,-1,35
2436,2436,PN Type C Cell,36,24,40,32,60,72,-12,28
2437,2437,PN Type C Cell,51,25,57,40,76,97,-21,36
2438,2438,PN Type C Cell,46,16,33,42,62,75,-13,20
2439,2439,PN Type C Cell,40,26,34,32,66,66,0,34
2440,2440,PN Type C Cell,37,20,37,35,57,72,-15,22
2441,2441,PN Type C Cell,36,19,39,28,55,67,-12,27
2442,2442,PN Type C Cell,42,16,49,41,58,90,-32,17
2443,2443,PN Type C Cell,39,22,25,35,61,60,1,26
2444,2444,PN Type C Cell,48,16,44,42,64,86,-22,22
2445,2445,PN Type C Cell,54,21,37,40,75,77,-2,35
2446,2446,PN Type C Cell,53,24,35,34,77,69,8,43
2447,2447,PN Type C Cell,47,14,40,37,61,77,-16,24
2448,2448,PN Type C Cell,35,18,36,41,53,77,-24,12
2449,2449,PN Type C Cell,51,21,44,41,72,85,-13,31
2450,2450,PN Type C Cell,38,10,37,33,48,70,-22,15
2451,2451,PN Type C Cell,45,12,44,23,57,67,-10,34
2452,2452,PN Type C Cell,35,23,44,34,58,78,-20,24
2453,2453,PN Type C Cell,47,21,34,39,68,73,-5,29
2454,2454,PN Type C Cell,40,14,46,29,54,75,-21,25
2455,2455,PN Type C Cell,45,19,39,33,64,72,-8,31
2456,2456,PN Type C Cell,48,19,30,43,67,73,-6,24
2457,2457,PN Type C Cell,48,21,28,34,69,62,7,35
2458,2458,PN Type C Cell,38,22,32,35,60,67,-7,25
2459,2459,PN Type C Cell,54,21,40,38,75,78,-3,37
2460,2460,PN Type C Cell,41,17,28,29,58,57,1,29
2461,2461,PN Type C Cell,45,22,38,30,67,68,-1,37
2462,2462,PN Type C Cell,41,21,55,28,62,83,-21,34
2463,2463,PN Type C Cell,52,21,40,29,73,69,4,44
2464,2464,PN Type C Cell,44,17,43,42,61,85,-24,19
2465,2465,PN Type C Cell,49,18,27,36,67,63,4,31
2466,2466,PN Type C Cell,53,19,41,31,72,72,0,41
2467,2467,PN Type C Cell,51,29,26,30,80,56,24,50
2468,2468,PN Type C Cell,52,17,41,32,69,73,-4,37
2469,2469,PN Type C Cell,36,17,49,25,53,74,-21,28
2470,2470,PN Type C Cell,34,15,46,33,49,79,-30,16
2471,2471,PN Type C Cell,45,14,36,32,59,68,-9,27
2472,2472,PN Type C Cell,46,21,38,40,67,78,-11,27
2473,2473,PN Type C Cell,43,20,37,23,63,60,3,40
2474,2474,PN Type C Cell,36,15,37,31,51,68,-17,20
2475,2475,PN Type C Cell,39,18,36,33,57,69,-12,24
2476,2476,PN Type C Cell,48,21,29,32,69,61,8,37
2477,2477,PN Type C Cell,44,15,35,36,59,71,-12,23
2478,2478,PN Type C Cell,49,13,41,30,62,71,-9,32
2479,2479,PN Type C Cell,36,20,43,32,56,75,-19,24
2480,2480,PN Type C Cell,41,17,37,34,58,71,-13,24
2481,2481,PN Type C Cell,32,12,36,32,44,68,-24,12
2482,2482,PN Type C Cell,38,20,35,40,58,75,-17,18
2483,2483,PN Type C Cell,37,23,36,39,60,75,-15,21
2484,2484,PN Type C Cell,44,20,30,43,64,73,-9,21
2485,2485,PN Type C Cell,49,18,32,30,67,62,5,37
2486,2486,PN Type C Cell,50,12,37,38,62,75,-13,24
2487,2487,PN Type C Cell,46,20,40,27,66,67,-1,39
2488,2488,PN Type C Cell,40,21,46,36,61,82,-21,25
2489,2489,PN Type C Cell,53,19,42,44,72,86,-14,28
2490,2490,PN Type C Cell,46,21,35,31,67,66,1,36
2491,2491,PN Type C Cell,42,25,33,35,67,68,-1,32
2492,2492,PN Type C Cell,46,28,39,39,74,78,-4,35
2493,2493,PN Type C Cell,52,15,45,37,67,82,-15,30
2494,2494,PN Type C Cell,49,22,41,37,71,78,-7,34
2495,2495,PN Type C Cell,35,20,39,40,55,79,-24,15
2496,2496,PN Type C Cell,53,23,41,30,76,71,5,46
2497,2497,PN Type C Cell,54,18,34,41,72,75,-3,31
2498,2498,PN Type C Cell,46,28,36,41,74,77,-3,33
2499,2499,PN Type C Cell,42,14,39,42,56,81,-25,14
2500,2500,PN Type C Cell,43,22,47,33,65,80,-15,32
2501,2501,PN Type C Cell,44,22,31,34,66,65,1,32
2502,2502,PN Type C Cell,44,18,31,39,62,70,-8,23
2503,2503,PN Type C Cell,52,15,37,41,67,78,-11,26
2504,2504,PN Type C Cell,38,13,38,36,51,74,-23,15
2505,2505,PN Type C Cell,45,21,33,43,66,76,-10,23
2506,2506,PN Type C Cell,49,9,53,37,58,90,-32,21
2507,2507,PN Type C Cell,49,26,32,44,75,76,-1,31
2508,2508,PN Type C Cell,43,20,27,46,63,73,-10,17
2509,2509,PN Type C Cell,42,17,56,30,59,86,-27,29
2510,2510,PN Type C Cell,33,13,34,31,46,65,-19,15
2511,2511,PN Type C Cell,43,19,28,43,62,71,-9,19
2512,2512,PN Type C Cell,37,20,42,39,57,81,-24,18
2513,2513,PN Type C Cell,47,18,33,36,65,69,-4,29
2514,2514,PN Type C Cell,47,12,43,35,59,78,-19,24
2515,2515,PN Type C Cell,48,22,43,35,70,78,-8,35
2516,2516,PN Type C Cell,46,17,51,37,63,88,-25,26
2517,2517,PN Type C Cell,60,21,34,30,81,64,17,51
2518,2518,PN Type C Cell,45,15,48,34,60,82,-22,26
2519,2519,PN Type C Cell,39,23,46,42,62,88,-26,20
2520,2520,PN Type C Cell,41,21,41,29,62,70,-8,33
2521,2521,PN Type C Cell,46,16,34,33,62,67,-5,29
2522,2522,PN Type C Cell,50,21,41,33,71,74,-3,38
2523,2523,PN Type C Cell,39,14,39,37,53,76,-23,16
2524,2524,PN Type C Cell,50,14,43,45,64,88,-24,19
2525,2525,PN Type C Cell,51,20,37,35,71,72,-1,36
2526,2526,PN Type C Cell,31,18,34,35,49,69,-20,14
2527,2527,PN Type C Cell,47,18,31,29,65,60,5,36
2528,2528,PN Type C Cell,46,16,33,32,62,65,-3,30
2529,2529,PN Type C Cell,50,16,48,35,66,83,-17,31
2530,2530,PN Type C Cell,41,23,42,34,64,76,-12,30
2531,2531,PN Type C Cell,43,20,27,35,63,62,1,28
2532,2532,PN Type C Cell,46,21,30,42,67,72,-5,25
2533,2533,PN Type C Cell,55,16,38,34,71,72,-1,37
2534,2534,PN Type C Cell,40,22,48,37,62,85,-23,25
2535,2535,PN Type C Cell,53,20,41,31,73,72,1,42
2536,2536,PN Type C Cell,52,18,36,33,70,69,1,37
2537,2537,PN Type C Cell,53,24,39,41,77,80,-3,36
2538,2538,PN Type C Cell,36,13,36,34,49,70,-21,15
2539,2539,PN Type C Cell,41,27,37,32,68,69,-1,36
2540,2540,PN Type C Cell,47,23,40,32,70,72,-2,38
2541,2541,PN Type C Cell,41,14,35,26,55,61,-6,29
2542,2542,PN Type C Cell,54,27,42,35,81,77,4,46
2543,2543,PN Type C Cell,46,14,34,35,60,69,-9,25
2544,2544,PN Type C Cell,51,17,32,33,68,65,3,35
2545,2545,PN Type C Cell,37,17,40,46,54,86,-32,8
2546,2546,PN Type C Cell,49,15,31,25,64,56,8,39
2547,2547,PN Type C Cell,47,25,43,28,72,71,1,44
2548,2548,PN Type C Cell,37,18,42,36,55,78,-23,19
2549,2549,PN Type C Cell,36,19,42,42,55,84,-29,13
2550,2550,PN Type C Cell,46,20,43,30,66,73,-7,36
2551,2551,PN Type C Cell,41,14,36,37,55,73,-18,18
2552,2552,PN Type C Cell,57,15,41,35,72,76,-4,37
2553,2553,PN Type C Cell,39,15,47,35,54,82,-28,19
2554,2554,PN Type C Cell,46,17,42,39,63,81,-18,24
2555,2555,PN Type C Cell,45,18,41,30,63,71,-8,33
2556,2556,PN Type C Cell,55,9,41,32,64,73,-9,32
2557,2557,PN Type C Cell,30,18,37,40,48,77,-29,8
2558,2558,PN Type C Cell,44,19,35,32,63,67,-4,31
2559,2559,PN Type C Cell,64,28,39,35,92,74,18,57
2560,2560,PN Type C Cell,47,24,34,33,71,67,4,38
2561,2561,PN Type C Cell,43,19,43,28,62,71,-9,34
2562,2562,PN Type C Cell,49,13,36,36,62,72,-10,26
2563,2563,PN Type C Cell,52,31,49,26,83,75,8,57
2564,2564,PN Type C Cell,51,22,38,27,73,65,8,46
2565,2565,PN Type C Cell,58,16,34,32,74,66,8,42
2566,2566,PN Type C Cell,43,27,39,43,70,82,-12,27
2567,2567,PN Type C Cell,50,14,29,37,64,66,-2,27
2568,2568,PN Type C Cell,40,21,50,45,61,95,-34,16
2569,2569,PN Type C Cell,48,17,38,32,65,70,-5,33
2570,2570,PN Type C Cell,59,21,26,56,80,82,-2,24
2571,2571,PN Type C Cell,26,20,44,33,46,77,-31,13
2572,2572,PN Type C Cell,54,27,50,50,81,100,-19,31
2573,2573,PN Type C Cell,41,18,36,42,59,78,-19,17
2574,2574,PN Type C Cell,48,15,43,25,63,68,-5,38
2575,2575,PN Type C Cell,44,19,31,31,63,62,1,32
2576,2576,PN Type C Cell,40,12,40,41,52,81,-29,11
2577,2577,PN Type C Cell,38,19,35,39,57,74,-17,18
2578,2578,PN Type C Cell,47,19,29,38,66,67,-1,28
2579,2579,PN Type C Cell,45,15,34,33,60,67,-7,27
2580,2580,PN Type C Cell,54,25,34,49,79,83,-4,30
2581,2581,PN Type C Cell,59,16,41,30,75,71,4,45
2582,2582,PN Type C Cell,45,16,38,25,61,63,-2,36
2583,2583,PN Type C Cell,57,23,38,37,80,75,5,43
2584,2584,PN Type C Cell,52,16,37,40,68,77,-9,28
2585,2585,PN Type C Cell,42,24,56,34,66,90,-24,32
2586,2586,PN Type C Cell,49,12,35,49,61,84,-23,12
2587,2587,PN Type C Cell,50,18,29,22,68,51,17,46
2588,2588,PN Type C Cell,39,18,44,33,57,77,-20,24
2589,2589,PN Type C Cell,52,15,43,30,67,73,-6,37
2590,2590,PN Type C Cell,60,15,45,44,75,89,-14,31
2591,2591,PN Type C Cell,44,18,45,27,62,72,-10,35
2592,2592,PN Type C Cell,49,15,38,43,64,81,-17,21
2593,2593,PN Type C Cell,50,30,50,39,80,89,-9,41
2594,2594,PN Type C Cell,54,16,45,27,70,72,-2,43
2595,2595,PN Type C Cell,47,11,41,37,58,78,-20,21
2596,2596,PN Type C Cell,42,14,45,34,56,79,-23,22
2597,2597,PN Type C Cell,36,16,34,46,52,80,-28,6
2598,2598,PN Type C Cell,40,14,35,32,54,67,-13,22
2599,2599,PN Type C Cell,54,19,35,37,73,72,1,36
2600,2600,PN Type C Cell,34,16,34,37,50,71,-21,13
2601,2601,PN Type C Cell,34,20,24,20,54,44,10,34
2602,2602,PN Type C Cell,47,21,34,42,68,76,-8,26
2603,2603,PN Type C Cell,39,15,28,28,54,56,-2,26
2604,2604,PN Type C Cell,46,20,46,32,66,78,-12,34
2605,2605,PN Type C Cell,42,18,43,33,60,76,-16,27
2606,2606,PN Type C Cell,51,15,43,34,66,77,-11,32
2607,2607,PN Type C Cell,41,23,37,30,64,67,-3,34
2608,2608,PN Type C Cell,44,13,41,24,57,65,-8,33
2609,2609,PN Type C Cell,34,24,40,32,58,72,-14,26
2610,2610,PN Type C Cell,41,18,39,47,59,86,-27,12
2611,2611,PN Type C Cell,47,21,38,40,68,78,-10,28
2612,2612,PN Type C Cell,46,22,28,33,68,61,7,35
2613,2613,PN Type C Cell,46,19,37,43,65,80,-15,22
2614,2614,PN Type C Cell,45,26,38,38,71,76,-5,33
2615,2615,PN Type C Cell,44,18,35,30,62,65,-3,32
2616,2616,PN Type C Cell,45,10,45,29,55,74,-19,26
2617,2617,PN Type C Cell,48,16,39,40,64,79,-15,24
2618,2618,PN Type C Cell,53,17,33,35,70,68,2,35
2619,2619,PN Type C Cell,52,17,40,42,69,82,-13,27
2620,2620,PN Type C Cell,52,16,31,41,68,72,-4,27
2621,2621,PN Type C Cell,42,23,58,38,65,96,-31,27
2622,2622,PN Type C Cell,45,17,34,41,62,75,-13,21
2623,2623,PN Type C Cell,39,22,38,38,61,76,-15,23
2624,2624,PN Type C Cell,46,15,32,27,61,59,2,34
2625,2625,PN Type C Cell,51,16,36,32,67,68,-1,35
2626,2626,PN Type C Cell,36,14,43,42,50,85,-35,8
2627,2627,PN Type C Cell,53,14,34,26,67,60,7,41
2628,2628,PN Type C Cell,45,16,38,31,61,69,-8,30
2629,2629,PN Type C Cell,53,14,50,43,67,93,-26,24
2630,2630,PN Type C Cell,46,18,38,39,64,77,-13,25
2631,2631,PN Type C Cell,43,20,34,41,63,75,-12,22
2632,2632,PN Type C Cell,40,17,45,27,57,72,-15,30
2633,2633,PN Type C Cell,53,24,37,37,77,74,3,40
2634,2634,PN Type C Cell,43,16,40,29,59,69,-10,30
2635,2635,PN Type C Cell,44,20,36,35,64,71,-7,29
2636,2636,PN Type C Cell,44,20,36,36,64,72,-8,28
2637,2637,PN Type C Cell,42,20,43,33,62,76,-14,29
2638,2638,PN Type C Cell,42,17,33,39,59,72,-13,20
2639,2639,PN Type C Cell,49,14,44,32,63,76,-13,31
2640,2640,PN Type C Cell,45,23,39,29,68,68,0,39
2641,2641,PN Type C Cell,42,17,45,29,59,74,-15,30
2642,2642,PN Type C Cell,45,26,48,35,71,83,-12,36
2643,2643,PN Type C Cell,53,18,39,32,71,71,0,39
2644,2644,PN Type C Cell,46,16,41,40,62,81,-19,22
2645,2645,PN Type C Cell,41,14,42,40,55,82,-27,15
2646,2646,PN Type C Cell,42,18,37,32,60,69,-9,28
2647,2647,PN Type C Cell,40,18,48,37,58,85,-27,21
2648,2648,PN Type C Cell,53,18,28,42,71,70,1,29
2649,2649,PN Type C Cell,51,21,36,33,72,69,3,39
2650,2650,PN Type C Cell,36,17,35,34,53,69,-16,19
2651,2651,PN Type C Cell,42,16,38,47,58,85,-27,11
2652,2652,PN Type C Cell,52,14,29,34,66,63,3,32
2653,2653,PN Type C Cell,48,16,43,39,64,82,-18,25
2654,2654,PN Type C Cell,50,15,42,35,65,77,-12,30
2655,2655,PN Type C Cell,38,23,29,42,61,71,-10,19
2656,2656,PN Type C Cell,52,19,27,27,71,54,17,44
2657,2657,PN Type C Cell,43,19,37,37,62,74,-12,25
2658,2658,PN Type C Cell,40,24,43,41,64,84,-20,23
2659,2659,PN Type C Cell,53,24,37,36,77,73,4,41
2660,2660,PN Type C Cell,45,15,50,27,60,77,-17,33
2661,2661,PN Type C Cell,50,13,40,40,63,80,-17,23
2662,2662,PN Type C Cell,44,17,37,32,61,69,-8,29
2663,2663,PN Type C Cell,39,15,39,35,54,74,-20,19
2664,2664,PN Type C Cell,49,18,38,29,67,67,0,38
2665,2665,PN Type C Cell,52,12,40,35,64,75,-11,29
2666,2666,PN Type C Cell,30,14,52,35,44,87,-43,9
2667,2667,PN Type C Cell,44,12,31,30,56,61,-5,26
2668,2668,PN Type C Cell,46,23,44,42,69,86,-17,27
2669,2669,PN Type C Cell,35,22,39,35,57,74,-17,22
2670,2670,PN Type C Cell,49,25,50,38,74,88,-14,36
2671,2671,PN Type C Cell,45,26,29,33,71,62,9,38
2672,2672,PN Type C Cell,56,13,49,23,69,72,-3,46
2673,2673,PN Type C Cell,46,12,34,33,58,67,-9,25
2674,2674,PN Type C Cell,59,23,36,36,82,72,10,46
2675,2675,PN Type C Cell,55,21,37,43,76,80,-4,33
2676,2676,PN Type C Cell,50,21,34,40,71,74,-3,31
2677,2677,PN Type C Cell,46,19,45,29,65,74,-9,36
2678,2678,PN Type C Cell,57,24,46,39,81,85,-4,42
2679,2679,PN Type C Cell,50,14,44,54,64,98,-34,10
2680,2680,PN Type C Cell,49,21,34,30,70,64,6,40
2681,2681,PN Type C Cell,55,20,36,42,75,78,-3,33
2682,2682,PN Type C Cell,35,23,42,33,58,75,-17,25
2683,2683,PN Type C Cell,51,13,34,33,64,67,-3,31
2684,2684,PN Type C Cell,31,19,35,31,50,66,-16,19
2685,2685,PN Type C Cell,32,18,32,38,50,70,-20,12
2686,2686,PN Type C Cell,45,23,40,32,68,72,-4,36
2687,2687,PN Type C Cell,42,27,38,45,69,83,-14,24
2688,2688,PN Type C Cell,36,18,32,30,54,62,-8,24
2689,2689,PN Type C Cell,44,16,42,39,60,81,-21,21
2690,2690,PN Type C Cell,43,17,29,44,60,73,-13,16
2691,2691,PN Type C Cell,56,14,31,34,70,65,5,36
2692,2692,PN Type C Cell,49,18,49,37,67,86,-19,30
2693,2693,PN Type C Cell,62,20,37,39,82,76,6,43
2694,2694,PN Type C Cell,49,18,37,26,67,63,4,41
2695,2695,PN Type C Cell,55,17,42,45,72,87,-15,27
2696,2696,PN Type C Cell,48,19,44,31,67,75,-8,36
2697,2697,PN Type C Cell,46,14,39,40,60,79,-19,20
2698,2698,PN Type C Cell,39,19,46,29,58,75,-17,29
2699,2699,PN Type C Cell,64,17,35,34,81,69,12,47
2700,2700,PN Type C Cell,39,17,37,44,56,81,-25,12
2701,2701,PN Type C Cell,48,19,34,29,67,63,4,38
2702,2702,PN Type C Cell,36,25,26,39,61,65,-4,22
2703,2703,PN Type C Cell,40,24,48,43,64,91,-27,21
2704,2704,PN Type C Cell,36,18,41,32,54,73,-19,22
2705,2705,PN Type C Cell,42,17,35,38,59,73,-14,21
2706,2706,PN Type C Cell,35,20,46,36,55,82,-27,19
2707,2707,PN Type C Cell,49,13,33,38,62,71,-9,24
2708,2708,PN Type C Cell,29,21,35,35,50,70,-20,15
2709,2709,PN Type C Cell,56,22,40,21,78,61,17,57
2710,2710,PN Type C Cell,44,21,30,40,65,70,-5,25
2711,2711,PN Type C Cell,49,19,38,42,68,80,-12,26
2712,2712,PN Type C Cell,51,22,36,33,73,69,4,40
2713,2713,PN Type C Cell,41,21,31,35,62,66,-4,27
2714,2714,PN Type C Cell,45,24,39,33,69,72,-3,36
2715,2715,PN Type C Cell,49,16,39,45,65,84,-19,20
2716,2716,PN Type C Cell,40,21,35,42,61,77,-16,19
2717,2717,PN Type C Cell,38,15,42,32,53,74,-21,21
2718,2718,PN Type C Cell,39,19,31,32,58,63,-5,26
2719,2719,PN Type C Cell,47,19,48,34,66,82,-16,32
2720,2720,PN Type C Cell,49,12,36,39,61,75,-14,22
2721,2721,PN Type C Cell,47,23,38,29,70,67,3,41
2722,2722,PN Type C Cell,44,9,37,37,53,74,-21,16
2723,2723,PN Type C Cell,52,17,44,41,69,85,-16,28
2724,2724,PN Type C Cell,43,19,26,29,62,55,7,33
2725,2725,PN Type C Cell,32,19,50,39,51,89,-38,12
2726,2726,PN Type C Cell,48,19,44,33,67,77,-10,34
2727,2727,PN Type C Cell,50,19,42,45,69,87,-18,24
2728,2728,PN Type C Cell,38,24,30,30,62,60,2,32
2729,2729,PN Type C Cell,29,21,32,39,50,71,-21,11
2730,2730,PN Type C Cell,38,22,40,27,60,67,-7,33
2731,2731,PN Type C Cell,49,17,41,41,66,82,-16,25
2732,2732,PN Type C Cell,38,15,40,42,53,82,-29,11
2733,2733,PN Type C Cell,44,19,47,33,63,80,-17,30
2734,2734,PN Type C Cell,48,18,41,29,66,70,-4,37
2735,2735,PN Type C Cell,44,16,41,33,60,74,-14,27
2736,2736,PN Type C Cell,43,24,47,34,67,81,-14,33
2737,2737,PN Type C Cell,34,19,38,33,53,71,-18,20
2738,2738,PN Type C Cell,42,8,31,46,50,77,-27,4
2739,2739,PN Type C Cell,39,11,36,34,50,70,-20,16
2740,2740,PN Type C Cell,40,19,39,32,59,71,-12,27
2741,2741,PN Type C Cell,39,17,28,43,56,71,-15,13
2742,2742,PN Type C Cell,51,23,46,29,74,75,-1,45
2743,2743,PN Type C Cell,49,13,35,35,62,70,-8,27
2744,2744,PN Type C Cell,41,17,36,30,58,66,-8,28
2745,2745,PN Type C Cell,45,19,44,43,64,87,-23,21
2746,2746,PN Type C Cell,42,21,41,32,63,73,-10,31
2747,2747,PN Type C Cell,68,18,34,32,86,66,20,54
2748,2748,PN Type C Cell,47,16,42,32,63,74,-11,31
2749,2749,PN Type C Cell,50,11,46,26,61,72,-11,35
2750,2750,PN Type C Cell,45,14,31,41,59,72,-13,18
2751,2751,PN Type C Cell,45,25,38,33,70,71,-1,37
2752,2752,PN Type C Cell,43,22,32,38,65,70,-5,27
2753,2753,PN Type C Cell,60,16,37,36,76,73,3,40
2754,2754,PN Type C Cell,48,19,46,41,67,87,-20,26
2755,2755,PN Type C Cell,43,20,25,29,63,54,9,34
2756,2756,PN Type C Cell,55,17,25,51,72,76,-4,21
2757,2757,PN Type C Cell,51,15,51,44,66,95,-29,22
2758,2758,PN Type C Cell,50,19,29,36,69,65,4,33
2759,2759,PN Type C Cell,49,20,46,39,69,85,-16,30
2760,2760,PN Type C Cell,52,13,43,33,65,76,-11,32
2761,2761,PN Type C Cell,55,11,31,34,66,65,1,32
2762,2762,PN Type C Cell,55,22,34,39,77,73,4,38
2763,2763,PN Type C Cell,46,18,43,24,64,67,-3,40
2764,2764,PN Type C Cell,36,19,38,34,55,72,-17,21
2765,2765,PN Type C Cell,43,15,31,44,58,75,-17,14
2766,2766,PN Type C Cell,43,20,27,31,63,58,5,32
2767,2767,PN Type C Cell,42,16,27,34,58,61,-3,24
2768,2768,PN Type C Cell,39,14,60,40,53,100,-47,13
2769,2769,PN Type C Cell,38,22,41,43,60,84,-24,17
2770,2770,PN Type C Cell,48,14,38,39,62,77,-15,23
2771,2771,PN Type C Cell,46,19,49,36,65,85,-20,29
2772,2772,PN Type C Cell,45,22,40,40,67,80,-13,27
2773,2773,PN Type C Cell,33,22,43,34,55,77,-22,21
2774,2774,PN Type C Cell,44,18,36,33,62,69,-7,29
2775,2775,PN Type C Cell,54,22,39,38,76,77,-1,38
2776,2776,PN Type C Cell,43,20,50,44,63,94,-31,19
2777,2777,PN Type C Cell,43,15,40,47,58,87,-29,11
2778,2778,PN Type C Cell,54,15,33,49,69,82,-13,20
2779,2779,PN Type C Cell,43,16,36,24,59,60,-1,35
2780,2780,PN Type C Cell,40,23,51,31,63,82,-19,32
2781,2781,PN Type C Cell,49,18,31,39,67,70,-3,28
2782,2782,PN Type C Cell,49,17,44,31,66,75,-9,35
2783,2783,PN Type C Cell,49,24,41,36,73,77,-4,37
2784,2784,PN Type C Cell,48,24,49,30,72,79,-7,42
2785,2785,PN Type C Cell,54,24,43,37,78,80,-2,41
2786,2786,PN Type C Cell,48,19,46,35,67,81,-14,32
2787,2787,PN Type C Cell,45,17,43,33,62,76,-14,29
2788,2788,PN Type C Cell,42,22,42,31,64,73,-9,33
2789,2789,PN Type C Cell,49,21,30,29,70,59,11,41
2790,2790,PN Type C Cell,50,18,40,26,68,66,2,42
2791,2791,PN Type C Cell,48,24,37,37,72,74,-2,35
2792,2792,PN Type C Cell,42,15,38,29,57,67,-10,28
2793,2793,PN Type C Cell,52,15,54,42,67,96,-29,25
2794,2794,PN Type C Cell,32,13,29,42,45,71,-26,3
2795,2795,PN Type C Cell,46,19,44,44,65,88,-23,21
2796,2796,PN Type C Cell,46,21,28,35,67,63,4,32
2797,2797,PN Type C Cell,50,17,36,45,67,81,-14,22
2798,2798,PN Type C Cell,55,11,38,45,66,83,-17,21
2799,2799,PN Type C Cell,42,14,28,42,56,70,-14,14
2800,2800,PN Type C Cell,49,17,32,43,66,75,-9,23
2801,2801,PN Type C Cell,41,21,33,35,62,68,-6,27
2802,2802,PN Type C Cell,38,18,42,33,56,75,-19,23
2803,2803,PN Type C Cell,50,11,38,35,61,73,-12,26
2804,2804,PN Type C Cell,47,19,44,30,66,74,-8,36
2805,2805,PN Type C Cell,44,9,42,32,53,74,-21,21
2806,2806,PN Type C Cell,58,17,35,27,75,62,13,48
2807,2807,PN Type C Cell,43,20,40,33,63,73,-10,30
2808,2808,PN Type C Cell,40,23,38,35,63,73,-10,28
2809,2809,PN Type C Cell,36,20,41,39,56,80,-24,17
2810,2810,PN Type C Cell,50,15,43,32,65,75,-10,33
2811,2811,PN Type C Cell,43,15,33,29,58,62,-4,29
2812,2812,PN Type C Cell,43,13,44,33,56,77,-21,23
2813,2813,PN Type C Cell,47,16,34,36,63,70,-7,27
2814,2814,PN Type C Cell,34,20,40,41,54,81,-27,13
2815,2815,PN Type C Cell,46,18,42,39,64,81,-17,25
2816,2816,PN Type C Cell,51,18,44,47,69,91,-22,22
2817,2817,PN Type C Cell,54,17,37,44,71,81,-10,27
2818,2818,PN Type C Cell,44,17,29,38,61,67,-6,23
2819,2819,PN Type C Cell,61,21,40,32,82,72,10,50
2820,2820,PN Type C Cell,42,13,39,35,55,74,-19,20
2821,2821,PN Type C Cell,44,21,35,34,65,69,-4,31
2822,2822,PN Type C Cell,46,19,39,44,65,83,-18,21
2823,2823,PN Type C Cell,50,16,33,40,66,73,-7,26
2824,2824,PN Type C Cell,45,23,42,32,68,74,-6,36
2825,2825,PN Type C Cell,44,14,45,30,58,75,-17,28
2826,2826,PN Type C Cell,43,18,41,38,61,79,-18,23
2827,2827,PN Type C Cell,46,15,47,44,61,91,-30,17
2828,2828,PN Type C Cell,56,14,40,35,70,75,-5,35
2829,2829,PN Type C Cell,43,16,33,31,59,64,-5,28
2830,2830,PN Type C Cell,40,22,38,30,62,68,-6,32
2831,2831,PN Type C Cell,40,19,43,33,59,76,-17,26
2832,2832,PN Type C Cell,58,17,43,36,75,79,-4,39
2833,2833,PN Type C Cell,45,25,24,41,70,65,5,29
2834,2834,PN Type C Cell,42,20,36,29,62,65,-3,33
2835,2835,PN Type C Cell,41,25,37,28,66,65,1,38
2836,2836,PN Type C Cell,45,6,33,33,51,66,-15,18
2837,2837,PN Type C Cell,42,15,40,44,57,84,-27,13
2838,2838,PN Type C Cell,57,15,37,32,72,69,3,40
2839,2839,PN Type C Cell,31,21,42,41,52,83,-31,11
2840,2840,PN Type C Cell,36,14,29,31,50,60,-10,19
2841,2841,PN Type C Cell,39,14,39,39,53,78,-25,14
2842,2842,PN Type C Cell,38,15,36,33,53,69,-16,20
2843,2843,PN Type C Cell,38,18,28,32,56,60,-4,24
2844,2844,PN Type C Cell,46,13,37,28,59,65,-6,31
2845,2845,PN Type C Cell,41,17,52,41,58,93,-35,17
2846,2846,PN Type C Cell,40,17,34,39,57,73,-16,18
2847,2847,PN Type C Cell,48,23,40,42,71,82,-11,29
2848,2848,PN Type C Cell,44,11,34,37,55,71,-16,18
2849,2849,PN Type C Cell,37,16,48,34,53,82,-29,19
2850,2850,PN Type C Cell,30,17,28,31,47,59,-12,16
2851,2851,PN Type C Cell,53,28,46,41,81,87,-6,40
2852,2852,PN Type C Cell,47,15,33,29,62,62,0,33
2853,2853,PN Type C Cell,47,20,41,34,67,75,-8,33
2854,2854,PN Type C Cell,56,21,39,44,77,83,-6,33
2855,2855,PN Type C Cell,43,22,47,26,65,73,-8,39
2856,2856,PN Type C Cell,41,19,41,35,60,76,-16,25
2857,2857,PN Type C Cell,39,12,43,38,51,81,-30,13
2858,2858,PN Type C Cell,51,18,34,40,69,74,-5,29
2859,2859,PN Type C Cell,43,21,37,30,64,67,-3,34
2860,2860,PN Type C Cell,55,23,36,28,78,64,14,50
2861,2861,PN Type C Cell,50,20,39,20,70,59,11,50
2862,2862,PN Type C Cell,48,19,43,40,67,83,-16,27
2863,2863,PN Type C Cell,50,23,31,37,73,68,5,36
2864,2864,PN Type C Cell,44,13,47,36,57,83,-26,21
2865,2865,PN Type C Cell,37,22,36,29,59,65,-6,30
2866,2866,PN Type C Cell,44,20,40,36,64,76,-12,28
2867,2867,PN Type C Cell,50,22,41,40,72,81,-9,32
2868,2868,PN Type C Cell,41,18,28,33,59,61,-2,26
2869,2869,PN Type C Cell,51,16,38,36,67,74,-7,31
2870,2870,PN Type C Cell,59,17,45,35,76,80,-4,41
2871,2871,PN Type C Cell,57,21,37,30,78,67,11,48
2872,2872,PN Type C Cell,32,25,26,49,57,75,-18,8
2873,2873,PN Type C Cell,40,17,34,42,57,76,-19,15
2874,2874,PN Type C Cell,44,24,47,30,68,77,-9,38
2875,2875,PN Type C Cell,55,24,42,31,79,73,6,48
2876,2876,PN Type C Cell,45,13,44,23,58,67,-9,35
2877,2877,PN Type C Cell,56,16,45,26,72,71,1,46
2878,2878,PN Type C Cell,43,18,32,35,61,67,-6,26
2879,2879,PN Type C Cell,41,12,36,31,53,67,-14,22
2880,2880,PN Type C Cell,45,28,36,35,73,71,2,38
2881,2881,PN Type C Cell,47,20,47,31,67,78,-11,36
2882,2882,PN Type C Cell,43,19,33,47,62,80,-18,15
2883,2883,PN Type C Cell,48,17,29,33,65,62,3,32
2884,2884,PN Type C Cell,50,16,44,31,66,75,-9,35
2885,2885,PN Type C Cell,51,15,42,26,66,68,-2,40
2886,2886,PN Type C Cell,34,18,36,45,52,81,-29,7
2887,2887,PN Type C Cell,40,16,42,30,56,72,-16,26
2888,2888,PN Type C Cell,44,18,38,37,62,75,-13,25
2889,2889,PN Type C Cell,43,22,45,38,65,83,-18,27
2890,2890,PN Type C Cell,54,13,45,29,67,74,-7,38
2891,2891,PN Type C Cell,49,17,47,45,66,92,-26,21
2892,2892,PN Type C Cell,57,20,44,38,77,82,-5,39
2893,2893,PN Type C Cell,46,20,43,30,66,73,-7,36
2894,2894,PN Type C Cell,49,23,35,36,72,71,1,36
2895,2895,PN Type C Cell,44,13,37,23,57,60,-3,34
2896,2896,PN Type C Cell,44,14,42,39,58,81,-23,19
2897,2897,PN Type C Cell,50,18,38,26,68,64,4,42
2898,2898,PN Type C Cell,51,18,36,41,69,77,-8,28
2899,2899,PN Type C Cell,48,21,34,49,69,83,-14,20
2900,2900,PN Type C Cell,39,22,36,45,61,81,-20,16
2901,2901,PN Type C Cell,42,19,38,30,61,68,-7,31
2902,2902,PN Type C Cell,51,16,44,30,67,74,-7,37
2903,2903,PN Type C Cell,53,15,47,35,68,82,-14,33
2904,2904,PN Type C Cell,32,31,43,22,63,65,-2,41
2905,2905,PN Type C Cell,33,20,38,43,53,81,-28,10
2906,2906,PN Type C Cell,53,16,31,32,69,63,6,37
2907,2907,PN Type C Cell,46,25,40,35,71,75,-4,36
2908,2908,PN Type C Cell,46,19,38,37,65,75,-10,28
2909,2909,PN Type C Cell,38,20,39,35,58,74,-16,23
2910,2910,PN Type C Cell,40,14,34,30,54,64,-10,24
2911,2911,PN Type C Cell,46,16,35,36,62,71,-9,26
2912,2912,PN Type C Cell,56,10,39,24,66,63,3,42
2913,2913,PN Type C Cell,46,23,31,23,69,54,15,46
2914,2914,PN Type C Cell,39,27,40,36,66,76,-10,30
2915,2915,PN Type C Cell,29,12,36,39,41,75,-34,2
2916,2916,PN Type C Cell,40,26,37,41,66,78,-12,25
2917,2917,PN Type C Cell,48,18,47,41,66,88,-22,25
2918,2918,PN Type C Cell,45,23,35,24,68,59,9,44
2919,2919,PN Type C Cell,45,11,32,33,56,65,-9,23
2920,2920,PN Type C Cell,51,18,53,47,69,100,-31,22
2921,2921,PN Type C Cell,27,20,23,35,47,58,-11,12
2922,2922,PN Type C Cell,56,19,33,33,75,66,9,42
2923,2923,PN Type C Cell,45,22,35,36,67,71,-4,31
2924,2924,PN Type C Cell,51,14,35,35,65,70,-5,30
2925,2925,PN Type C Cell,51,21,46,33,72,79,-7,39
2926,2926,PN Type C Cell,52,14,44,26,66,70,-4,40
2927,2927,PN Type C Cell,40,18,35,33,58,68,-10,25
2928,2928,PN Type C Cell,39,21,35,32,60,67,-7,28
2929,2929,PN Type C Cell,47,20,33,34,67,67,0,33
2930,2930,PN Type C Cell,42,25,44,37,67,81,-14,30
2931,2931,PN Type C Cell,39,20,38,34,59,72,-13,25
2932,2932,PN Type C Cell,46,19,34,35,65,69,-4,30
2933,2933,PN Type C Cell,28,13,45,37,41,82,-41,4
2934,2934,PN Type C Cell,52,16,44,39,68,83,-15,29
2935,2935,PN Type C Cell,40,13,36,27,53,63,-10,26
2936,2936,PN Type C Cell,43,18,30,38,61,68,-7,23
2937,2937,PN Type C Cell,42,20,34,33,62,67,-5,29
2938,2938,PN Type C Cell,53,18,42,33,71,75,-4,38
2939,2939,PN Type C Cell,45,17,35,32,62,67,-5,30
2940,2940,PN Type C Cell,64,19,40,41,83,81,2,42
2941,2941,PN Type C Cell,38,18,41,26,56,67,-11,30
2942,2942,PN Type C Cell,49,20,45,37,69,82,-13,32
2943,2943,PN Type C Cell,48,11,46,33,59,79,-20,26
2944,2944,PN Type C Cell,44,14,45,29,58,74,-16,29
2945,2945,PN Type C Cell,46,21,39,51,67,90,-23,16
2946,2946,PN Type C Cell,49,14,37,35,63,72,-9,28
2947,2947,PN Type C Cell,45,19,36,37,64,73,-9,27
2948,2948,PN Type C Cell,47,19,42,35,66,77,-11,31
2949,2949,PN Type C Cell,46,20,38,41,66,79,-13,25
2950,2950,PN Type C Cell,55,19,38,40,74,78,-4,34
2951,2951,PN Type C Cell,47,17,43,36,64,79,-15,28
2952,2952,PN Type C Cell,49,16,42,42,65,84,-19,23
2953,2953,PN Type C Cell,48,18,32,30,66,62,4,36
2954,2954,PN Type C Cell,52,17,43,38,69,81,-12,31
2955,2955,PN Type C Cell,56,12,36,33,68,69,-1,35
2956,2956,PN Type C Cell,31,10,47,42,41,89,-48,-1
2957,2957,PN Type C Cell,41,24,52,35,65,87,-22,30
2958,2958,PN Type C Cell,50,15,32,33,65,65,0,32
2959,2959,PN Type C Cell,42,24,36,44,66,80,-14,22
2960,2960,PN Type C Cell,47,17,38,36,64,74,-10,28
2961,2961,PN Type C Cell,56,14,29,37,70,66,4,33
2962,2962,PN Type C Cell,48,22,42,44,70,86,-16,26
2963,2963,PN Type C Cell,37,20,47,34,57,81,-24,23
2964,2964,PN Type C Cell,48,27,40,39,75,79,-4,36
2965,2965,PN Type C Cell,40,20,41,29,60,70,-10,31
2966,2966,PN Type C Cell,39,16,39,35,55,74,-19,20
2967,2967,PN Type C Cell,44,21,43,33,65,76,-11,32
2968,2968,PN Type C Cell,39,16,35,39,55,74,-19,16
2969,2969,PN Type C Cell,47,22,47,43,69,90,-21,26
2970,2970,PN Type C Cell,47,17,45,28,64,73,-9,36
2971,2971,PN Type C Cell,46,16,37,38,62,75,-13,24
2972,2972,PN Type C Cell,40,21,34,35,61,69,-8,26
2973,2973,PN Type C Cell,41,20,42,30,61,72,-11,31
2974,2974,PN Type C Cell,41,24,48,36,65,84,-19,29
2975,2975,PN Type C Cell,49,12,45,41,61,86,-25,20
2976,2976,PN Type C Cell,48,18,43,30,66,73,-7,36
2977,2977,PN Type C Cell,42,24,32,34,66,66,0,32
2978,2978,PN Type C Cell,52,16,35,33,68,68,0,35
2979,2979,PN Type C Cell,54,20,39,46,74,85,-11,28
2980,2980,PN Type C Cell,49,25,42,42,74,84,-10,32
2981,2981,PN Type C Cell,54,18,47,38,72,85,-13,34
2982,2982,PN Type C Cell,49,16,30,41,65,71,-6,24
2983,2983,PN Type C Cell,43,19,31,36,62,67,-5,26
2984,2984,PN Type C Cell,38,26,36,31,64,67,-3,33
2985,2985,PN Type C Cell,45,18,28,35,63,63,0,28
2986,2986,PN Type C Cell,41,12,39,34,53,73,-20,19
2987,2987,PN Type C Cell,48,15,39,25,63,64,-1,38
2988,2988,PN Type C Cell,53,16,47,36,69,83,-14,33
2989,2989,PN Type C Cell,34,19,42,40,53,82,-29,13
2990,2990,PN Type C Cell,46,17,33,37,63,70,-7,26
2991,2991,PN Type C Cell,44,19,38,35,63,73,-10,28
2992,2992,PN Type C Cell,37,21,40,40,58,80,-22,18
2993,2993,PN Type C Cell,49,17,34,33,66,67,-1,33
2994,2994,PN Type C Cell,47,16,27,38,63,65,-2,25
2995,2995,PN Type C Cell,49,23,33,30,72,63,9,42
2996,2996,PN Type C Cell,50,25,45,38,75,83,-8,37
2997,2997,PN Type C Cell,45,19,43,36,64,79,-15,28
2998,2998,PN Type C Cell,43,19,51,26,62,77,-15,36
2999,2999,PN Type C Cell,47,7,38,44,54,82,-28,10
3000,3000,PN Type C Cell,36,8,35,29,44,64,-20,15
3001,3001,PN Type C Cell,48,11,32,38,59,70,-11,21
3002,3002,PN Type C Cell,42,23,35,33,65,68,-3,32
3003,3003,PN Type C Cell,53,16,22,34,69,56,13,35
3004,3004,PN Type C Cell,48,17,37,31,65,68,-3,34
3005,3005,PN Type C Cell,39,19,34,29,58,63,-5,29
3006,3006,PN Type C Cell,47,19,39,32,66,71,-5,34
3007,3007,PN Type C Cell,48,21,46,39,69,85,-16,30
3008,3008,PN Type C Cell,41,15,40,38,56,78,-22,18
3009,3009,PN Type C Cell,42,20,35,41,62,76,-14,21
3010,3010,PN Type C Cell,38,22,40,34,60,74,-14,26
3011,3011,PN Type C Cell,55,18,37,41,73,78,-5,32
3012,3012,PN Type C Cell,64,19,43,32,83,75,8,51
3013,3013,PN Type C Cell,49,13,35,32,62,67,-5,30
3014,3014,PN Type C Cell,41,24,33,37,65,70,-5,28
3015,3015,PN Type C Cell,54,17,38,29,71,67,4,42
3016,3016,PN Type C Cell,48,16,34,39,64,73,-9,25
3017,3017,PN Type C Cell,51,16,37,28,67,65,2,39
3018,3018,PN Type C Cell,46,24,33,44,70,77,-7,26
3019,3019,PN Type C Cell,54,21,41,43,75,84,-9,32
3020,3020,PN Type C Cell,40,21,32,39,61,71,-10,22
3021,3021,PN Type C Cell,46,16,30,40,62,70,-8,22
3022,3022,PN Type C Cell,46,13,43,40,59,83,-24,19
3023,3023,PN Type C Cell,33,23,28,31,56,59,-3,25
3024,3024,PN Type C Cell,31,16,40,30,47,70,-23,17
3025,3025,PN Type C Cell,43,18,39,36,61,75,-14,25
3026,3026,PN Type C Cell,40,23,41,35,63,76,-13,28
3027,3027,PN Type C Cell,55,15,39,40,70,79,-9,30
3028,3028,PN Type C Cell,47,15,31,33,62,64,-2,29
3029,3029,PN Type C Cell,46,10,34,33,56,67,-11,23
3030,3030,PN Type C Cell,53,18,35,33,71,68,3,38
3031,3031,PN Type C Cell,53,9,40,23,62,63,-1,39
3032,3032,PN Type C Cell,49,15,41,44,64,85,-21,20
3033,3033,PN Type C Cell,42,20,34,27,62,61,1,35
3034,3034,PN Type C Cell,48,22,45,37,70,82,-12,33
3035,3035,PN Type C Cell,35,15,37,35,50,72,-22,15
3036,3036,PN Type C Cell,46,21,31,39,67,70,-3,28
3037,3037,PN Type C Cell,43,12,37,36,55,73,-18,19
3038,3038,PN Type C Cell,52,19,37,33,71,70,1,38
3039,3039,PN Type C Cell,56,20,41,31,76,72,4,45
3040,3040,PN Type C Cell,45,19,38,31,64,69,-5,33
3041,3041,PN Type C Cell,45,13,28,35,58,63,-5,23
3042,3042,PN Type C Cell,46,21,42,32,67,74,-7,35
3043,3043,PN Type C Cell,39,10,36,27,49,63,-14,22
3044,3044,PN Type C Cell,39,20,46,35,59,81,-22,24
3045,3045,PN Type C Cell,41,15,37,34,56,71,-15,22
3046,3046,PN Type C Cell,48,21,37,37,69,74,-5,32
3047,3047,PN Type C Cell,42,20,29,39,62,68,-6,23
3048,3048,PN Type C Cell,38,21,44,28,59,72,-13,31
3049,3049,PN Type C Cell,45,12,31,32,57,63,-6,25
3050,3050,PN Type C Cell,39,20,38,31,59,69,-10,28
3051,3051,PN Type C Cell,57,18,38,40,75,78,-3,35
3052,3052,PN Type C Cell,39,19,43,27,58,70,-12,31
3053,3053,PN Type C Cell,49,24,38,42,73,80,-7,31
3054,3054,PN Type C Cell,45,13,39,33,58,72,-14,25
3055,3055,PN Type C Cell,53,22,42,41,75,83,-8,34
3056,3056,PN Type C Cell,49,20,45,29,69,74,-5,40
3057,3057,PN Type C Cell,51,18,37,33,69,70,-1,36
3058,3058,PN Type C Cell,48,19,32,31,67,63,4,36
3059,3059,PN Type C Cell,47,12,36,34,59,70,-11,25
3060,3060,PN Type C Cell,33,19,37,28,52,65,-13,24
3061,3061,PN Type C Cell,45,17,39,35,62,74,-12,27
3062,3062,PN Type C Cell,68,12,41,40,80,81,-1,40
3063,3063,PN Type C Cell,44,13,28,37,57,65,-8,20
3064,3064,PN Type C Cell,52,14,47,25,66,72,-6,41
3065,3065,PN Type C Cell,48,16,37,34,64,71,-7,30
3066,3066,PN Type C Cell,49,11,34,39,60,73,-13,21
3067,3067,PN Type C Cell,49,14,42,26,63,68,-5,37
3068,3068,PN Type C Cell,47,16,37,35,63,72,-9,28
3069,3069,PN Type C Cell,38,15,34,34,53,68,-15,19
3070,3070,PN Type C Cell,44,21,40,39,65,79,-14,26
3071,3071,PN Type C Cell,55,18,47,25,73,72,1,48
3072,3072,PN Type C Cell,45,18,28,37,63,65,-2,26
3073,3073,PN Type C Cell,33,22,40,38,55,78,-23,17
3074,3074,PN Type C Cell,35,25,37,44,60,81,-21,16
3075,3075,PN Type C Cell,45,24,42,30,69,72,-3,39
3076,3076,PN Type C Cell,52,21,56,23,73,79,-6,50
3077,3077,PN Type C Cell,58,17,40,39,75,79,-4,36
3078,3078,PN Type C Cell,41,9,44,35,50,79,-29,15
3079,3079,PN Type C Cell,45,19,34,32,64,66,-2,32
3080,3080,PN Type C Cell,36,16,36,44,52,80,-28,8
3081,3081,PN Type C Cell,37,21,38,31,58,69,-11,27
3082,3082,PN Type C Cell,39,24,31,50,63,81,-18,13
3083,3083,PN Type C Cell,34,19,33,39,53,72,-19,14
3084,3084,PN Type C Cell,43,14,32,47,57,79,-22,10
3085,3085,PN Type C Cell,53,23,36,33,76,69,7,43
3086,3086,PN Type C Cell,52,15,40,38,67,78,-11,29
3087,3087,PN Type C Cell,49,12,32,34,61,66,-5,27
3088,3088,PN Type C Cell,43,16,48,29,59,77,-18,30
3089,3089,PN Type C Cell,46,17,48,33,63,81,-18,30
3090,3090,PN Type C Cell,55,24,39,31,79,70,9,48
3091,3091,PN Type C Cell,38,16,38,45,54,83,-29,9
3092,3092,PN Type C Cell,52,25,42,36,77,78,-1,41
3093,3093,PN Type C Cell,38,18,40,40,56,80,-24,16
3094,3094,PN Type C Cell,43,18,44,31,61,75,-14,30
3095,3095,PN Type C Cell,56,13,47,35,69,82,-13,34
3096,3096,PN Type C Cell,46,16,38,32,62,70,-8,30
3097,3097,PN Type C Cell,55,21,37,47,76,84,-8,29
3098,3098,PN Type C Cell,49,15,41,35,64,76,-12,29
3099,3099,PN Type C Cell,53,19,28,29,72,57,15,43
3100,3100,PN Type C Cell,46,11,39,31,57,70,-13,26
3101,3101,PN Type C Cell,42,15,45,17,57,62,-5,40
3102,3102,PN Type C Cell,49,21,49,37,70,86,-16,33
3103,3103,PN Type C Cell,38,28,22,40,66,62,4,26
3104,3104,PN Type C Cell,46,15,30,33,61,63,-2,28
3105,3105,PN Type C Cell,50,19,40,28,69,68,1,41
3106,3106,PN Type C Cell,42,20,38,39,62,77,-15,23
3107,3107,PN Type C Cell,44,12,38,35,56,73,-17,21
3108,3108,PN Type C Cell,51,19,39,37,70,76,-6,33
3109,3109,PN Type C Cell,40,16,48,24,56,72,-16,32
3110,3110,PN Type C Cell,49,22,40,30,71,70,1,41
3111,3111,PN Type C Cell,42,21,39,25,63,64,-1,38
3112,3112,PN Type C Cell,45,18,36,34,63,70,-7,29
3113,3113,PN Type C Cell,49,15,31,30,64,61,3,34
3114,3114,PN Type C Cell,33,23,34,40,56,74,-18,16
3115,3115,PN Type C Cell,39,17,35,38,56,73,-17,18
3116,3116,PN Type C Cell,48,26,50,43,74,93,-19,31
3117,3117,PN Type C Cell,37,15,32,38,52,70,-18,14
3118,3118,PN Type C Cell,55,15,38,37,70,75,-5,33
3119,3119,PN Type C Cell,45,18,45,31,63,76,-13,32
3120,3120,PN Type C Cell,40,17,39,28,57,67,-10,29
3121,3121,PN Type C Cell,47,17,43,37,64,80,-16,27
3122,3122,PN Type C Cell,44,12,36,37,56,73,-17,19
3123,3123,PN Type C Cell,39,17,38,46,56,84,-28,10
3124,3124,PN Type C Cell,57,18,33,38,75,71,4,37
3125,3125,PN Type C Cell,54,18,37,43,72,80,-8,29
3126,3126,PN Type C Cell,43,19,26,32,62,58,4,30
3127,3127,PN Type C Cell,38,20,41,33,58,74,-16,25
3128,3128,PN Type C Cell,46,13,47,56,59,103,-44,3
3129,3129,PN Type C Cell,55,22,34,46,77,80,-3,31
3130,3130,PN Type C Cell,49,10,31,37,59,68,-9,22
3131,3131,PN Type C Cell,46,21,41,45,67,86,-19,22
3132,3132,PN Type C Cell,49,18,41,44,67,85,-18,23
3133,3133,PN Type C Cell,46,22,42,32,68,74,-6,36
3134,3134,PN Type C Cell,50,16,37,34,66,71,-5,32
3135,3135,PN Type C Cell,52,15,45,36,67,81,-14,31
3136,3136,PN Type C Cell,38,10,41,42,48,83,-35,6
3137,3137,PN Type C Cell,47,14,35,38,61,73,-12,23
3138,3138,PN Type C Cell,55,19,40,27,74,67,7,47
3139,3139,PN Type C Cell,51,19,47,36,70,83,-13,34
3140,3140,PN Type C Cell,58,15,47,34,73,81,-8,39
3141,3141,PN Type C Cell,44,16,37,29,60,66,-6,31
3142,3142,PN Type C Cell,34,10,38,29,44,67,-23,15
3143,3143,PN Type C Cell,36,14,32,34,50,66,-16,16
3144,3144,PN Type C Cell,42,17,41,28,59,69,-10,31
3145,3145,PN Type C Cell,46,23,40,40,69,80,-11,29
3146,3146,PN Type C Cell,42,13,38,44,55,82,-27,11
3147,3147,PN Type C Cell,47,18,36,37,65,73,-8,28
3148,3148,PN Type C Cell,56,12,31,41,68,72,-4,27
3149,3149,PN Type C Cell,39,26,46,39,65,85,-20,26
3150,3150,PN Type C Cell,42,18,43,28,60,71,-11,32
3151,3151,PN Type C Cell,43,15,39,36,58,75,-17,22
3152,3152,PN Type C Cell,49,16,39,39,65,78,-13,26
3153,3153,PN Type C Cell,33,18,33,43,51,76,-25,8
3154,3154,PN Type C Cell,52,23,35,35,75,70,5,40
3155,3155,PN Type C Cell,47,22,50,27,69,77,-8,42
3156,3156,PN Type C Cell,39,12,31,39,51,70,-19,12
3157,3157,PN Type C Cell,46,16,26,23,62,49,13,39
3158,3158,PN Type C Cell,49,4,38,34,53,72,-19,19
3159,3159,PN Type C Cell,38,15,38,37,53,75,-22,16
3160,3160,PN Type C Cell,36,19,31,26,55,57,-2,29
3161,3161,PN Type C Cell,42,18,28,29,60,57,3,31
3162,3162,PN Type C Cell,45,15,43,34,60,77,-17,26
3163,3163,PN Type C Cell,59,26,42,30,85,72,13,55
3164,3164,PN Type C Cell,44,14,38,29,58,67,-9,29
3165,3165,PN Type C Cell,49,27,34,29,76,63,13,47
3166,3166,PN Type C Cell,44,17,32,41,61,73,-12,20
3167,3167,PN Type C Cell,58,21,45,33,79,78,1,46
3168,3168,PN Type C Cell,56,14,40,32,70,72,-2,38
3169,3169,PN Type C Cell,53,21,48,31,74,79,-5,43
3170,3170,PN Type C Cell,57,15,41,34,72,75,-3,38
3171,3171,PN Type C Cell,55,21,37,33,76,70,6,43
3172,3172,PN Type C Cell,36,22,35,37,58,72,-14,21
3173,3173,PN Type C Cell,36,18,31,30,54,61,-7,24
3174,3174,PN Type C Cell,43,24,41,38,67,79,-12,29
3175,3175,PN Type C Cell,52,15,43,28,67,71,-4,39
3176,3176,PN Type C Cell,49,18,48,40,67,88,-21,27
3177,3177,PN Type C Cell,51,18,32,35,69,67,2,34
3178,3178,PN Type C Cell,41,20,49,34,61,83,-22,27
3179,3179,PN Type C Cell,46,15,38,35,61,73,-12,26
3180,3180,PN Type C Cell,59,27,39,38,86,77,9,48
3181,3181,PN Type C Cell,59,18,38,33,77,71,6,44
3182,3182,PN Type C Cell,46,22,36,39,68,75,-7,29
3183,3183,PN Type C Cell,42,17,33,40,59,73,-14,19
3184,3184,PN Type C Cell,43,17,40,32,60,72,-12,28
3185,3185,PN Type C Cell,50,20,33,29,70,62,8,41
3186,3186,PN Type C Cell,36,16,32,39,52,71,-19,13
3187,3187,PN Type C Cell,40,11,38,37,51,75,-24,14
3188,3188,PN Type C Cell,48,16,35,27,64,62,2,37
3189,3189,PN Type C Cell,57,22,35,39,79,74,5,40
3190,3190,PN Type C Cell,35,20,52,26,55,78,-23,29
3191,3191,PN Type C Cell,49,15,47,31,64,78,-14,33
3192,3192,PN Type C Cell,43,16,40,32,59,72,-13,27
3193,3193,PN Type C Cell,53,14,30,37,67,67,0,30
3194,3194,PN Type C Cell,41,26,41,35,67,76,-9,32
3195,3195,PN Type C Cell,52,15,41,37,67,78,-11,30
3196,3196,PN Type C Cell,45,22,33,46,67,79,-12,21
3197,3197,PN Type C Cell,42,15,37,31,57,68,-11,26
3198,3198,PN Type C Cell,32,17,42,42,49,84,-35,7
3199,3199,PN Type C Cell,46,18,44,33,64,77,-13,31
3200,3200,PV Cell,168,69,0,30,237,30,207,207
3201,3201,PV Cell,188,68,0,37,256,37,219,219
3202,3202,PV Cell,158,77,0,27,235,27,208,208
3203,3203,PV Cell,162,66,0,27,228,27,201,201
3204,3204,PV Cell,161,59,0,35,220,35,185,185
3205,3205,PV Cell,179,68,0,28,247,28,219,219
3206,3206,PV Cell,165,62,0,35,227,35,192,192
3207,3207,PV Cell,172,52,0,34,224,34,190,190
3208,3208,PV Cell,198,75,0,24,273,24,249,249
3209,3209,PV Cell,173,69,0,30,242,30,212,212
3210,3210,PV Cell,188,68,0,36,256,36,220,220
3211,3211,PV Cell,178,81,0,34,259,34,225,225
3212,3212,PV Cell,194,71,0,35,265,35,230,230
3213,3213,PV Cell,159,79,0,34,238,34,204,204
3214,3214,PV Cell,192,61,0,47,253,47,206,206
3215,3215,PV Cell,170,76,0,24,246,24,222,222
3216,3216,PV Cell,170,66,0,28,236,28,208,208
3217,3217,PV Cell,174,78,0,35,252,35,217,217
3218,3218,PV Cell,173,81,0,27,254,27,227,227
3219,3219,PV Cell,140,74,0,38,214,38,176,176
3220,3220,PV Cell,191,76,0,23,267,23,244,244
3221,3221,PV Cell,165,63,0,22,228,22,206,206
3222,3222,PV Cell,174,52,0,30,226,30,196,196
3223,3223,PV Cell,153,69,0,32,222,32,190,190
3224,3224,PV Cell,172,63,0,37,235,37,198,198
3225,3225,PV Cell,161,74,0,32,235,32,203,203
3226,3226,PV Cell,169,67,0,22,236,22,214,214
3227,3227,PV Cell,163,59,0,37,222,37,185,185
3228,3228,PV Cell,181,65,0,39,246,39,207,207
3229,3229,PV Cell,183,77,0,25,260,25,235,235
3230,3230,PV Cell,172,74,0,26,246,26,220,220
3231,3231,PV Cell,149,64,0,35,213,35,178,178
3232,3232,PV Cell,171,67,0,32,238,32,206,206
3233,3233,PV Cell,187,71,0,27,258,27,231,231
3234,3234,PV Cell,181,64,0,25,245,25,220,220
3235,3235,PV Cell,184,74,0,29,258,29,229,229
3236,3236,PV Cell,159,64,0,32,223,32,191,191
3237,3237,PV Cell,162,56,0,26,218,26,192,192
3238,3238,PV Cell,170,63,0,30,233,30,203,203
3239,3239,PV Cell,193,59,0,40,252,40,212,212
3240,3240,PV Cell,190,70,0,34,260,34,226,226
3241,3241,PV Cell,180,52,0,31,232,31,201,201
3242,3242,PV Cell,180,79,0,31,259,31,228,228
3243,3243,PV Cell,167,65,0,29,232,29,203,203
3244,3244,PV Cell,164,84,0,36,248,36,212,212
3245,3245,PV Cell,175,69,0,22,244,22,222,222
3246,3246,PV Cell,175,67,0,32,242,32,210,210
3247,3247,PV Cell,177,78,0,36,255,36,219,219
3248,3248,PV Cell,172,66,0,22,238,22,216,216
3249,3249,PV Cell,181,75,0,22,256,22,234,234
3250,3250,PV Cell,155,65,0,35,220,35,185,185
3251,3251,PV Cell,152,70,0,38,222,38,184,184
3252,3252,PV Cell,154,74,0,18,228,18,210,210
3253,3253,PV Cell,163,58,0,29,221,29,192,192
3254,3254,PV Cell,162,66,0,36,228,36,192,192
3255,3255,PV Cell,170,61,0,38,231,38,193,193
3256,3256,PV Cell,170,65,0,28,235,28,207,207
3257,3257,PV Cell,166,70,0,34,236,34,202,202
3258,3258,PV Cell,145,52,0,29,197,29,168,168
3259,3259,PV Cell,165,64,0,25,229,25,204,204
3260,3260,PV Cell,184,65,0,24,249,24,225,225
3261,3261,PV Cell,167,62,0,35,229,35,194,194
3262,3262,PV Cell,185,65,0,27,250,27,223,223
3263,3263,PV Cell,165,65,0,30,230,30,200,200
3264,3264,PV Cell,171,62,0,24,233,24,209,209
3265,3265,PV Cell,176,71,0,32,247,32,215,215
3266,3266,PV Cell,201,72,0,24,273,24,249,249
3267,3267,PV Cell,159,74,0,27,233,27,206,206
3268,3268,PV Cell,175,58,0,32,233,32,201,201
3269,3269,PV Cell,186,71,0,20,257,20,237,237
3270,3270,PV Cell,175,66,0,25,241,25,216,216
3271,3271,PV Cell,175,73,0,26,248,26,222,222
3272,3272,PV Cell,173,86,0,27,259,27,232,232
3273,3273,PV Cell,184,75,0,23,259,23,236,236
3274,3274,PV Cell,170,72,0,36,242,36,206,206
3275,3275,PV Cell,155,56,0,35,211,35,176,176
3276,3276,PV Cell,176,68,0,30,244,30,214,214
3277,3277,PV Cell,140,75,0,37,215,37,178,178
3278,3278,PV Cell,172,58,0,28,230,28,202,202
3279,3279,PV Cell,172,68,0,37,240,37,203,203
3280,3280,PV Cell,170,63,0,24,233,24,209,209
3281,3281,PV Cell,159,60,0,30,219,30,189,189
3282,3282,PV Cell,167,57,0,25,224,25,199,199
3283,3283,PV Cell,182,73,0,30,255,30,225,225
3284,3284,PV Cell,156,79,0,32,235,32,203,203
3285,3285,PV Cell,137,67,0,32,204,32,172,172
3286,3286,PV Cell,181,71,0,35,252,35,217,217
3287,3287,PV Cell,166,64,0,25,230,25,205,205
3288,3288,PV Cell,167,74,0,30,241,30,211,211
3289,3289,PV Cell,183,63,0,37,246,37,209,209
3290,3290,PV Cell,182,65,0,32,247,32,215,215
3291,3291,PV Cell,158,74,0,23,232,23,209,209
3292,3292,PV Cell,172,69,0,27,241,27,214,214
3293,3293,PV Cell,175,60,0,32,235,32,203,203
3294,3294,PV Cell,172,65,0,32,237,32,205,205
3295,3295,PV Cell,151,66,0,31,217,31,186,186
3296,3296,PV Cell,160,57,0,37,217,37,180,180
3297,3297,PV Cell,172,90,0,22,262,22,240,240
3298,3298,PV Cell,160,77,0,27,237,27,210,210
3299,3299,PV Cell,168,63,0,27,231,27,204,204
3300,3300,PV Cell,178,75,0,27,253,27,226,226
3301,3301,PV Cell,155,69,0,26,224,26,198,198
3302,3302,PV Cell,156,65,0,37,221,37,184,184
3303,3303,PV Cell,171,72,0,26,243,26,217,217
3304,3304,PV Cell,188,53,0,44,241,44,197,197
3305,3305,PV Cell,183,75,0,38,258,38,220,220
3306,3306,PV Cell,168,65,0,30,233,30,203,203
3307,3307,PV Cell,169,54,0,30,223,30,193,193
3308,3308,PV Cell,183,76,0,26,259,26,233,233
3309,3309,PV Cell,166,69,0,28,235,28,207,207
3310,3310,PV Cell,182,90,0,32,272,32,240,240
3311,3311,PV Cell,172,70,0,21,242,21,221,221
3312,3312,PV Cell,168,69,0,37,237,37,200,200
3313,3313,PV Cell,194,57,0,29,251,29,222,222
3314,3314,PV Cell,177,78,0,35,255,35,220,220
3315,3315,PV Cell,179,60,0,31,239,31,208,208
3316,3316,PV Cell,192,69,0,30,261,30,231,231
3317,3317,PV Cell,175,58,0,21,233,21,212,212
3318,3318,PV Cell,154,65,0,20,219,20,199,199
3319,3319,PV Cell,173,65,0,30,238,30,208,208
3320,3320,PV Cell,163,57,0,24,220,24,196,196
3321,3321,PV Cell,160,57,0,30,217,30,187,187
3322,3322,PV Cell,168,81,0,34,249,34,215,215
3323,3323,PV Cell,163,61,0,25,224,25,199,199
3324,3324,PV Cell,155,76,0,33,231,33,198,198
3325,3325,PV Cell,164,61,0,31,225,31,194,194
3326,3326,PV Cell,175,70,0,21,245,21,224,224
3327,3327,PV Cell,163,70,0,32,233,32,201,201
3328,3328,PV Cell,178,69,0,35,247,35,212,212
3329,3329,PV Cell,170,71,0,18,241,18,223,223
3330,3330,PV Cell,164,66,0,36,230,36,194,194
3331,3331,PV Cell,165,79,0,33,244,33,211,211
3332,3332,PV Cell,175,61,0,40,236,40,196,196
3333,3333,PV Cell,177,72,0,31,249,31,218,218
3334,3334,PV Cell,180,66,0,28,246,28,218,218
3335,3335,PV Cell,156,63,0,28,219,28,191,191
3336,3336,PV Cell,170,68,0,23,238,23,215,215
3337,3337,PV Cell,167,77,0,31,244,31,213,213
3338,3338,PV Cell,158,62,0,38,220,38,182,182
3339,3339,PV Cell,179,73,0,31,252,31,221,221
3340,3340,PV Cell,159,78,0,29,237,29,208,208
3341,3341,PV Cell,172,68,0,33,240,33,207,207
3342,3342,PV Cell,181,59,0,30,240,30,210,210
3343,3343,PV Cell,170,58,0,31,228,31,197,197
3344,3344,PV Cell,154,81,0,26,235,26,209,209
3345,3345,PV Cell,172,77,0,37,249,37,212,212
3346,3346,PV Cell,174,69,0,33,243,33,210,210
3347,3347,PV Cell,179,71,0,27,250,27,223,223
3348,3348,PV Cell,163,76,0,36,239,36,203,203
3349,3349,PV Cell,170,72,0,25,242,25,217,217
3350,3350,PV Cell,164,74,0,28,238,28,210,210
3351,3351,PV Cell,165,68,0,19,233,19,214,214
3352,3352,PV Cell,147,64,0,32,211,32,179,179
3353,3353,PV Cell,168,67,0,29,235,29,206,206
3354,3354,PV Cell,168,67,0,32,235,32,203,203
3355,3355,PV Cell,175,74,0,33,249,33,216,216
3356,3356,PV Cell,176,73,0,29,249,29,220,220
3357,3357,PV Cell,176,58,0,28,234,28,206,206
3358,3358,PV Cell,151,61,0,31,212,31,181,181
3359,3359,PV Cell,177,54,0,29,231,29,202,202
3360,3360,PV Cell,169,69,0,27,238,27,211,211
3361,3361,PV Cell,151,63,0,28,214,28,186,186
3362,3362,PV Cell,183,66,0,22,249,22,227,227
3363,3363,PV Cell,173,78,0,32,251,32,219,219
3364,3364,PV Cell,166,64,0,31,230,31,199,199
3365,3365,PV Cell,160,65,0,31,225,31,194,194
3366,3366,PV Cell,157,61,0,28,218,28,190,190
3367,3367,PV Cell,161,75,0,32,236,32,204,204
3368,3368,PV Cell,185,57,0,42,242,42,200,200
3369,3369,PV Cell,168,66,0,30,234,30,204,204
3370,3370,PV Cell,169,63,0,42,232,42,190,190
3371,3371,PV Cell,170,63,0,35,233,35,198,198
3372,3372,PV Cell,159,71,0,33,230,33,197,197
3373,3373,PV Cell,166,79,0,34,245,34,211,211
3374,3374,PV Cell,159,56,0,23,215,23,192,192
3375,3375,PV Cell,186,51,0,31,237,31,206,206
3376,3376,PV Cell,172,78,0,28,250,28,222,222
3377,3377,PV Cell,169,66,0,36,235,36,199,199
3378,3378,PV Cell,155,73,0,35,228,35,193,193
3379,3379,PV Cell,158,61,0,26,219,26,193,193
3380,3380,PV Cell,175,82,0,37,257,37,220,220
3381,3381,PV Cell,188,66,0,31,254,31,223,223
3382,3382,PV Cell,190,73,0,29,263,29,234,234
3383,3383,PV Cell,153,61,0,41,214,41,173,173
3384,3384,PV Cell,163,54,0,38,217,38,179,179
3385,3385,PV Cell,173,90,0,31,263,31,232,232
3386,3386,PV Cell,150,61,0,36,211,36,175,175
3387,3387,PV Cell,176,64,0,35,240,35,205,205
3388,3388,PV Cell,186,60,0,30,246,30,216,216
3389,3389,PV Cell,191,70,0,31,261,31,230,230
3390,3390,PV Cell,196,87,0,35,283,35,248,248
3391,3391,PV Cell,183,70,0,37,253,37,216,216
3392,3392,PV Cell,179,64,0,30,243,30,213,213
3393,3393,PV Cell,172,65,0,32,237,32,205,205
3394,3394,PV Cell,168,78,0,36,246,36,210,210
3395,3395,PV Cell,158,72,0,31,230,31,199,199
3396,3396,PV Cell,159,65,0,26,224,26,198,198
3397,3397,PV Cell,174,60,0,34,234,34,200,200
3398,3398,PV Cell,161,72,0,27,233,27,206,206
3399,3399,PV Cell,138,54,0,28,192,28,164,164
3400,3400,PV Cell,149,79,0,30,228,30,198,198
3401,3401,PV Cell,162,77,0,24,239,24,215,215
3402,3402,PV Cell,184,75,0,38,259,38,221,221
3403,3403,PV Cell,174,74,0,31,248,31,217,217
3404,3404,PV Cell,168,72,0,36,240,36,204,204
3405,3405,PV Cell,156,66,0,26,222,26,196,196
3406,3406,PV Cell,177,72,0,25,249,25,224,224
3407,3407,PV Cell,175,73,0,30,248,30,218,218
3408,3408,PV Cell,181,71,0,41,252,41,211,211
3409,3409,PV Cell,171,55,0,32,226,32,194,194
3410,3410,PV Cell,159,64,0,32,223,32,191,191
3411,3411,PV Cell,181,71,0,35,252,35,217,217
3412,3412,PV Cell,152,61,0,25,213,25,188,188
3413,3413,PV Cell,176,67,0,29,243,29,214,214
3414,3414,PV Cell,177,76,0,28,253,28,225,225
3415,3415,PV Cell,156,59,0,29,215,29,186,186
3416,3416,PV Cell,182,65,0,39,247,39,208,208
3417,3417,PV Cell,192,63,0,39,255,39,216,216
3418,3418,PV Cell,157,67,0,32,224,32,192,192
3419,3419,PV Cell,143,79,0,26,222,26,196,196
3420,3420,PV Cell,164,70,0,36,234,36,198,198
3421,3421,PV Cell,163,71,0,28,234,28,206,206
3422,3422,PV Cell,172,78,0,28,250,28,222,222
3423,3423,PV Cell,174,76,0,34,250,34,216,216
3424,3424,PV Cell,155,69,0,32,224,32,192,192
3425,3425,PV Cell,176,72,0,31,248,31,217,217
3426,3426,PV Cell,189,74,0,39,263,39,224,224
3427,3427,PV Cell,163,66,0,35,229,35,194,194
3428,3428,PV Cell,178,72,0,36,250,36,214,214
3429,3429,PV Cell,161,69,0,39,230,39,191,191
3430,3430,PV Cell,181,68,0,25,249,25,224,224
3431,3431,PV Cell,184,60,0,29,244,29,215,215
3432,3432,PV Cell,163,68,0,29,231,29,202,202
3433,3433,PV Cell,175,68,0,28,243,28,215,215
3434,3434,PV Cell,163,79,0,31,242,31,211,211
3435,3435,PV Cell,164,69,0,29,233,29,204,204
3436,3436,PV Cell,170,60,0,23,230,23,207,207
3437,3437,PV Cell,165,76,0,32,241,32,209,209
3438,3438,PV Cell,177,55,0,31,232,31,201,201
3439,3439,PV Cell,178,77,0,26,255,26,229,229
3440,3440,PV Cell,187,62,0,24,249,24,225,225
3441,3441,PV Cell,188,67,0,34,255,34,221,221
3442,3442,PV Cell,149,92,0,36,241,36,205,205
3443,3443,PV Cell,180,75,0,33,255,33,222,222
3444,3444,PV Cell,170,74,0,35,244,35,209,209
3445,3445,PV Cell,160,71,0,29,231,29,202,202
3446,3446,PV Cell,182,63,0,30,245,30,215,215
3447,3447,PV Cell,160,56,0,28,216,28,188,188
3448,3448,PV Cell,196,68,0,20,264,20,244,244
3449,3449,PV Cell,163,64,0,32,227,32,195,195
3450,3450,PV Cell,185,63,0,37,248,37,211,211
3451,3451,PV Cell,166,77,0,29,243,29,214,214
3452,3452,PV Cell,182,67,0,38,249,38,211,211
3453,3453,PV Cell,184,75,0,30,259,30,229,229
3454,3454,PV Cell,155,69,0,34,224,34,190,190
3455,3455,PV Cell,145,79,0,33,224,33,191,191
3456,3456,PV Cell,172,70,0,24,242,24,218,218
3457,3457,PV Cell,179,62,0,36,241,36,205,205
3458,3458,PV Cell,164,75,0,30,239,30,209,209
3459,3459,PV Cell,154,67,0,31,221,31,190,190
3460,3460,PV Cell,190,66,0,36,256,36,220,220
3461,3461,PV Cell,176,76,0,29,252,29,223,223
3462,3462,PV Cell,158,63,0,28,221,28,193,193
3463,3463,PV Cell,147,72,0,29,219,29,190,190
3464,3464,PV Cell,158,67,0,29,225,29,196,196
3465,3465,PV Cell,172,68,0,30,240,30,210,210
3466,3466,PV Cell,158,69,0,38,227,38,189,189
3467,3467,PV Cell,159,73,0,26,232,26,206,206
3468,3468,PV Cell,161,66,0,20,227,20,207,207
3469,3469,PV Cell,173,63,0,41,236,41,195,195
3470,3470,PV Cell,163,64,0,37,227,37,190,190
3471,3471,PV Cell,152,61,0,30,213,30,183,183
3472,3472,PV Cell,150,73,0,40,223,40,183,183
3473,3473,PV Cell,154,73,0,32,227,32,195,195
3474,3474,PV Cell,161,69,0,31,230,31,199,199
3475,3475,PV Cell,181,78,0,26,259,26,233,233
3476,3476,PV Cell,164,72,0,32,236,32,204,204
3477,3477,PV Cell,172,82,0,29,254,29,225,225
3478,3478,PV Cell,164,63,0,28,227,28,199,199
3479,3479,PV Cell,151,68,0,36,219,36,183,183
3480,3480,PV Cell,177,67,0,29,244,29,215,215
3481,3481,PV Cell,162,70,0,30,232,30,202,202
3482,3482,PV Cell,155,60,0,29,215,29,186,186
3483,3483,PV Cell,196,79,0,29,275,29,246,246
3484,3484,PV Cell,188,71,0,40,259,40,219,219
3485,3485,PV Cell,159,61,0,26,220,26,194,194
3486,3486,PV Cell,156,72,0,34,228,34,194,194
3487,3487,PV Cell,170,69,0,35,239,35,204,204
3488,3488,PV Cell,179,71,0,34,250,34,216,216
3489,3489,PV Cell,163,60,0,31,223,31,192,192
3490,3490,PV Cell,168,62,0,39,230,39,191,191
3491,3491,PV Cell,175,73,0,24,248,24,224,224
3492,3492,PV Cell,154,54,0,27,208,27,181,181
3493,3493,PV Cell,150,51,0,32,201,32,169,169
3494,3494,PV Cell,160,69,0,35,229,35,194,194
3495,3495,PV Cell,183,63,0,38,246,38,208,208
3496,3496,PV Cell,162,66,0,29,228,29,199,199
3497,3497,PV Cell,156,62,0,31,218,31,187,187
3498,3498,PV Cell,178,70,0,40,248,40,208,208
3499,3499,PV Cell,168,60,0,32,228,32,196,196
3500,3500,PV Cell,180,76,0,33,256,33,223,223
3501,3501,PV Cell,192,56,0,36,248,36,212,212
3502,3502,PV Cell,170,62,0,28,232,28,204,204
3503,3503,PV Cell,165,83,0,31,248,31,217,217
3504,3504,PV Cell,167,66,0,26,233,26,207,207
3505,3505,PV Cell,149,62,0,39,211,39,172,172
3506,3506,PV Cell,172,60,0,31,232,31,201,201
3507,3507,PV Cell,178,76,0,36,254,36,218,218
3508,3508,PV Cell,172,65,0,20,237,20,217,217
3509,3509,PV Cell,196,55,0,31,251,31,220,220
3510,3510,PV Cell,173,73,0,34,246,34,212,212
3511,3511,PV Cell,164,80,0,31,244,31,213,213
3512,3512,PV Cell,170,86,0,27,256,27,229,229
3513,3513,PV Cell,183,57,0,26,240,26,214,214
3514,3514,PV Cell,173,65,0,21,238,21,217,217
3515,3515,PV Cell,172,80,0,30,252,30,222,222
3516,3516,PV Cell,158,72,0,29,230,29,201,201
3517,3517,PV Cell,168,66,0,39,234,39,195,195
3518,3518,PV Cell,164,76,0,46,240,46,194,194
3519,3519,PV Cell,187,69,0,30,256,30,226,226
3520,3520,PV Cell,190,68,0,39,258,39,219,219
3521,3521,PV Cell,152,65,0,32,217,32,185,185
3522,3522,PV Cell,165,58,0,29,223,29,194,194
3523,3523,PV Cell,158,67,0,31,225,31,194,194
3524,3524,PV Cell,172,72,0,28,244,28,216,216
3525,3525,PV Cell,145,75,0,25,220,25,195,195
3526,3526,PV Cell,191,79,0,25,270,25,245,245
3527,3527,PV Cell,168,60,0,26,228,26,202,202
3528,3528,PV Cell,160,82,0,37,242,37,205,205
3529,3529,PV Cell,171,59,0,28,230,28,202,202
3530,3530,PV Cell,157,73,0,31,230,31,199,199
3531,3531,PV Cell,167,85,0,37,252,37,215,215
3532,3532,PV Cell,147,57,0,37,204,37,167,167
3533,3533,PV Cell,181,74,0,23,255,23,232,232
3534,3534,PV Cell,162,60,0,24,222,24,198,198
3535,3535,PV Cell,168,62,0,27,230,27,203,203
3536,3536,PV Cell,170,66,0,35,236,35,201,201
3537,3537,PV Cell,138,70,0,31,208,31,177,177
3538,3538,PV Cell,166,76,0,29,242,29,213,213
3539,3539,PV Cell,169,71,0,36,240,36,204,204
3540,3540,PV Cell,162,67,0,40,229,40,189,189
3541,3541,PV Cell,171,57,0,42,228,42,186,186
3542,3542,PV Cell,191,69,0,31,260,31,229,229
3543,3543,PV Cell,165,80,0,32,245,32,213,213
3544,3544,PV Cell,182,70,0,25,252,25,227,227
3545,3545,PV Cell,172,68,0,31,240,31,209,209
3546,3546,PV Cell,171,68,0,27,239,27,212,212
3547,3547,PV Cell,183,69,0,21,252,21,231,231
3548,3548,PV Cell,179,74,0,32,253,32,221,221
3549,3549,PV Cell,155,71,0,30,226,30,196,196
3550,3550,PV Cell,175,72,0,26,247,26,221,221
3551,3551,PV Cell,167,60,0,28,227,28,199,199
3552,3552,PV Cell,146,72,0,24,218,24,194,194
3553,3553,PV Cell,150,72,0,28,222,28,194,194
3554,3554,PV Cell,170,74,0,31,244,31,213,213
3555,3555,PV Cell,159,69,0,47,228,47,181,181
3556,3556,PV Cell,184,71,0,38,255,38,217,217
3557,3557,PV Cell,166,67,0,30,233,30,203,203
3558,3558,PV Cell,169,64,0,31,233,31,202,202
3559,3559,PV Cell,192,58,0,24,250,24,226,226
3560,3560,PV Cell,163,78,0,37,241,37,204,204
3561,3561,PV Cell,174,64,0,26,238,26,212,212
3562,3562,PV Cell,181,75,0,30,256,30,226,226
3563,3563,PV Cell,173,61,0,30,234,30,204,204
3564,3564,PV Cell,181,74,0,32,255,32,223,223
3565,3565,PV Cell,168,72,0,30,240,30,210,210
3566,3566,PV Cell,180,67,0,34,247,34,213,213
3567,3567,PV Cell,163,72,0,31,235,31,204,204
3568,3568,PV Cell,169,62,0,30,231,30,201,201
3569,3569,PV Cell,186,68,0,26,254,26,228,228
3570,3570,PV Cell,150,65,0,30,215,30,185,185
3571,3571,PV Cell,151,81,0,29,232,29,203,203
3572,3572,SOM Cell,158,59,0,16,217,16,201,201
3573,3573,SOM Cell,190,59,0,24,249,24,225,225
3574,3574,SOM Cell,158,64,0,18,222,18,204,204
3575,3575,SOM Cell,161,59,0,21,220,21,199,199
3576,3576,SOM Cell,169,76,0,23,245,23,222,222
3577,3577,SOM Cell,170,77,0,16,247,16,231,231
3578,3578,SOM Cell,156,63,0,21,219,21,198,198
3579,3579,SOM Cell,155,54,0,18,209,18,191,191
3580,3580,SOM Cell,182,47,0,26,229,26,203,203
3581,3581,SOM Cell,180,59,0,26,239,26,213,213
3582,3582,SOM Cell,159,67,0,19,226,19,207,207
3583,3583,SOM Cell,167,58,0,15,225,15,210,210
3584,3584,SOM Cell,169,64,0,24,233,24,209,209
3585,3585,SOM Cell,163,66,0,20,229,20,209,209
3586,3586,SOM Cell,147,59,0,21,206,21,185,185
3587,3587,SOM Cell,162,64,0,20,226,20,206,206
3588,3588,SOM Cell,166,74,0,13,240,13,227,227
3589,3589,SOM Cell,161,65,0,10,226,10,216,216
3590,3590,SOM Cell,183,76,0,21,259,21,238,238
3591,3591,SOM Cell,165,69,0,23,234,23,211,211
3592,3592,SOM Cell,173,74,0,22,247,22,225,225
3593,3593,SOM Cell,170,58,0,21,228,21,207,207
3594,3594,SOM Cell,170,68,0,18,238,18,220,220
3595,3595,SOM Cell,150,55,0,21,205,21,184,184
3596,3596,SOM Cell,164,78,0,20,242,20,222,222
3597,3597,SOM Cell,166,50,0,24,216,24,192,192
3598,3598,SOM Cell,174,48,0,19,222,19,203,203
3599,3599,SOM Cell,188,72,0,20,260,20,240,240
3600,3600,SOM Cell,185,67,0,20,252,20,232,232
3601,3601,SOM Cell,175,65,0,21,240,21,219,219
3602,3602,SOM Cell,187,64,0,16,251,16,235,235
3603,3603,SOM Cell,164,69,0,15,233,15,218,218
3604,3604,SOM Cell,179,76,0,17,255,17,238,238
3605,3605,SOM Cell,189,71,0,22,260,22,238,238
3606,3606,SOM Cell,165,67,0,18,232,18,214,214
3607,3607,SOM Cell,158,67,0,13,225,13,212,212
3608,3608,SOM Cell,187,62,0,25,249,25,224,224
3609,3609,SOM Cell,170,67,0,22,237,22,215,215
3610,3610,SOM Cell,150,70,0,16,220,16,204,204
3611,3611,SOM Cell,166,67,0,16,233,16,217,217
3612,3612,SOM Cell,150,78,0,23,228,23,205,205
3613,3613,SOM Cell,173,72,0,19,245,19,226,226
3614,3614,SOM Cell,151,67,0,13,218,13,205,205
3615,3615,SOM Cell,161,68,0,17,229,17,212,212
3616,3616,SOM Cell,164,78,0,21,242,21,221,221
3617,3617,SOM Cell,150,57,0,16,207,16,191,191
3618,3618,SOM Cell,175,90,0,22,265,22,243,243
3619,3619,SOM Cell,195,54,0,14,249,14,235,235
3620,3620,SOM Cell,160,64,0,15,224,15,209,209
3621,3621,SOM Cell,165,62,0,15,227,15,212,212
3622,3622,SOM Cell,169,66,0,16,235,16,219,219
3623,3623,SOM Cell,161,45,0,18,206,18,188,188
3624,3624,SOM Cell,141,80,0,17,221,17,204,204
3625,3625,SOM Cell,179,76,0,21,255,21,234,234
3626,3626,SOM Cell,160,59,0,17,219,17,202,202
3627,3627,SOM Cell,144,75,0,24,219,24,195,195
3628,3628,SOM Cell,173,66,0,19,239,19,220,220
3629,3629,SOM Cell,177,84,0,14,261,14,247,247
3630,3630,SOM Cell,151,71,0,19,222,19,203,203
3631,3631,SOM Cell,162,79,0,17,241,17,224,224
3632,3632,SOM Cell,158,61,0,17,219,17,202,202
3633,3633,SOM Cell,165,76,0,22,241,22,219,219
3634,3634,SOM Cell,207,56,0,18,263,18,245,245
3635,3635,SOM Cell,156,69,0,18,225,18,207,207
3636,3636,SOM Cell,164,68,0,13,232,13,219,219
3637,3637,SOM Cell,180,56,0,14,236,14,222,222
3638,3638,SOM Cell,171,66,0,18,237,18,219,219
3639,3639,SOM Cell,162,73,0,12,235,12,223,223
3640,3640,SOM Cell,162,62,0,21,224,21,203,203
3641,3641,SOM Cell,162,56,0,19,218,19,199,199
3642,3642,SOM Cell,175,63,0,14,238,14,224,224
3643,3643,SOM Cell,179,70,0,12,249,12,237,237
3644,3644,SOM Cell,157,70,0,16,227,16,211,211
3645,3645,SOM Cell,157,71,0,24,228,24,204,204
3646,3646,SOM Cell,160,63,0,17,223,17,206,206
3647,3647,SOM Cell,170,72,0,20,242,20,222,222
3648,3648,SOM Cell,172,53,0,22,225,22,203,203
3649,3649,SOM Cell,181,75,0,12,256,12,244,244
3650,3650,SOM Cell,159,61,0,17,220,17,203,203
3651,3651,SOM Cell,175,77,0,18,252,18,234,234
3652,3652,SOM Cell,180,59,0,21,239,21,218,218
3653,3653,SOM Cell,185,66,0,22,251,22,229,229
3654,3654,SOM Cell,150,62,0,19,212,19,193,193
3655,3655,SOM Cell,159,61,0,15,220,15,205,205
3656,3656,SOM Cell,193,67,0,18,260,18,242,242
3657,3657,SOM Cell,182,69,0,22,251,22,229,229
3658,3658,SOM Cell,158,66,0,19,224,19,205,205
3659,3659,SOM Cell,171,73,0,25,244,25,219,219
3660,3660,SOM Cell,170,74,0,26,244,26,218,218
3661,3661,SOM Cell,167,70,0,12,237,12,225,225
3662,3662,SOM Cell,170,67,0,17,237,17,220,220
3663,3663,SOM Cell,150,71,0,24,221,24,197,197
3664,3664,SOM Cell,178,68,0,18,246,18,228,228
3665,3665,SOM Cell,160,77,0,18,237,18,219,219
3666,3666,SOM Cell,164,69,0,12,233,12,221,221
3667,3667,SOM Cell,179,58,0,16,237,16,221,221
3668,3668,SOM Cell,168,60,0,17,228,17,211,211
3669,3669,SOM Cell,158,74,0,16,232,16,216,216
3670,3670,SOM Cell,155,66,0,24,221,24,197,197
3671,3671,SOM Cell,163,56,0,13,219,13,206,206
3672,3672,SOM Cell,152,73,0,26,225,26,199,199
3673,3673,SOM Cell,185,59,0,16,244,16,228,228
3674,3674,SOM Cell,148,65,0,22,213,22,191,191
3675,3675,SOM Cell,156,62,0,18,218,18,200,200
3676,3676,SOM Cell,164,67,0,13,231,13,218,218
3677,3677,SOM Cell,176,70,0,22,246,22,224,224
3678,3678,SOM Cell,150,71,0,10,221,10,211,211
3679,3679,SOM Cell,138,68,0,20,206,20,186,186
3680,3680,SOM Cell,172,60,0,18,232,18,214,214
3681,3681,SOM Cell,171,80,0,17,251,17,234,234
3682,3682,SOM Cell,193,59,0,16,252,16,236,236
3683,3683,SOM Cell,169,60,0,17,229,17,212,212
3684,3684,SOM Cell,152,68,0,20,220,20,200,200
3685,3685,SOM Cell,160,64,0,19,224,19,205,205
3686,3686,SOM Cell,163,78,0,23,241,23,218,218
3687,3687,SOM Cell,156,58,0,15,214,15,199,199
3688,3688,SOM Cell,189,64,0,18,253,18,235,235
3689,3689,SOM Cell,158,84,0,25,242,25,217,217
3690,3690,SOM Cell,146,61,0,17,207,17,190,190
3691,3691,SOM Cell,161,72,0,17,233,17,216,216
3692,3692,SOM Cell,161,84,0,20,245,20,225,225
3693,3693,SOM Cell,141,84,0,15,225,15,210,210
3694,3694,SOM Cell,166,53,0,22,219,22,197,197
3695,3695,SOM Cell,145,55,0,14,200,14,186,186
3696,3696,SOM Cell,168,64,0,11,232,11,221,221
3697,3697,SOM Cell,165,62,0,17,227,17,210,210
3698,3698,SOM Cell,185,56,0,16,241,16,225,225
3699,3699,SOM Cell,131,63,0,27,194,27,167,167
3700,3700,SOM Cell,152,83,0,22,235,22,213,213
3701,3701,SOM Cell,151,67,0,24,218,24,194,194
3702,3702,SOM Cell,156,72,0,24,228,24,204,204
3703,3703,SOM Cell,156,67,0,18,223,18,205,205
3704,3704,SOM Cell,170,71,0,20,241,20,221,221
3705,3705,SOM Cell,165,70,0,15,235,15,220,220
3706,3706,SOM Cell,155,66,0,20,221,20,201,201
3707,3707,SOM Cell,164,70,0,21,234,21,213,213
3708,3708,SOM Cell,174,68,0,19,242,19,223,223
3709,3709,SOM Cell,137,57,0,16,194,16,178,178
3710,3710,SOM Cell,168,64,0,23,232,23,209,209
3711,3711,SOM Cell,152,52,0,27,204,27,177,177
3712,3712,SOM Cell,177,67,0,17,244,17,227,227
3713,3713,SOM Cell,171,67,0,14,238,14,224,224
3714,3714,SOM Cell,180,62,0,18,242,18,224,224
3715,3715,SOM Cell,189,79,0,12,268,12,256,256
3716,3716,SOM Cell,162,72,0,19,234,19,215,215
3717,3717,SOM Cell,154,83,0,18,237,18,219,219
3718,3718,SOM Cell,177,73,0,18,250,18,232,232
3719,3719,SOM Cell,161,65,0,19,226,19,207,207
3720,3720,SOM Cell,159,67,0,17,226,17,209,209
3721,3721,SOM Cell,187,81,0,18,268,18,250,250
3722,3722,SOM Cell,147,60,0,13,207,13,194,194
3723,3723,SOM Cell,171,72,0,19,243,19,224,224
3724,3724,SOM Cell,149,84,0,20,233,20,213,213
3725,3725,SOM Cell,175,58,0,16,233,16,217,217
3726,3726,SOM Cell,167,81,0,20,248,20,228,228
3727,3727,SOM Cell,165,54,0,20,219,20,199,199
3728,3728,SOM Cell,182,72,0,19,254,19,235,235
3729,3729,SOM Cell,168,65,0,17,233,17,216,216
3730,3730,SOM Cell,152,69,0,20,221,20,201,201
3731,3731,SOM Cell,163,63,0,21,226,21,205,205
3732,3732,SOM Cell,186,78,0,10,264,10,254,254
3733,3733,SOM Cell,159,71,0,16,230,16,214,214
3734,3734,SOM Cell,153,63,0,17,216,17,199,199
3735,3735,SOM Cell,164,61,0,20,225,20,205,205
3736,3736,SOM Cell,177,55,0,20,232,20,212,212
3737,3737,SOM Cell,155,74,0,16,229,16,213,213
3738,3738,SOM Cell,168,63,0,19,231,19,212,212
3739,3739,SOM Cell,181,72,0,15,253,15,238,238
3740,3740,SOM Cell,168,57,0,20,225,20,205,205
3741,3741,SOM Cell,160,62,0,20,222,20,202,202
3742,3742,SOM Cell,179,66,0,22,245,22,223,223
3743,3743,SOM Cell,157,66,0,20,223,20,203,203
3744,3744,SOM Cell,166,69,0,18,235,18,217,217
3745,3745,SOM Cell,172,73,0,13,245,13,232,232
3746,3746,SOM Cell,156,65,0,15,221,15,206,206
3747,3747,SOM Cell,144,86,0,17,230,17,213,213
3748,3748,SOM Cell,178,63,0,22,241,22,219,219
3749,3749,SOM Cell,172,66,0,22,238,22,216,216
3750,3750,SOM Cell,167,65,0,27,232,27,205,205
3751,3751,SOM Cell,152,60,0,19,212,19,193,193
3752,3752,SOM Cell,134,76,0,18,210,18,192,192
3753,3753,SOM Cell,155,67,0,23,222,23,199,199
3754,3754,SOM Cell,176,73,0,21,249,21,228,228
3755,3755,SOM Cell,163,72,0,21,235,21,214,214
3756,3756,SOM Cell,149,74,0,11,223,11,212,212
3757,3757,SOM Cell,169,66,0,18,235,18,217,217
3758,3758,SOM Cell,174,67,0,16,241,16,225,225
3759,3759,SOM Cell,164,64,0,19,228,19,209,209
3760,3760,SOM Cell,142,71,0,23,213,23,190,190
3761,3761,SOM Cell,179,75,0,18,254,18,236,236
3762,3762,SOM Cell,148,71,0,26,219,26,193,193
3763,3763,SOM Cell,166,63,0,16,229,16,213,213
3764,3764,SOM Cell,164,62,0,17,226,17,209,209
3765,3765,SOM Cell,151,51,0,23,202,23,179,179
3766,3766,SOM Cell,158,82,0,15,240,15,225,225
3767,3767,SOM Cell,169,63,0,21,232,21,211,211
3768,3768,SOM Cell,177,76,0,25,253,25,228,228
3769,3769,SOM Cell,162,65,0,17,227,17,210,210
3770,3770,SOM Cell,163,65,0,28,228,28,200,200
3771,3771,SOM Cell,172,88,0,22,260,22,238,238
3772,3772,SOM Cell,164,60,0,12,224,12,212,212
3773,3773,SOM Cell,163,69,0,28,232,28,204,204
3774,3774,SOM Cell,192,54,0,21,246,21,225,225
3775,3775,SOM Cell,174,62,0,15,236,15,221,221
3776,3776,SOM Cell,170,70,0,14,240,14,226,226
3777,3777,SOM Cell,164,72,0,20,236,20,216,216
3778,3778,SOM Cell,163,72,0,25,235,25,210,210
3779,3779,SOM Cell,163,83,0,15,246,15,231,231
3780,3780,SOM Cell,159,62,0,14,221,14,207,207
3781,3781,SOM Cell,161,72,0,24,233,24,209,209
3782,3782,SOM Cell,185,68,0,19,253,19,234,234
3783,3783,SOM Cell,177,62,0,20,239,20,219,219
3784,3784,SOM Cell,164,75,0,13,239,13,226,226
3785,3785,SOM Cell,175,76,0,18,251,18,233,233
3786,3786,SOM Cell,194,79,0,16,273,16,257,257
3787,3787,SOM Cell,166,53,0,14,219,14,205,205
3788,3788,SOM Cell,150,67,0,19,217,19,198,198
3789,3789,SOM Cell,162,56,0,15,218,15,203,203
3790,3790,SOM Cell,158,74,0,15,232,15,217,217
3791,3791,SOM Cell,158,68,0,17,226,17,209,209
3792,3792,SOM Cell,147,80,0,14,227,14,213,213
3793,3793,SOM Cell,165,62,0,19,227,19,208,208
3794,3794,SOM Cell,184,58,0,24,242,24,218,218
3795,3795,SOM Cell,195,74,0,19,269,19,250,250
3796,3796,SOM Cell,169,67,0,11,236,11,225,225
3797,3797,SOM Cell,174,61,0,22,235,22,213,213
3798,3798,SOM Cell,174,58,0,32,232,32,200,200
3799,3799,SOM Cell,186,77,0,20,263,20,243,243
3800,3800,SOM Cell,199,63,0,21,262,21,241,241
3801,3801,SOM Cell,193,60,0,20,253,20,233,233
3802,3802,SOM Cell,171,84,0,24,255,24,231,231
3803,3803,SOM Cell,157,57,0,19,214,19,195,195
3804,3804,SOM Cell,171,59,0,15,230,15,215,215
3805,3805,SOM Cell,156,67,0,14,223,14,209,209
3806,3806,SOM Cell,161,74,0,12,235,12,223,223
3807,3807,SOM Cell,167,71,0,20,238,20,218,218
3808,3808,SOM Cell,172,74,0,19,246,19,227,227
3809,3809,SOM Cell,154,76,0,14,230,14,216,216
3810,3810,SOM Cell,185,58,0,14,243,14,229,229
3811,3811,SOM Cell,185,56,0,12,241,12,229,229
3812,3812,SOM Cell,159,67,0,28,226,28,198,198
3813,3813,SOM Cell,163,73,0,18,236,18,218,218
3814,3814,SOM Cell,171,72,0,20,243,20,223,223
3815,3815,SOM Cell,160,76,0,18,236,18,218,218
3816,3816,SOM Cell,176,70,0,18,246,18,228,228
3817,3817,SOM Cell,168,81,0,23,249,23,226,226
3818,3818,SOM Cell,160,58,0,13,218,13,205,205
3819,3819,SOM Cell,161,61,0,12,222,12,210,210
3820,3820,SOM Cell,185,56,0,22,241,22,219,219
3821,3821,SOM Cell,174,67,0,20,241,20,221,221
3822,3822,SOM Cell,171,75,0,18,246,18,228,228
3823,3823,SOM Cell,158,61,0,18,219,18,201,201
3824,3824,SOM Cell,159,71,0,23,230,23,207,207
3825,3825,SOM Cell,186,68,0,21,254,21,233,233
3826,3826,SOM Cell,138,76,0,14,214,14,200,200
3827,3827,SOM Cell,171,76,0,19,247,19,228,228
3828,3828,SOM Cell,154,75,0,14,229,14,215,215
3829,3829,SOM Cell,195,68,0,16,263,16,247,247
3830,3830,SOM Cell,159,82,0,11,241,11,230,230
3831,3831,SOM Cell,184,78,0,27,262,27,235,235
3832,3832,SOM Cell,146,73,0,19,219,19,200,200
3833,3833,SOM Cell,154,61,0,22,215,22,193,193
3834,3834,SOM Cell,165,68,0,20,233,20,213,213
3835,3835,SOM Cell,175,68,0,28,243,28,215,215
3836,3836,SOM Cell,190,55,0,24,245,24,221,221
3837,3837,SOM Cell,171,76,0,14,247,14,233,233
3838,3838,SOM Cell,169,70,0,18,239,18,221,221
3839,3839,SOM Cell,174,72,0,12,246,12,234,234
3840,3840,SOM Cell,149,65,0,12,214,12,202,202
3841,3841,SOM Cell,180,70,0,23,250,23,227,227
3842,3842,SOM Cell,158,66,0,18,224,18,206,206
3843,3843,SOM Cell,176,64,0,20,240,20,220,220
3844,3844,SOM Cell,163,57,0,20,220,20,200,200
3845,3845,SOM Cell,174,73,0,22,247,22,225,225
3846,3846,SOM Cell,164,71,0,24,235,24,211,211
3847,3847,SOM Cell,195,54,0,19,249,19,230,230
3848,3848,SOM Cell,173,69,0,27,242,27,215,215
3849,3849,SOM Cell,151,67,0,23,218,23,195,195
3850,3850,SOM Cell,156,61,0,20,217,20,197,197
3851,3851,SOM Cell,178,66,0,18,244,18,226,226
3852,3852,SOM Cell,163,78,0,10,241,10,231,231
3853,3853,SOM Cell,172,61,0,16,233,16,217,217
3854,3854,SOM Cell,168,72,0,21,240,21,219,219
3855,3855,SOM Cell,172,65,0,18,237,18,219,219
3856,3856,SOM Cell,165,63,0,15,228,15,213,213
3857,3857,SOM Cell,143,64,0,20,207,20,187,187
3858,3858,SOM Cell,142,69,0,16,211,16,195,195
3859,3859,SOM Cell,182,71,0,18,253,18,235,235
3860,3860,SOM Cell,174,67,0,26,241,26,215,215
3861,3861,SOM Cell,154,76,0,21,230,21,209,209
3862,3862,SOM Cell,165,74,0,21,239,21,218,218
3863,3863,SOM Cell,158,73,0,14,231,14,217,217
3864,3864,SOM Cell,158,66,0,20,224,20,204,204
3865,3865,SOM Cell,158,64,0,21,222,21,201,201
3866,3866,SOM Cell,183,59,0,22,242,22,220,220
3867,3867,SOM Cell,183,62,0,21,245,21,224,224
3868,3868,SOM Cell,191,85,0,23,276,23,253,253
3869,3869,SOM Cell,168,56,0,18,224,18,206,206
3870,3870,SOM Cell,152,67,0,28,219,28,191,191
3871,3871,SOM Cell,145,55,0,14,200,14,186,186
3872,3872,SOM Cell,163,69,0,20,232,20,212,212
3873,3873,SOM Cell,167,77,0,15,244,15,229,229
3874,3874,SOM Cell,158,84,0,18,242,18,224,224
3875,3875,SOM Cell,185,66,0,19,251,19,232,232
3876,3876,SOM Cell,178,69,0,19,247,19,228,228
3877,3877,SOM Cell,152,68,0,16,220,16,204,204
3878,3878,SOM Cell,164,54,0,15,218,15,203,203
3879,3879,SOM Cell,146,75,0,16,221,16,205,205
3880,3880,SOM Cell,186,86,0,15,272,15,257,257
3881,3881,SOM Cell,178,54,0,20,232,20,212,212
3882,3882,SOM Cell,150,58,0,16,208,16,192,192
3883,3883,SOM Cell,168,61,0,18,229,18,211,211
3884,3884,SOM Cell,172,80,0,17,252,17,235,235
3885,3885,SOM Cell,168,75,0,20,243,20,223,223
3886,3886,SOM Cell,163,60,0,18,223,18,205,205
3887,3887,SOM Cell,158,68,0,16,226,16,210,210
3888,3888,SOM Cell,170,65,0,15,235,15,220,220
3889,3889,SOM Cell,181,73,0,17,254,17,237,237
3890,3890,SOM Cell,163,69,0,17,232,17,215,215
3891,3891,SOM Cell,149,65,0,30,214,30,184,184
3892,3892,SOM Cell,156,64,0,19,220,19,201,201
3893,3893,SOM Cell,162,70,0,13,232,13,219,219
3894,3894,SOM Cell,183,61,0,14,244,14,230,230
3895,3895,SOM Cell,184,67,0,15,251,15,236,236
3896,3896,SOM Cell,160,74,0,20,234,20,214,214
3897,3897,SOM Cell,182,62,0,16,244,16,228,228
3898,3898,SOM Cell,171,77,0,24,248,24,224,224
3899,3899,SOM Cell,155,54,0,22,209,22,187,187
3900,3900,SOM Cell,175,65,0,11,240,11,229,229
3901,3901,SOM Cell,163,72,0,20,235,20,215,215
3902,3902,SOM Cell,161,71,0,14,232,14,218,218
3903,3903,SOM Cell,153,64,0,18,217,18,199,199
3904,3904,SOM Cell,160,77,0,19,237,19,218,218
3905,3905,SOM Cell,197,75,0,20,272,20,252,252
3906,3906,SOM Cell,153,65,0,19,218,19,199,199
3907,3907,SOM Cell,176,67,0,18,243,18,225,225
3908,3908,SOM Cell,179,72,0,10,251,10,241,241
3909,3909,SOM Cell,178,63,0,24,241,24,217,217
3910,3910,SOM Cell,159,73,0,17,232,17,215,215
3911,3911,SOM Cell,164,76,0,16,240,16,224,224
3912,3912,SOM Cell,166,54,0,19,220,19,201,201
3913,3913,SOM Cell,150,55,0,16,205,16,189,189
3914,3914,SOM Cell,173,61,0,16,234,16,218,218
3915,3915,SOM Cell,184,57,0,11,241,11,230,230
3916,3916,SOM Cell,174,71,0,17,245,17,228,228
3917,3917,SOM Cell,153,60,0,21,213,21,192,192
3918,3918,SOM Cell,159,65,0,22,224,22,202,202
3919,3919,SOM Cell,167,63,0,23,230,23,207,207
3920,3920,SOM Cell,155,69,0,22,224,22,202,202
3921,3921,SOM Cell,156,76,0,14,232,14,218,218
3922,3922,SOM Cell,142,67,0,17,209,17,192,192
3923,3923,SOM Cell,162,83,0,18,245,18,227,227
3924,3924,SOM Cell,176,58,0,20,234,20,214,214
3925,3925,SOM Cell,140,76,0,17,216,17,199,199
3926,3926,SOM Cell,157,77,0,13,234,13,221,221
3927,3927,SOM Cell,155,77,0,14,232,14,218,218
3928,3928,SOM Cell,161,55,0,13,216,13,203,203
3929,3929,SOM Cell,179,69,0,21,248,21,227,227
3930,3930,SOM Cell,186,64,0,20,250,20,230,230
3931,3931,SOM Cell,180,65,0,15,245,15,230,230
3932,3932,SOM Cell,149,80,0,14,229,14,215,215
3933,3933,SOM Cell,178,58,0,19,236,19,217,217
3934,3934,SOM Cell,175,66,0,13,241,13,228,228
3935,3935,SOM Cell,154,74,0,18,228,18,210,210
3936,3936,SOM Cell,156,60,0,13,216,13,203,203
3937,3937,SOM Cell,150,65,0,20,215,20,195,195
3938,3938,SOM Cell,163,70,0,17,233,17,216,216
3939,3939,SOM Cell,154,70,0,16,224,16,208,208
3940,3940,SOM Cell,168,69,0,27,237,27,210,210
3941,3941,SOM Cell,176,81,0,20,257,20,237,237
3942,3942,SOM Cell,164,76,0,19,240,19,221,221
3943,3943,SOM Cell,156,70,0,16,226,16,210,210
3944,3944,SOM Cell,155,70,0,10,225,10,215,215
3945,3945,SOM Cell,163,78,0,17,241,17,224,224
3946,3946,SOM Cell,150,56,0,20,206,20,186,186
3947,3947,SOM Cell,157,79,0,16,236,16,220,220
3948,3948,SOM Cell,151,86,0,15,237,15,222,222
3949,3949,SOM Cell,181,82,0,15,263,15,248,248
3950,3950,SOM Cell,164,77,0,15,241,15,226,226
3951,3951,SOM Cell,175,75,0,23,250,23,227,227
3952,3952,SOM Cell,163,66,0,25,229,25,204,204
3953,3953,SOM Cell,170,71,0,17,241,17,224,224
3954,3954,SOM Cell,167,67,0,19,234,19,215,215
3955,3955,SOM Cell,181,66,0,20,247,20,227,227
3956,3956,SOM Cell,180,68,0,20,248,20,228,228
3957,3957,SOM Cell,165,57,0,22,222,22,200,200
3958,3958,SOM Cell,164,72,0,23,236,23,213,213
3959,3959,SOM Cell,181,70,0,18,251,18,233,233
3960,3960,SOM Cell,155,71,0,24,226,24,202,202
3961,3961,SOM Cell,178,52,0,16,230,16,214,214
3962,3962,SOM Cell,155,74,0,23,229,23,206,206
3963,3963,SOM Cell,165,59,0,14,224,14,210,210
3964,3964,SOM Cell,161,63,0,14,224,14,210,210
3965,3965,SOM Cell,161,67,0,26,228,26,202,202
3966,3966,SOM Cell,177,68,0,13,245,13,232,232
3967,3967,SOM Cell,165,60,0,20,225,20,205,205
3968,3968,SOM Cell,174,71,0,22,245,22,223,223
3969,3969,SOM Cell,165,68,0,24,233,24,209,209
3970,3970,SOM Cell,148,67,0,16,215,16,199,199
3971,3971,SOM Cell,167,79,0,16,246,16,230,230
3972,3972,SOM Cell,162,71,0,18,233,18,215,215
3973,3973,SOM Cell,165,60,0,25,225,25,200,200
3974,3974,SOM Cell,165,63,0,19,228,19,209,209
3975,3975,SOM Cell,163,69,0,21,232,21,211,211
3976,3976,SOM Cell,156,62,0,12,218,12,206,206
3977,3977,SOM Cell,144,61,0,27,205,27,178,178
3978,3978,SOM Cell,179,69,0,28,248,28,220,220
3979,3979,SOM Cell,187,57,0,17,244,17,227,227
3980,3980,SOM Cell,157,73,0,21,230,21,209,209
3981,3981,SOM Cell,152,74,0,13,226,13,213,213
3982,3982,SOM Cell,178,63,0,12,241,12,229,229
3983,3983,SOM Cell,175,65,0,12,240,12,228,228
3984,3984,SOM Cell,153,65,0,19,218,19,199,199
3985,3985,SOM Cell,171,62,0,16,233,16,217,217
3986,3986,SOM Cell,171,64,0,19,235,19,216,216
3987,3987,SOM Cell,161,86,0,16,247,16,231,231
3988,3988,SOM Cell,172,59,0,17,231,17,214,214
3989,3989,SOM Cell,187,71,0,21,258,21,237,237
3990,3990,SOM Cell,185,87,0,20,272,20,252,252
3991,3991,SOM Cell,166,72,0,18,238,18,220,220
3992,3992,SOM Cell,176,61,0,20,237,20,217,217
3993,3993,SOM Cell,178,73,0,16,251,16,235,235
3994,3994,SOM Cell,158,64,0,13,222,13,209,209
3995,3995,SOM Cell,174,70,0,28,244,28,216,216
3996,3996,SOM Cell,169,74,0,13,243,13,230,230
3997,3997,SOM Cell,168,74,0,15,242,15,227,227
3998,3998,SOM Cell,183,61,0,18,244,18,226,226
3999,3999,SOM Cell,159,74,0,18,233,18,215,215
