,cell id,Cell Type,PN_A Convergence,PN_C Convergence,SOM Convergence,PV Convergence,Total Exc Convergence,Total Inh Convergence,Net Exc,net Exc only PV,Total number of connections
0,0,PN Type A Cell,52,15,32,49,67,81,-14,18,148
1,1,PN Type A Cell,45,14,37,52,59,89,-30,7,148
2,2,PN Type A Cell,45,14,32,44,59,76,-17,15,135
3,3,PN Type A Cell,56,18,43,39,74,82,-8,35,156
4,4,PN Type A Cell,49,13,44,57,62,101,-39,5,163
5,5,PN Type A Cell,43,21,41,63,64,104,-40,1,168
6,6,PN Type A Cell,47,12,41,42,59,83,-24,17,142
7,7,PN Type A Cell,61,26,46,55,87,101,-14,32,188
8,8,PN Type A Cell,37,20,40,49,57,89,-32,8,146
9,9,PN Type A Cell,43,17,31,67,60,98,-38,-7,158
10,10,PN Type A Cell,41,15,30,55,56,85,-29,1,141
11,11,PN Type A Cell,41,11,29,53,52,82,-30,-1,134
12,12,PN Type A Cell,48,24,39,51,72,90,-18,21,162
13,13,PN Type A Cell,43,17,37,53,60,90,-30,7,150
14,14,PN Type A Cell,66,18,44,52,84,96,-12,32,180
15,15,PN Type A Cell,51,24,36,50,75,86,-11,25,161
16,16,PN Type A Cell,39,30,52,45,69,97,-28,24,166
17,17,PN Type A Cell,49,19,40,45,68,85,-17,23,153
18,18,PN Type A Cell,51,16,32,37,67,69,-2,30,136
19,19,PN Type A Cell,53,18,37,53,71,90,-19,18,161
20,20,PN Type A Cell,43,12,36,55,55,91,-36,0,146
21,21,PN Type A Cell,48,27,42,46,75,88,-13,29,163
22,22,PN Type A Cell,44,17,28,51,61,79,-18,10,140
23,23,PN Type A Cell,46,24,43,51,70,94,-24,19,164
24,24,PN Type A Cell,53,24,40,58,77,98,-21,19,175
25,25,PN Type A Cell,42,18,35,66,60,101,-41,-6,161
26,26,PN Type A Cell,54,24,39,44,78,83,-5,34,161
27,27,PN Type A Cell,52,20,28,55,72,83,-11,17,155
28,28,PN Type A Cell,39,20,42,59,59,101,-42,0,160
29,29,PN Type A Cell,49,19,37,49,68,86,-18,19,154
30,30,PN Type A Cell,37,15,42,66,52,108,-56,-14,160
31,31,PN Type A Cell,46,18,36,44,64,80,-16,20,144
32,32,PN Type A Cell,39,25,38,55,64,93,-29,9,157
33,33,PN Type A Cell,43,11,45,54,54,99,-45,0,153
34,34,PN Type A Cell,42,21,33,64,63,97,-34,-1,160
35,35,PN Type A Cell,47,19,42,50,66,92,-26,16,158
36,36,PN Type A Cell,45,20,36,61,65,97,-32,4,162
37,37,PN Type A Cell,54,20,42,54,74,96,-22,20,170
38,38,PN Type A Cell,61,23,32,48,84,80,4,36,164
39,39,PN Type A Cell,44,18,34,55,62,89,-27,7,151
40,40,PN Type A Cell,44,15,31,44,59,75,-16,15,134
41,41,PN Type A Cell,49,17,40,46,66,86,-20,20,152
42,42,PN Type A Cell,56,23,33,54,79,87,-8,25,166
43,43,PN Type A Cell,34,14,42,53,48,95,-47,-5,143
44,44,PN Type A Cell,38,29,28,55,67,83,-16,12,150
45,45,PN Type A Cell,38,17,34,55,55,89,-34,0,144
46,46,PN Type A Cell,48,21,34,53,69,87,-18,16,156
47,47,PN Type A Cell,45,28,30,39,73,69,4,34,142
48,48,PN Type A Cell,43,18,37,49,61,86,-25,12,147
49,49,PN Type A Cell,42,33,37,41,75,78,-3,34,153
50,50,PN Type A Cell,56,14,30,60,70,90,-20,10,160
51,51,PN Type A Cell,36,30,41,51,66,92,-26,15,158
52,52,PN Type A Cell,53,22,32,39,75,71,4,36,146
53,53,PN Type A Cell,43,13,41,55,56,96,-40,1,152
54,54,PN Type A Cell,50,22,43,60,72,103,-31,12,175
55,55,PN Type A Cell,35,23,41,53,58,94,-36,5,152
56,56,PN Type A Cell,40,16,38,56,56,94,-38,0,150
57,57,PN Type A Cell,43,17,39,52,60,91,-31,8,151
58,58,PN Type A Cell,49,15,32,60,64,92,-28,4,156
59,59,PN Type A Cell,51,15,39,52,66,91,-25,14,157
60,60,PN Type A Cell,50,21,33,55,71,88,-17,16,159
61,61,PN Type A Cell,59,30,34,64,89,98,-9,25,187
62,62,PN Type A Cell,37,15,31,41,52,72,-20,11,124
63,63,PN Type A Cell,45,13,35,63,58,98,-40,-5,156
64,64,PN Type A Cell,38,19,43,48,57,91,-34,9,148
65,65,PN Type A Cell,50,18,33,67,68,100,-32,1,168
66,66,PN Type A Cell,50,13,37,70,63,107,-44,-7,170
67,67,PN Type A Cell,47,13,33,41,60,74,-14,19,134
68,68,PN Type A Cell,47,20,33,43,67,76,-9,24,143
69,69,PN Type A Cell,38,24,37,41,62,78,-16,21,140
70,70,PN Type A Cell,33,15,45,55,48,100,-52,-7,148
71,71,PN Type A Cell,46,17,42,46,63,88,-25,17,151
72,72,PN Type A Cell,45,21,43,54,66,97,-31,12,163
73,73,PN Type A Cell,28,17,37,55,45,92,-47,-10,137
74,74,PN Type A Cell,48,17,38,55,65,93,-28,10,158
75,75,PN Type A Cell,38,17,33,47,55,80,-25,8,135
76,76,PN Type A Cell,47,15,42,55,62,97,-35,7,159
77,77,PN Type A Cell,46,16,40,46,62,86,-24,16,148
78,78,PN Type A Cell,49,16,39,59,65,98,-33,6,163
79,79,PN Type A Cell,43,20,35,41,63,76,-13,22,139
80,80,PN Type A Cell,33,15,29,55,48,84,-36,-7,132
81,81,PN Type A Cell,57,19,38,41,76,79,-3,35,155
82,82,PN Type A Cell,39,20,36,44,59,80,-21,15,139
83,83,PN Type A Cell,59,15,36,57,74,93,-19,17,167
84,84,PN Type A Cell,34,21,45,50,55,95,-40,5,150
85,85,PN Type A Cell,39,20,46,46,59,92,-33,13,151
86,86,PN Type A Cell,46,12,46,60,58,106,-48,-2,164
87,87,PN Type A Cell,48,17,33,51,65,84,-19,14,149
88,88,PN Type A Cell,41,16,42,39,57,81,-24,18,138
89,89,PN Type A Cell,43,26,40,47,69,87,-18,22,156
90,90,PN Type A Cell,61,25,35,52,86,87,-1,34,173
91,91,PN Type A Cell,51,22,30,51,73,81,-8,22,154
92,92,PN Type A Cell,53,17,40,47,70,87,-17,23,157
93,93,PN Type A Cell,40,18,29,53,58,82,-24,5,140
94,94,PN Type A Cell,45,15,40,46,60,86,-26,14,146
95,95,PN Type A Cell,41,18,43,57,59,100,-41,2,159
96,96,PN Type A Cell,38,13,40,52,51,92,-41,-1,143
97,97,PN Type A Cell,51,17,37,65,68,102,-34,3,170
98,98,PN Type A Cell,55,19,36,55,74,91,-17,19,165
99,99,PN Type A Cell,49,14,34,44,63,78,-15,19,141
100,100,PN Type A Cell,54,16,40,52,70,92,-22,18,162
101,101,PN Type A Cell,54,21,31,61,75,92,-17,14,167
102,102,PN Type A Cell,44,28,45,53,72,98,-26,19,170
103,103,PN Type A Cell,37,19,34,48,56,82,-26,8,138
104,104,PN Type A Cell,39,13,50,65,52,115,-63,-13,167
105,105,PN Type A Cell,48,13,35,54,61,89,-28,7,150
106,106,PN Type A Cell,30,17,48,63,47,111,-64,-16,158
107,107,PN Type A Cell,34,18,43,65,52,108,-56,-13,160
108,108,PN Type A Cell,45,23,31,39,68,70,-2,29,138
109,109,PN Type A Cell,51,25,42,59,76,101,-25,17,177
110,110,PN Type A Cell,47,13,53,61,60,114,-54,-1,174
111,111,PN Type A Cell,49,16,32,45,65,77,-12,20,142
112,112,PN Type A Cell,42,23,36,51,65,87,-22,14,152
113,113,PN Type A Cell,37,14,41,43,51,84,-33,8,135
114,114,PN Type A Cell,47,13,39,50,60,89,-29,10,149
115,115,PN Type A Cell,39,16,48,51,55,99,-44,4,154
116,116,PN Type A Cell,44,18,23,52,62,75,-13,10,137
117,117,PN Type A Cell,39,19,43,59,58,102,-44,-1,160
118,118,PN Type A Cell,31,21,32,48,52,80,-28,4,132
119,119,PN Type A Cell,33,21,37,56,54,93,-39,-2,147
120,120,PN Type A Cell,39,16,42,59,55,101,-46,-4,156
121,121,PN Type A Cell,51,15,40,58,66,98,-32,8,164
122,122,PN Type A Cell,38,16,48,52,54,100,-46,2,154
123,123,PN Type A Cell,50,22,37,43,72,80,-8,29,152
124,124,PN Type A Cell,48,24,44,58,72,102,-30,14,174
125,125,PN Type A Cell,42,14,45,52,56,97,-41,4,153
126,126,PN Type A Cell,41,14,32,56,55,88,-33,-1,143
127,127,PN Type A Cell,54,16,38,44,70,82,-12,26,152
128,128,PN Type A Cell,43,11,36,46,54,82,-28,8,136
129,129,PN Type A Cell,47,14,37,56,61,93,-32,5,154
130,130,PN Type A Cell,43,7,29,50,50,79,-29,0,129
131,131,PN Type A Cell,41,22,32,33,63,65,-2,30,128
132,132,PN Type A Cell,40,19,37,56,59,93,-34,3,152
133,133,PN Type A Cell,39,21,32,58,60,90,-30,2,150
134,134,PN Type A Cell,36,10,36,62,46,98,-52,-16,144
135,135,PN Type A Cell,54,20,54,54,74,108,-34,20,182
136,136,PN Type A Cell,50,18,40,56,68,96,-28,12,164
137,137,PN Type A Cell,39,20,37,48,59,85,-26,11,144
138,138,PN Type A Cell,53,19,34,51,72,85,-13,21,157
139,139,PN Type A Cell,39,18,37,42,57,79,-22,15,136
140,140,PN Type A Cell,49,21,26,48,70,74,-4,22,144
141,141,PN Type A Cell,53,20,40,35,73,75,-2,38,148
142,142,PN Type A Cell,53,24,49,52,77,101,-24,25,178
143,143,PN Type A Cell,62,24,40,57,86,97,-11,29,183
144,144,PN Type A Cell,43,18,32,41,61,73,-12,20,134
145,145,PN Type A Cell,36,20,34,58,56,92,-36,-2,148
146,146,PN Type A Cell,36,26,33,48,62,81,-19,14,143
147,147,PN Type A Cell,46,16,32,54,62,86,-24,8,148
148,148,PN Type A Cell,42,15,42,55,57,97,-40,2,154
149,149,PN Type A Cell,60,20,30,64,80,94,-14,16,174
150,150,PN Type A Cell,42,18,37,46,60,83,-23,14,143
151,151,PN Type A Cell,49,23,41,55,72,96,-24,17,168
152,152,PN Type A Cell,52,12,32,56,64,88,-24,8,152
153,153,PN Type A Cell,54,19,36,43,73,79,-6,30,152
154,154,PN Type A Cell,46,16,36,49,62,85,-23,13,147
155,155,PN Type A Cell,42,24,35,61,66,96,-30,5,162
156,156,PN Type A Cell,46,23,38,49,69,87,-18,20,156
157,157,PN Type A Cell,61,20,34,60,81,94,-13,21,175
158,158,PN Type A Cell,50,14,33,56,64,89,-25,8,153
159,159,PN Type A Cell,49,21,37,51,70,88,-18,19,158
160,160,PN Type A Cell,50,23,38,51,73,89,-16,22,162
161,161,PN Type A Cell,37,15,47,52,52,99,-47,0,151
162,162,PN Type A Cell,42,17,43,61,59,104,-45,-2,163
163,163,PN Type A Cell,46,22,35,50,68,85,-17,18,153
164,164,PN Type A Cell,43,10,35,55,53,90,-37,-2,143
165,165,PN Type A Cell,51,17,39,60,68,99,-31,8,167
166,166,PN Type A Cell,38,18,44,50,56,94,-38,6,150
167,167,PN Type A Cell,51,18,38,52,69,90,-21,17,159
168,168,PN Type A Cell,45,18,38,53,63,91,-28,10,154
169,169,PN Type A Cell,51,13,37,44,64,81,-17,20,145
170,170,PN Type A Cell,39,22,41,49,61,90,-29,12,151
171,171,PN Type A Cell,38,16,36,40,54,76,-22,14,130
172,172,PN Type A Cell,50,19,40,43,69,83,-14,26,152
173,173,PN Type A Cell,57,23,44,41,80,85,-5,39,165
174,174,PN Type A Cell,50,15,30,54,65,84,-19,11,149
175,175,PN Type A Cell,49,15,31,39,64,70,-6,25,134
176,176,PN Type A Cell,31,28,39,63,59,102,-43,-4,161
177,177,PN Type A Cell,47,23,30,45,70,75,-5,25,145
178,178,PN Type A Cell,42,19,32,58,61,90,-29,3,151
179,179,PN Type A Cell,45,20,47,60,65,107,-42,5,172
180,180,PN Type A Cell,56,19,34,61,75,95,-20,14,170
181,181,PN Type A Cell,38,19,28,57,57,85,-28,0,142
182,182,PN Type A Cell,51,13,55,51,64,106,-42,13,170
183,183,PN Type A Cell,52,29,35,64,81,99,-18,17,180
184,184,PN Type A Cell,49,13,35,61,62,96,-34,1,158
185,185,PN Type A Cell,54,15,41,50,69,91,-22,19,160
186,186,PN Type A Cell,52,20,35,39,72,74,-2,33,146
187,187,PN Type A Cell,46,20,44,44,66,88,-22,22,154
188,188,PN Type A Cell,44,17,41,58,61,99,-38,3,160
189,189,PN Type A Cell,40,24,49,53,64,102,-38,11,166
190,190,PN Type A Cell,39,21,35,52,60,87,-27,8,147
191,191,PN Type A Cell,48,13,49,56,61,105,-44,5,166
192,192,PN Type A Cell,48,20,43,45,68,88,-20,23,156
193,193,PN Type A Cell,36,18,45,56,54,101,-47,-2,155
194,194,PN Type A Cell,54,22,35,53,76,88,-12,23,164
195,195,PN Type A Cell,44,20,38,51,64,89,-25,13,153
196,196,PN Type A Cell,48,16,35,44,64,79,-15,20,143
197,197,PN Type A Cell,44,21,47,44,65,91,-26,21,156
198,198,PN Type A Cell,51,22,36,44,73,80,-7,29,153
199,199,PN Type A Cell,42,19,34,57,61,91,-30,4,152
200,200,PN Type A Cell,38,14,33,58,52,91,-39,-6,143
201,201,PN Type A Cell,52,15,36,56,67,92,-25,11,159
202,202,PN Type A Cell,51,19,44,46,70,90,-20,24,160
203,203,PN Type A Cell,42,16,34,59,58,93,-35,-1,151
204,204,PN Type A Cell,47,22,33,48,69,81,-12,21,150
205,205,PN Type A Cell,55,16,35,49,71,84,-13,22,155
206,206,PN Type A Cell,48,18,36,44,66,80,-14,22,146
207,207,PN Type A Cell,39,20,50,46,59,96,-37,13,155
208,208,PN Type A Cell,41,22,39,64,63,103,-40,-1,166
209,209,PN Type A Cell,51,17,37,42,68,79,-11,26,147
210,210,PN Type A Cell,47,21,37,62,68,99,-31,6,167
211,211,PN Type A Cell,51,17,40,45,68,85,-17,23,153
212,212,PN Type A Cell,46,20,38,50,66,88,-22,16,154
213,213,PN Type A Cell,39,22,36,41,61,77,-16,20,138
214,214,PN Type A Cell,45,18,35,49,63,84,-21,14,147
215,215,PN Type A Cell,48,19,45,51,67,96,-29,16,163
216,216,PN Type A Cell,46,17,33,67,63,100,-37,-4,163
217,217,PN Type A Cell,52,20,32,54,72,86,-14,18,158
218,218,PN Type A Cell,44,20,39,48,64,87,-23,16,151
219,219,PN Type A Cell,41,23,34,70,64,104,-40,-6,168
220,220,PN Type A Cell,56,20,41,48,76,89,-13,28,165
221,221,PN Type A Cell,36,22,42,73,58,115,-57,-15,173
222,222,PN Type A Cell,43,20,44,49,63,93,-30,14,156
223,223,PN Type A Cell,44,26,48,47,70,95,-25,23,165
224,224,PN Type A Cell,45,19,35,55,64,90,-26,9,154
225,225,PN Type A Cell,48,16,41,49,64,90,-26,15,154
226,226,PN Type A Cell,54,23,48,52,77,100,-23,25,177
227,227,PN Type A Cell,57,28,41,51,85,92,-7,34,177
228,228,PN Type A Cell,43,18,39,64,61,103,-42,-3,164
229,229,PN Type A Cell,54,16,46,49,70,95,-25,21,165
230,230,PN Type A Cell,53,20,38,56,73,94,-21,17,167
231,231,PN Type A Cell,59,21,40,44,80,84,-4,36,164
232,232,PN Type A Cell,45,19,42,62,64,104,-40,2,168
233,233,PN Type A Cell,53,10,37,59,63,96,-33,4,159
234,234,PN Type A Cell,55,17,40,57,72,97,-25,15,169
235,235,PN Type A Cell,43,17,34,45,60,79,-19,15,139
236,236,PN Type A Cell,52,19,50,65,71,115,-44,6,186
237,237,PN Type A Cell,40,25,36,49,65,85,-20,16,150
238,238,PN Type A Cell,49,20,36,53,69,89,-20,16,158
239,239,PN Type A Cell,42,31,42,48,73,90,-17,25,163
240,240,PN Type A Cell,46,18,30,47,64,77,-13,17,141
241,241,PN Type A Cell,51,26,46,48,77,94,-17,29,171
242,242,PN Type A Cell,49,20,38,56,69,94,-25,13,163
243,243,PN Type A Cell,51,27,26,54,78,80,-2,24,158
244,244,PN Type A Cell,48,16,50,47,64,97,-33,17,161
245,245,PN Type A Cell,48,21,51,57,69,108,-39,12,177
246,246,PN Type A Cell,57,15,37,40,72,77,-5,32,149
247,247,PN Type A Cell,46,14,39,48,60,87,-27,12,147
248,248,PN Type A Cell,42,18,28,44,60,72,-12,16,132
249,249,PN Type A Cell,45,13,37,44,58,81,-23,14,139
250,250,PN Type A Cell,59,22,39,54,81,93,-12,27,174
251,251,PN Type A Cell,51,19,32,50,70,82,-12,20,152
252,252,PN Type A Cell,47,25,36,50,72,86,-14,22,158
253,253,PN Type A Cell,37,14,38,73,51,111,-60,-22,162
254,254,PN Type A Cell,58,25,40,45,83,85,-2,38,168
255,255,PN Type A Cell,42,19,37,60,61,97,-36,1,158
256,256,PN Type A Cell,45,19,40,47,64,87,-23,17,151
257,257,PN Type A Cell,63,29,33,50,92,83,9,42,175
258,258,PN Type A Cell,43,21,52,57,64,109,-45,7,173
259,259,PN Type A Cell,51,11,30,43,62,73,-11,19,135
260,260,PN Type A Cell,39,19,38,53,58,91,-33,5,149
261,261,PN Type A Cell,47,24,38,51,71,89,-18,20,160
262,262,PN Type A Cell,46,15,43,51,61,94,-33,10,155
263,263,PN Type A Cell,57,16,39,56,73,95,-22,17,168
264,264,PN Type A Cell,37,21,35,57,58,92,-34,1,150
265,265,PN Type A Cell,43,16,47,39,59,86,-27,20,145
266,266,PN Type A Cell,42,17,48,54,59,102,-43,5,161
267,267,PN Type A Cell,47,20,44,55,67,99,-32,12,166
268,268,PN Type A Cell,40,17,41,51,57,92,-35,6,149
269,269,PN Type A Cell,54,16,45,54,70,99,-29,16,169
270,270,PN Type A Cell,49,14,35,45,63,80,-17,18,143
271,271,PN Type A Cell,51,26,30,61,77,91,-14,16,168
272,272,PN Type A Cell,33,17,35,48,50,83,-33,2,133
273,273,PN Type A Cell,45,15,31,49,60,80,-20,11,140
274,274,PN Type A Cell,39,18,26,57,57,83,-26,0,140
275,275,PN Type A Cell,40,16,34,46,56,80,-24,10,136
276,276,PN Type A Cell,55,22,28,44,77,72,5,33,149
277,277,PN Type A Cell,44,25,50,58,69,108,-39,11,177
278,278,PN Type A Cell,41,6,36,50,47,86,-39,-3,133
279,279,PN Type A Cell,55,7,44,50,62,94,-32,12,156
280,280,PN Type A Cell,46,15,32,53,61,85,-24,8,146
281,281,PN Type A Cell,52,15,42,54,67,96,-29,13,163
282,282,PN Type A Cell,47,18,36,46,65,82,-17,19,147
283,283,PN Type A Cell,43,19,39,59,62,98,-36,3,160
284,284,PN Type A Cell,44,14,33,55,58,88,-30,3,146
285,285,PN Type A Cell,45,14,27,56,59,83,-24,3,142
286,286,PN Type A Cell,44,17,43,46,61,89,-28,15,150
287,287,PN Type A Cell,52,18,33,50,70,83,-13,20,153
288,288,PN Type A Cell,46,21,36,52,67,88,-21,15,155
289,289,PN Type A Cell,54,21,47,55,75,102,-27,20,177
290,290,PN Type A Cell,43,12,38,50,55,88,-33,5,143
291,291,PN Type A Cell,50,18,35,51,68,86,-18,17,154
292,292,PN Type A Cell,46,22,40,47,68,87,-19,21,155
293,293,PN Type A Cell,60,24,28,47,84,75,9,37,159
294,294,PN Type A Cell,49,14,50,48,63,98,-35,15,161
295,295,PN Type A Cell,50,13,36,40,63,76,-13,23,139
296,296,PN Type A Cell,42,16,39,68,58,107,-49,-10,165
297,297,PN Type A Cell,35,16,31,59,51,90,-39,-8,141
298,298,PN Type A Cell,43,17,40,48,60,88,-28,12,148
299,299,PN Type A Cell,45,13,49,56,58,105,-47,2,163
300,300,PN Type A Cell,44,13,41,45,57,86,-29,12,143
301,301,PN Type A Cell,49,19,37,47,68,84,-16,21,152
302,302,PN Type A Cell,53,24,49,49,77,98,-21,28,175
303,303,PN Type A Cell,47,22,40,52,69,92,-23,17,161
304,304,PN Type A Cell,54,19,35,46,73,81,-8,27,154
305,305,PN Type A Cell,49,15,44,51,64,95,-31,13,159
306,306,PN Type A Cell,54,16,42,52,70,94,-24,18,164
307,307,PN Type A Cell,47,22,36,55,69,91,-22,14,160
308,308,PN Type A Cell,41,14,35,50,55,85,-30,5,140
309,309,PN Type A Cell,41,16,37,48,57,85,-28,9,142
310,310,PN Type A Cell,58,22,47,48,80,95,-15,32,175
311,311,PN Type A Cell,42,11,36,44,53,80,-27,9,133
312,312,PN Type A Cell,40,10,45,45,50,90,-40,5,140
313,313,PN Type A Cell,51,29,37,53,80,90,-10,27,170
314,314,PN Type A Cell,39,19,46,51,58,97,-39,7,155
315,315,PN Type A Cell,45,17,43,59,62,102,-40,3,164
316,316,PN Type A Cell,44,17,36,48,61,84,-23,13,145
317,317,PN Type A Cell,48,23,40,42,71,82,-11,29,153
318,318,PN Type A Cell,56,26,41,43,82,84,-2,39,166
319,319,PN Type A Cell,45,21,33,49,66,82,-16,17,148
320,320,PN Type A Cell,42,16,46,67,58,113,-55,-9,171
321,321,PN Type A Cell,57,18,28,38,75,66,9,37,141
322,322,PN Type A Cell,39,22,38,52,61,90,-29,9,151
323,323,PN Type A Cell,36,23,34,42,59,76,-17,17,135
324,324,PN Type A Cell,37,23,45,66,60,111,-51,-6,171
325,325,PN Type A Cell,50,20,29,37,70,66,4,33,136
326,326,PN Type A Cell,31,22,45,49,53,94,-41,4,147
327,327,PN Type A Cell,38,23,42,44,61,86,-25,17,147
328,328,PN Type A Cell,36,19,29,57,55,86,-31,-2,141
329,329,PN Type A Cell,45,22,33,64,67,97,-30,3,164
330,330,PN Type A Cell,39,25,36,49,64,85,-21,15,149
331,331,PN Type A Cell,48,15,36,64,63,100,-37,-1,163
332,332,PN Type A Cell,39,18,40,46,57,86,-29,11,143
333,333,PN Type A Cell,40,17,49,44,57,93,-36,13,150
334,334,PN Type A Cell,45,22,40,44,67,84,-17,23,151
335,335,PN Type A Cell,39,16,33,57,55,90,-35,-2,145
336,336,PN Type A Cell,36,8,39,58,44,97,-53,-14,141
337,337,PN Type A Cell,37,19,43,48,56,91,-35,8,147
338,338,PN Type A Cell,48,19,40,50,67,90,-23,17,157
339,339,PN Type A Cell,45,23,54,53,68,107,-39,15,175
340,340,PN Type A Cell,47,20,33,59,67,92,-25,8,159
341,341,PN Type A Cell,43,22,44,52,65,96,-31,13,161
342,342,PN Type A Cell,44,22,41,48,66,89,-23,18,155
343,343,PN Type A Cell,47,19,45,59,66,104,-38,7,170
344,344,PN Type A Cell,52,16,34,58,68,92,-24,10,160
345,345,PN Type A Cell,44,13,43,48,57,91,-34,9,148
346,346,PN Type A Cell,42,24,32,51,66,83,-17,15,149
347,347,PN Type A Cell,40,22,34,53,62,87,-25,9,149
348,348,PN Type A Cell,32,18,28,62,50,90,-40,-12,140
349,349,PN Type A Cell,44,18,33,62,62,95,-33,0,157
350,350,PN Type A Cell,40,17,43,53,57,96,-39,4,153
351,351,PN Type A Cell,43,32,57,48,75,105,-30,27,180
352,352,PN Type A Cell,35,19,40,53,54,93,-39,1,147
353,353,PN Type A Cell,36,19,39,71,55,110,-55,-16,165
354,354,PN Type A Cell,49,23,29,64,72,93,-21,8,165
355,355,PN Type A Cell,28,23,42,43,51,85,-34,8,136
356,356,PN Type A Cell,50,18,31,64,68,95,-27,4,163
357,357,PN Type A Cell,45,20,40,61,65,101,-36,4,166
358,358,PN Type A Cell,47,26,29,54,73,83,-10,19,156
359,359,PN Type A Cell,61,22,40,49,83,89,-6,34,172
360,360,PN Type A Cell,46,21,37,55,67,92,-25,12,159
361,361,PN Type A Cell,51,18,33,53,69,86,-17,16,155
362,362,PN Type A Cell,57,13,44,51,70,95,-25,19,165
363,363,PN Type A Cell,45,12,24,40,57,64,-7,17,121
364,364,PN Type A Cell,59,21,36,47,80,83,-3,33,163
365,365,PN Type A Cell,32,22,43,46,54,89,-35,8,143
366,366,PN Type A Cell,46,18,33,51,64,84,-20,13,148
367,367,PN Type A Cell,60,22,39,57,82,96,-14,25,178
368,368,PN Type A Cell,47,17,43,46,64,89,-25,18,153
369,369,PN Type A Cell,40,18,39,58,58,97,-39,0,155
370,370,PN Type A Cell,45,20,44,47,65,91,-26,18,156
371,371,PN Type A Cell,44,18,45,65,62,110,-48,-3,172
372,372,PN Type A Cell,38,25,32,55,63,87,-24,8,150
373,373,PN Type A Cell,36,17,34,57,53,91,-38,-4,144
374,374,PN Type A Cell,28,12,35,58,40,93,-53,-18,133
375,375,PN Type A Cell,55,15,31,49,70,80,-10,21,150
376,376,PN Type A Cell,37,16,49,51,53,100,-47,2,153
377,377,PN Type A Cell,49,23,43,51,72,94,-22,21,166
378,378,PN Type A Cell,38,12,42,64,50,106,-56,-14,156
379,379,PN Type A Cell,49,19,42,50,68,92,-24,18,160
380,380,PN Type A Cell,42,19,33,56,61,89,-28,5,150
381,381,PN Type A Cell,56,15,36,51,71,87,-16,20,158
382,382,PN Type A Cell,39,14,43,50,53,93,-40,3,146
383,383,PN Type A Cell,42,24,33,56,66,89,-23,10,155
384,384,PN Type A Cell,38,17,41,50,55,91,-36,5,146
385,385,PN Type A Cell,44,23,32,48,67,80,-13,19,147
386,386,PN Type A Cell,40,22,32,57,62,89,-27,5,151
387,387,PN Type A Cell,39,20,42,50,59,92,-33,9,151
388,388,PN Type A Cell,34,14,37,56,48,93,-45,-8,141
389,389,PN Type A Cell,32,16,33,52,48,85,-37,-4,133
390,390,PN Type A Cell,44,15,43,52,59,95,-36,7,154
391,391,PN Type A Cell,50,20,32,50,70,82,-12,20,152
392,392,PN Type A Cell,38,27,44,43,65,87,-22,22,152
393,393,PN Type A Cell,49,19,38,47,68,85,-17,21,153
394,394,PN Type A Cell,43,18,40,43,61,83,-22,18,144
395,395,PN Type A Cell,47,19,37,45,66,82,-16,21,148
396,396,PN Type A Cell,45,12,49,54,57,103,-46,3,160
397,397,PN Type A Cell,48,12,26,59,60,85,-25,1,145
398,398,PN Type A Cell,40,20,48,48,60,96,-36,12,156
399,399,PN Type A Cell,54,23,42,56,77,98,-21,21,175
400,400,PN Type A Cell,54,33,42,53,87,95,-8,34,182
401,401,PN Type A Cell,41,14,30,55,55,85,-30,0,140
402,402,PN Type A Cell,34,19,36,50,53,86,-33,3,139
403,403,PN Type A Cell,58,18,42,56,76,98,-22,20,174
404,404,PN Type A Cell,59,16,37,52,75,89,-14,23,164
405,405,PN Type A Cell,43,18,39,63,61,102,-41,-2,163
406,406,PN Type A Cell,41,17,46,57,58,103,-45,1,161
407,407,PN Type A Cell,44,23,39,50,67,89,-22,17,156
408,408,PN Type A Cell,42,16,42,53,58,95,-37,5,153
409,409,PN Type A Cell,49,17,46,59,66,105,-39,7,171
410,410,PN Type A Cell,28,17,35,57,45,92,-47,-12,137
411,411,PN Type A Cell,46,22,35,61,68,96,-28,7,164
412,412,PN Type A Cell,52,21,34,64,73,98,-25,9,171
413,413,PN Type A Cell,41,18,43,58,59,101,-42,1,160
414,414,PN Type A Cell,31,12,39,62,43,101,-58,-19,144
415,415,PN Type A Cell,42,15,44,51,57,95,-38,6,152
416,416,PN Type A Cell,61,16,35,51,77,86,-9,26,163
417,417,PN Type A Cell,40,23,39,53,63,92,-29,10,155
418,418,PN Type A Cell,45,17,41,54,62,95,-33,8,157
419,419,PN Type A Cell,49,19,47,53,68,100,-32,15,168
420,420,PN Type A Cell,50,14,34,56,64,90,-26,8,154
421,421,PN Type A Cell,48,26,37,41,74,78,-4,33,152
422,422,PN Type A Cell,51,14,37,48,65,85,-20,17,150
423,423,PN Type A Cell,45,22,28,50,67,78,-11,17,145
424,424,PN Type A Cell,39,14,36,52,53,88,-35,1,141
425,425,PN Type A Cell,37,16,30,43,53,73,-20,10,126
426,426,PN Type A Cell,35,15,30,61,50,91,-41,-11,141
427,427,PN Type A Cell,50,17,44,51,67,95,-28,16,162
428,428,PN Type A Cell,46,20,21,50,66,71,-5,16,137
429,429,PN Type A Cell,54,18,26,49,72,75,-3,23,147
430,430,PN Type A Cell,42,23,47,55,65,102,-37,10,167
431,431,PN Type A Cell,38,22,35,61,60,96,-36,-1,156
432,432,PN Type A Cell,51,15,49,47,66,96,-30,19,162
433,433,PN Type A Cell,39,20,47,42,59,89,-30,17,148
434,434,PN Type A Cell,48,17,34,58,65,92,-27,7,157
435,435,PN Type A Cell,57,22,38,48,79,86,-7,31,165
436,436,PN Type A Cell,45,28,38,60,73,98,-25,13,171
437,437,PN Type A Cell,42,17,41,66,59,107,-48,-7,166
438,438,PN Type A Cell,50,20,32,60,70,92,-22,10,162
439,439,PN Type A Cell,49,20,28,34,69,62,7,35,131
440,440,PN Type A Cell,36,19,25,51,55,76,-21,4,131
441,441,PN Type A Cell,33,18,56,47,51,103,-52,4,154
442,442,PN Type A Cell,39,16,44,49,55,93,-38,6,148
443,443,PN Type A Cell,43,22,38,50,65,88,-23,15,153
444,444,PN Type A Cell,47,13,48,55,60,103,-43,5,163
445,445,PN Type A Cell,52,27,43,51,79,94,-15,28,173
446,446,PN Type A Cell,45,19,48,55,64,103,-39,9,167
447,447,PN Type A Cell,50,25,36,44,75,80,-5,31,155
448,448,PN Type A Cell,36,17,33,51,53,84,-31,2,137
449,449,PN Type A Cell,39,22,42,50,61,92,-31,11,153
450,450,PN Type A Cell,49,13,45,43,62,88,-26,19,150
451,451,PN Type A Cell,41,18,36,48,59,84,-25,11,143
452,452,PN Type A Cell,55,12,35,64,67,99,-32,3,166
453,453,PN Type A Cell,53,21,45,56,74,101,-27,18,175
454,454,PN Type A Cell,40,18,30,43,58,73,-15,15,131
455,455,PN Type A Cell,36,16,42,51,52,93,-41,1,145
456,456,PN Type A Cell,46,23,40,52,69,92,-23,17,161
457,457,PN Type A Cell,60,20,46,51,80,97,-17,29,177
458,458,PN Type A Cell,42,18,43,57,60,100,-40,3,160
459,459,PN Type A Cell,41,25,49,52,66,101,-35,14,167
460,460,PN Type A Cell,39,23,42,50,62,92,-30,12,154
461,461,PN Type A Cell,53,21,37,54,74,91,-17,20,165
462,462,PN Type A Cell,46,17,30,45,63,75,-12,18,138
463,463,PN Type A Cell,43,17,48,52,60,100,-40,8,160
464,464,PN Type A Cell,47,24,44,51,71,95,-24,20,166
465,465,PN Type A Cell,59,11,41,42,70,83,-13,28,153
466,466,PN Type A Cell,40,23,44,54,63,98,-35,9,161
467,467,PN Type A Cell,39,15,29,57,54,86,-32,-3,140
468,468,PN Type A Cell,42,23,42,40,65,82,-17,25,147
469,469,PN Type A Cell,53,21,32,45,74,77,-3,29,151
470,470,PN Type A Cell,45,15,36,43,60,79,-19,17,139
471,471,PN Type A Cell,58,25,42,55,83,97,-14,28,180
472,472,PN Type A Cell,57,15,32,51,72,83,-11,21,155
473,473,PN Type A Cell,32,20,40,54,52,94,-42,-2,146
474,474,PN Type A Cell,50,21,36,39,71,75,-4,32,146
475,475,PN Type A Cell,47,11,44,56,58,100,-42,2,158
476,476,PN Type A Cell,43,18,42,53,61,95,-34,8,156
477,477,PN Type A Cell,41,19,47,56,60,103,-43,4,163
478,478,PN Type A Cell,40,23,33,68,63,101,-38,-5,164
479,479,PN Type A Cell,44,12,34,52,56,86,-30,4,142
480,480,PN Type A Cell,47,19,36,61,66,97,-31,5,163
481,481,PN Type A Cell,47,14,35,51,61,86,-25,10,147
482,482,PN Type A Cell,47,18,38,46,65,84,-19,19,149
483,483,PN Type A Cell,38,18,39,50,56,89,-33,6,145
484,484,PN Type A Cell,40,16,39,48,56,87,-31,8,143
485,485,PN Type A Cell,36,25,45,54,61,99,-38,7,160
486,486,PN Type A Cell,45,16,37,64,61,101,-40,-3,162
487,487,PN Type A Cell,48,7,46,46,55,92,-37,9,147
488,488,PN Type A Cell,45,19,44,50,64,94,-30,14,158
489,489,PN Type A Cell,42,17,47,55,59,102,-43,4,161
490,490,PN Type A Cell,44,17,41,45,61,86,-25,16,147
491,491,PN Type A Cell,37,13,32,53,50,85,-35,-3,135
492,492,PN Type A Cell,32,20,36,42,52,78,-26,10,130
493,493,PN Type A Cell,42,25,46,49,67,95,-28,18,162
494,494,PN Type A Cell,45,21,38,50,66,88,-22,16,154
495,495,PN Type A Cell,58,16,43,55,74,98,-24,19,172
496,496,PN Type A Cell,41,22,38,41,63,79,-16,22,142
497,497,PN Type A Cell,54,19,42,48,73,90,-17,25,163
498,498,PN Type A Cell,34,18,39,52,52,91,-39,0,143
499,499,PN Type A Cell,41,21,33,43,62,76,-14,19,138
500,500,PN Type A Cell,39,16,42,55,55,97,-42,0,152
501,501,PN Type A Cell,42,17,38,46,59,84,-25,13,143
502,502,PN Type A Cell,45,18,37,45,63,82,-19,18,145
503,503,PN Type A Cell,53,18,40,64,71,104,-33,7,175
504,504,PN Type A Cell,45,18,42,52,63,94,-31,11,157
505,505,PN Type A Cell,48,21,45,54,69,99,-30,15,168
506,506,PN Type A Cell,32,21,22,62,53,84,-31,-9,137
507,507,PN Type A Cell,47,16,29,61,63,90,-27,2,153
508,508,PN Type A Cell,45,10,35,43,55,78,-23,12,133
509,509,PN Type A Cell,44,22,37,49,66,86,-20,17,152
510,510,PN Type A Cell,48,19,36,54,67,90,-23,13,157
511,511,PN Type A Cell,53,24,33,54,77,87,-10,23,164
512,512,PN Type A Cell,49,19,42,51,68,93,-25,17,161
513,513,PN Type A Cell,45,15,29,57,60,86,-26,3,146
514,514,PN Type A Cell,44,12,40,55,56,95,-39,1,151
515,515,PN Type A Cell,42,15,36,42,57,78,-21,15,135
516,516,PN Type A Cell,47,23,31,52,70,83,-13,18,153
517,517,PN Type A Cell,48,22,38,51,70,89,-19,19,159
518,518,PN Type A Cell,50,15,46,39,65,85,-20,26,150
519,519,PN Type A Cell,47,21,33,53,68,86,-18,15,154
520,520,PN Type A Cell,39,21,45,43,60,88,-28,17,148
521,521,PN Type A Cell,54,28,35,57,82,92,-10,25,174
522,522,PN Type A Cell,51,17,40,58,68,98,-30,10,166
523,523,PN Type A Cell,48,19,35,36,67,71,-4,31,138
524,524,PN Type A Cell,34,24,47,62,58,109,-51,-4,167
525,525,PN Type A Cell,44,14,27,60,58,87,-29,-2,145
526,526,PN Type A Cell,34,28,42,61,62,103,-41,1,165
527,527,PN Type A Cell,54,19,35,57,73,92,-19,16,165
528,528,PN Type A Cell,33,18,55,59,51,114,-63,-8,165
529,529,PN Type A Cell,62,18,42,55,80,97,-17,25,177
530,530,PN Type A Cell,54,19,36,58,73,94,-21,15,167
531,531,PN Type A Cell,49,19,36,65,68,101,-33,3,169
532,532,PN Type A Cell,47,18,42,65,65,107,-42,0,172
533,533,PN Type A Cell,43,26,40,51,69,91,-22,18,160
534,534,PN Type A Cell,45,21,39,55,66,94,-28,11,160
535,535,PN Type A Cell,44,19,42,49,63,91,-28,14,154
536,536,PN Type A Cell,42,26,30,56,68,86,-18,12,154
537,537,PN Type A Cell,40,16,55,54,56,109,-53,2,165
538,538,PN Type A Cell,34,28,35,43,62,78,-16,19,140
539,539,PN Type A Cell,45,11,41,58,56,99,-43,-2,155
540,540,PN Type A Cell,54,21,41,54,75,95,-20,21,170
541,541,PN Type A Cell,36,22,31,55,58,86,-28,3,144
542,542,PN Type A Cell,40,17,35,54,57,89,-32,3,146
543,543,PN Type A Cell,41,18,40,55,59,95,-36,4,154
544,544,PN Type A Cell,51,26,35,56,77,91,-14,21,168
545,545,PN Type A Cell,62,16,26,46,78,72,6,32,150
546,546,PN Type A Cell,43,9,35,45,52,80,-28,7,132
547,547,PN Type A Cell,47,13,41,44,60,85,-25,16,145
548,548,PN Type A Cell,44,18,36,48,62,84,-22,14,146
549,549,PN Type A Cell,40,24,42,57,64,99,-35,7,163
550,550,PN Type A Cell,46,15,38,59,61,97,-36,2,158
551,551,PN Type A Cell,44,24,31,51,68,82,-14,17,150
552,552,PN Type A Cell,35,18,33,51,53,84,-31,2,137
553,553,PN Type A Cell,43,20,38,40,63,78,-15,23,141
554,554,PN Type A Cell,43,15,44,52,58,96,-38,6,154
555,555,PN Type A Cell,50,15,30,54,65,84,-19,11,149
556,556,PN Type A Cell,51,15,27,56,66,83,-17,10,149
557,557,PN Type A Cell,36,13,38,54,49,92,-43,-5,141
558,558,PN Type A Cell,56,19,41,44,75,85,-10,31,160
559,559,PN Type A Cell,36,25,33,44,61,77,-16,17,138
560,560,PN Type A Cell,44,18,43,54,62,97,-35,8,159
561,561,PN Type A Cell,40,20,33,49,60,82,-22,11,142
562,562,PN Type A Cell,49,13,44,47,62,91,-29,15,153
563,563,PN Type A Cell,36,18,44,50,54,94,-40,4,148
564,564,PN Type A Cell,46,13,41,48,59,89,-30,11,148
565,565,PN Type A Cell,42,14,42,66,56,108,-52,-10,164
566,566,PN Type A Cell,41,19,43,49,60,92,-32,11,152
567,567,PN Type A Cell,38,17,36,47,55,83,-28,8,138
568,568,PN Type A Cell,39,13,36,51,52,87,-35,1,139
569,569,PN Type A Cell,47,22,44,58,69,102,-33,11,171
570,570,PN Type A Cell,50,9,38,40,59,78,-19,19,137
571,571,PN Type A Cell,57,15,41,60,72,101,-29,12,173
572,572,PN Type A Cell,57,24,34,43,81,77,4,38,158
573,573,PN Type A Cell,44,15,35,50,59,85,-26,9,144
574,574,PN Type A Cell,43,15,37,59,58,96,-38,-1,154
575,575,PN Type A Cell,45,23,43,56,68,99,-31,12,167
576,576,PN Type A Cell,46,27,49,58,73,107,-34,15,180
577,577,PN Type A Cell,41,12,41,56,53,97,-44,-3,150
578,578,PN Type A Cell,56,16,43,54,72,97,-25,18,169
579,579,PN Type A Cell,47,14,32,60,61,92,-31,1,153
580,580,PN Type A Cell,51,17,40,46,68,86,-18,22,154
581,581,PN Type A Cell,45,19,37,45,64,82,-18,19,146
582,582,PN Type A Cell,51,25,42,52,76,94,-18,24,170
583,583,PN Type A Cell,51,23,37,52,74,89,-15,22,163
584,584,PN Type A Cell,46,18,39,47,64,86,-22,17,150
585,585,PN Type A Cell,36,16,44,50,52,94,-42,2,146
586,586,PN Type A Cell,44,25,35,59,69,94,-25,10,163
587,587,PN Type A Cell,39,16,41,60,55,101,-46,-5,156
588,588,PN Type A Cell,52,14,33,58,66,91,-25,8,157
589,589,PN Type A Cell,41,19,35,43,60,78,-18,17,138
590,590,PN Type A Cell,40,22,43,52,62,95,-33,10,157
591,591,PN Type A Cell,34,20,37,55,54,92,-38,-1,146
592,592,PN Type A Cell,46,12,41,55,58,96,-38,3,154
593,593,PN Type A Cell,35,16,52,54,51,106,-55,-3,157
594,594,PN Type A Cell,58,18,26,52,76,78,-2,24,154
595,595,PN Type A Cell,49,14,32,56,63,88,-25,7,151
596,596,PN Type A Cell,41,12,38,59,53,97,-44,-6,150
597,597,PN Type A Cell,44,20,33,47,64,80,-16,17,144
598,598,PN Type A Cell,51,13,48,57,64,105,-41,7,169
599,599,PN Type A Cell,46,15,47,56,61,103,-42,5,164
600,600,PN Type A Cell,42,19,39,45,61,84,-23,16,145
601,601,PN Type A Cell,40,17,37,58,57,95,-38,-1,152
602,602,PN Type A Cell,48,15,36,44,63,80,-17,19,143
603,603,PN Type A Cell,37,22,42,56,59,98,-39,3,157
604,604,PN Type A Cell,43,21,36,54,64,90,-26,10,154
605,605,PN Type A Cell,41,18,37,50,59,87,-28,9,146
606,606,PN Type A Cell,53,13,44,55,66,99,-33,11,165
607,607,PN Type A Cell,52,15,41,52,67,93,-26,15,160
608,608,PN Type A Cell,49,14,38,47,63,85,-22,16,148
609,609,PN Type A Cell,47,17,37,51,64,88,-24,13,152
610,610,PN Type A Cell,39,14,37,55,53,92,-39,-2,145
611,611,PN Type A Cell,50,15,45,56,65,101,-36,9,166
612,612,PN Type A Cell,47,25,37,46,72,83,-11,26,155
613,613,PN Type A Cell,51,14,33,56,65,89,-24,9,154
614,614,PN Type A Cell,52,20,43,49,72,92,-20,23,164
615,615,PN Type A Cell,40,19,40,44,59,84,-25,15,143
616,616,PN Type A Cell,46,18,41,61,64,102,-38,3,166
617,617,PN Type A Cell,51,24,45,52,75,97,-22,23,172
618,618,PN Type A Cell,48,17,41,50,65,91,-26,15,156
619,619,PN Type A Cell,47,16,31,45,63,76,-13,18,139
620,620,PN Type A Cell,36,22,37,49,58,86,-28,9,144
621,621,PN Type A Cell,54,18,37,42,72,79,-7,30,151
622,622,PN Type A Cell,47,14,37,51,61,88,-27,10,149
623,623,PN Type A Cell,45,20,37,41,65,78,-13,24,143
624,624,PN Type A Cell,46,12,39,53,58,92,-34,5,150
625,625,PN Type A Cell,51,28,42,50,79,92,-13,29,171
626,626,PN Type A Cell,47,25,40,41,72,81,-9,31,153
627,627,PN Type A Cell,44,15,38,43,59,81,-22,16,140
628,628,PN Type A Cell,41,26,37,50,67,87,-20,17,154
629,629,PN Type A Cell,43,29,47,57,72,104,-32,15,176
630,630,PN Type A Cell,42,21,45,55,63,100,-37,8,163
631,631,PN Type A Cell,38,20,36,52,58,88,-30,6,146
632,632,PN Type A Cell,51,16,36,48,67,84,-17,19,151
633,633,PN Type A Cell,46,11,43,59,57,102,-45,-2,159
634,634,PN Type A Cell,50,9,32,49,59,81,-22,10,140
635,635,PN Type A Cell,42,18,44,35,60,79,-19,25,139
636,636,PN Type A Cell,51,18,47,58,69,105,-36,11,174
637,637,PN Type A Cell,47,16,40,46,63,86,-23,17,149
638,638,PN Type A Cell,49,18,35,48,67,83,-16,19,150
639,639,PN Type A Cell,51,14,41,59,65,100,-35,6,165
640,640,PN Type A Cell,38,22,48,53,60,101,-41,7,161
641,641,PN Type A Cell,45,27,33,59,72,92,-20,13,164
642,642,PN Type A Cell,52,23,49,53,75,102,-27,22,177
643,643,PN Type A Cell,39,19,44,48,58,92,-34,10,150
644,644,PN Type A Cell,46,17,39,66,63,105,-42,-3,168
645,645,PN Type A Cell,32,22,34,44,54,78,-24,10,132
646,646,PN Type A Cell,51,14,37,54,65,91,-26,11,156
647,647,PN Type A Cell,51,11,48,47,62,95,-33,15,157
648,648,PN Type A Cell,51,18,50,51,69,101,-32,18,170
649,649,PN Type A Cell,49,14,43,47,63,90,-27,16,153
650,650,PN Type A Cell,48,17,31,46,65,77,-12,19,142
651,651,PN Type A Cell,31,20,40,63,51,103,-52,-12,154
652,652,PN Type A Cell,43,21,38,55,64,93,-29,9,157
653,653,PN Type A Cell,46,18,43,48,64,91,-27,16,155
654,654,PN Type A Cell,48,18,41,41,66,82,-16,25,148
655,655,PN Type A Cell,42,15,30,62,57,92,-35,-5,149
656,656,PN Type A Cell,38,25,30,52,63,82,-19,11,145
657,657,PN Type A Cell,55,24,37,43,79,80,-1,36,159
658,658,PN Type A Cell,63,11,28,50,74,78,-4,24,152
659,659,PN Type A Cell,54,14,40,58,68,98,-30,10,166
660,660,PN Type A Cell,40,17,37,50,57,87,-30,7,144
661,661,PN Type A Cell,45,22,44,53,67,97,-30,14,164
662,662,PN Type A Cell,48,23,44,48,71,92,-21,23,163
663,663,PN Type A Cell,46,15,41,48,61,89,-28,13,150
664,664,PN Type A Cell,54,29,33,47,83,80,3,36,163
665,665,PN Type A Cell,44,19,32,54,63,86,-23,9,149
666,666,PN Type A Cell,39,23,35,54,62,89,-27,8,151
667,667,PN Type A Cell,66,16,23,50,82,73,9,32,155
668,668,PN Type A Cell,46,29,34,47,75,81,-6,28,156
669,669,PN Type A Cell,54,22,42,67,76,109,-33,9,185
670,670,PN Type A Cell,39,18,39,50,57,89,-32,7,146
671,671,PN Type A Cell,44,17,45,44,61,89,-28,17,150
672,672,PN Type A Cell,28,16,37,56,44,93,-49,-12,137
673,673,PN Type A Cell,42,13,38,47,55,85,-30,8,140
674,674,PN Type A Cell,47,25,30,56,72,86,-14,16,158
675,675,PN Type A Cell,47,16,36,57,63,93,-30,6,156
676,676,PN Type A Cell,44,19,23,55,63,78,-15,8,141
677,677,PN Type A Cell,39,16,33,52,55,85,-30,3,140
678,678,PN Type A Cell,47,28,37,53,75,90,-15,22,165
679,679,PN Type A Cell,43,16,44,51,59,95,-36,8,154
680,680,PN Type A Cell,46,18,49,53,64,102,-38,11,166
681,681,PN Type A Cell,47,17,39,44,64,83,-19,20,147
682,682,PN Type A Cell,49,17,34,43,66,77,-11,23,143
683,683,PN Type A Cell,45,17,40,51,62,91,-29,11,153
684,684,PN Type A Cell,55,16,35,49,71,84,-13,22,155
685,685,PN Type A Cell,56,24,44,50,80,94,-14,30,174
686,686,PN Type A Cell,41,17,41,49,58,90,-32,9,148
687,687,PN Type A Cell,43,21,29,58,64,87,-23,6,151
688,688,PN Type A Cell,43,23,40,61,66,101,-35,5,167
689,689,PN Type A Cell,53,10,35,49,63,84,-21,14,147
690,690,PN Type A Cell,49,21,34,35,70,69,1,35,139
691,691,PN Type A Cell,40,27,34,54,67,88,-21,13,155
692,692,PN Type A Cell,60,12,39,54,72,93,-21,18,165
693,693,PN Type A Cell,56,21,32,51,77,83,-6,26,160
694,694,PN Type A Cell,37,13,30,44,50,74,-24,6,124
695,695,PN Type A Cell,37,8,39,60,45,99,-54,-15,144
696,696,PN Type A Cell,38,15,28,41,53,69,-16,12,122
697,697,PN Type A Cell,43,22,33,59,65,92,-27,6,157
698,698,PN Type A Cell,56,17,42,46,73,88,-15,27,161
699,699,PN Type A Cell,40,15,41,50,55,91,-36,5,146
700,700,PN Type A Cell,46,12,34,57,58,91,-33,1,149
701,701,PN Type A Cell,37,28,29,49,65,78,-13,16,143
702,702,PN Type A Cell,43,21,35,46,64,81,-17,18,145
703,703,PN Type A Cell,39,20,33,56,59,89,-30,3,148
704,704,PN Type A Cell,53,19,40,44,72,84,-12,28,156
705,705,PN Type A Cell,41,20,38,51,61,89,-28,10,150
706,706,PN Type A Cell,52,17,38,58,69,96,-27,11,165
707,707,PN Type A Cell,44,10,40,55,54,95,-41,-1,149
708,708,PN Type A Cell,49,17,35,47,66,82,-16,19,148
709,709,PN Type A Cell,39,17,32,63,56,95,-39,-7,151
710,710,PN Type A Cell,45,21,38,43,66,81,-15,23,147
711,711,PN Type A Cell,42,10,44,51,52,95,-43,1,147
712,712,PN Type A Cell,49,16,41,51,65,92,-27,14,157
713,713,PN Type A Cell,38,10,38,51,48,89,-41,-3,137
714,714,PN Type A Cell,52,17,37,51,69,88,-19,18,157
715,715,PN Type A Cell,38,26,39,52,64,91,-27,12,155
716,716,PN Type A Cell,37,26,31,49,63,80,-17,14,143
717,717,PN Type A Cell,43,19,46,53,62,99,-37,9,161
718,718,PN Type A Cell,49,15,38,50,64,88,-24,14,152
719,719,PN Type A Cell,53,17,32,65,70,97,-27,5,167
720,720,PN Type A Cell,50,21,29,57,71,86,-15,14,157
721,721,PN Type A Cell,39,12,41,60,51,101,-50,-9,152
722,722,PN Type A Cell,49,18,31,51,67,82,-15,16,149
723,723,PN Type A Cell,36,26,43,57,62,100,-38,5,162
724,724,PN Type A Cell,41,14,33,44,55,77,-22,11,132
725,725,PN Type A Cell,44,23,46,63,67,109,-42,4,176
726,726,PN Type A Cell,36,9,40,62,45,102,-57,-17,147
727,727,PN Type A Cell,51,15,42,53,66,95,-29,13,161
728,728,PN Type A Cell,45,24,39,56,69,95,-26,13,164
729,729,PN Type A Cell,46,13,40,51,59,91,-32,8,150
730,730,PN Type A Cell,35,19,34,42,54,76,-22,12,130
731,731,PN Type A Cell,47,22,38,53,69,91,-22,16,160
732,732,PN Type A Cell,40,21,34,54,61,88,-27,7,149
733,733,PN Type A Cell,38,21,38,49,59,87,-28,10,146
734,734,PN Type A Cell,49,15,35,60,64,95,-31,4,159
735,735,PN Type A Cell,68,26,40,53,94,93,1,41,187
736,736,PN Type A Cell,42,24,24,62,66,86,-20,4,152
737,737,PN Type A Cell,44,19,38,34,63,72,-9,29,135
738,738,PN Type A Cell,43,22,34,56,65,90,-25,9,155
739,739,PN Type A Cell,54,13,35,47,67,82,-15,20,149
740,740,PN Type A Cell,36,20,39,66,56,105,-49,-10,161
741,741,PN Type A Cell,35,24,35,60,59,95,-36,-1,154
742,742,PN Type A Cell,43,29,33,47,72,80,-8,25,152
743,743,PN Type A Cell,41,20,41,58,61,99,-38,3,160
744,744,PN Type A Cell,48,16,43,50,64,93,-29,14,157
745,745,PN Type A Cell,42,16,32,44,58,76,-18,14,134
746,746,PN Type A Cell,50,17,42,51,67,93,-26,16,160
747,747,PN Type A Cell,43,12,36,58,55,94,-39,-3,149
748,748,PN Type A Cell,51,17,43,65,68,108,-40,3,176
749,749,PN Type A Cell,57,16,54,56,73,110,-37,17,183
750,750,PN Type A Cell,43,13,39,57,56,96,-40,-1,152
751,751,PN Type A Cell,51,11,46,49,62,95,-33,13,157
752,752,PN Type A Cell,51,12,31,48,63,79,-16,15,142
753,753,PN Type A Cell,41,16,38,52,57,90,-33,5,147
754,754,PN Type A Cell,44,22,39,44,66,83,-17,22,149
755,755,PN Type A Cell,55,14,31,56,69,87,-18,13,156
756,756,PN Type A Cell,37,24,37,43,61,80,-19,18,141
757,757,PN Type A Cell,49,22,28,53,71,81,-10,18,152
758,758,PN Type A Cell,54,24,42,49,78,91,-13,29,169
759,759,PN Type A Cell,37,16,39,40,53,79,-26,13,132
760,760,PN Type A Cell,34,16,35,58,50,93,-43,-8,143
761,761,PN Type A Cell,44,17,47,59,61,106,-45,2,167
762,762,PN Type A Cell,42,13,54,55,55,109,-54,0,164
763,763,PN Type A Cell,39,13,32,59,52,91,-39,-7,143
764,764,PN Type A Cell,41,24,43,58,65,101,-36,7,166
765,765,PN Type A Cell,42,13,43,60,55,103,-48,-5,158
766,766,PN Type A Cell,38,24,34,42,62,76,-14,20,138
767,767,PN Type A Cell,39,13,42,58,52,100,-48,-6,152
768,768,PN Type A Cell,39,16,44,45,55,89,-34,10,144
769,769,PN Type A Cell,44,12,36,50,56,86,-30,6,142
770,770,PN Type A Cell,47,13,37,44,60,81,-21,16,141
771,771,PN Type A Cell,54,13,36,48,67,84,-17,19,151
772,772,PN Type A Cell,42,25,26,52,67,78,-11,15,145
773,773,PN Type A Cell,44,16,42,48,60,90,-30,12,150
774,774,PN Type A Cell,45,19,42,51,64,93,-29,13,157
775,775,PN Type A Cell,50,18,45,59,68,104,-36,9,172
776,776,PN Type A Cell,37,20,21,57,57,78,-21,0,135
777,777,PN Type A Cell,36,16,37,51,52,88,-36,1,140
778,778,PN Type A Cell,28,20,41,52,48,93,-45,-4,141
779,779,PN Type A Cell,41,18,34,44,59,78,-19,15,137
780,780,PN Type A Cell,38,11,38,47,49,85,-36,2,134
781,781,PN Type A Cell,51,16,40,46,67,86,-19,21,153
782,782,PN Type A Cell,38,16,46,42,54,88,-34,12,142
783,783,PN Type A Cell,38,23,51,59,61,110,-49,2,171
784,784,PN Type A Cell,44,20,41,43,64,84,-20,21,148
785,785,PN Type A Cell,57,15,38,45,72,83,-11,27,155
786,786,PN Type A Cell,46,16,36,66,62,102,-40,-4,164
787,787,PN Type A Cell,35,17,36,51,52,87,-35,1,139
788,788,PN Type A Cell,41,17,35,59,58,94,-36,-1,152
789,789,PN Type A Cell,49,20,48,54,69,102,-33,15,171
790,790,PN Type A Cell,47,23,32,64,70,96,-26,6,166
791,791,PN Type A Cell,55,18,46,45,73,91,-18,28,164
792,792,PN Type A Cell,46,33,42,43,79,85,-6,36,164
793,793,PN Type A Cell,46,11,38,52,57,90,-33,5,147
794,794,PN Type A Cell,43,13,40,47,56,87,-31,9,143
795,795,PN Type A Cell,51,18,38,51,69,89,-20,18,158
796,796,PN Type A Cell,39,26,36,51,65,87,-22,14,152
797,797,PN Type A Cell,56,24,36,57,80,93,-13,23,173
798,798,PN Type A Cell,48,13,40,54,61,94,-33,7,155
799,799,PN Type A Cell,47,20,26,56,67,82,-15,11,149
800,800,PN Type A Cell,51,27,42,52,78,94,-16,26,172
801,801,PN Type A Cell,49,17,39,52,66,91,-25,14,157
802,802,PN Type A Cell,42,20,34,58,62,92,-30,4,154
803,803,PN Type A Cell,58,25,33,58,83,91,-8,25,174
804,804,PN Type A Cell,38,21,40,39,59,79,-20,20,138
805,805,PN Type A Cell,47,22,41,51,69,92,-23,18,161
806,806,PN Type A Cell,56,20,40,31,76,71,5,45,147
807,807,PN Type A Cell,48,13,35,42,61,77,-16,19,138
808,808,PN Type A Cell,45,18,47,47,63,94,-31,16,157
809,809,PN Type A Cell,42,17,41,52,59,93,-34,7,152
810,810,PN Type A Cell,44,17,33,42,61,75,-14,19,136
811,811,PN Type A Cell,32,15,37,54,47,91,-44,-7,138
812,812,PN Type A Cell,39,23,45,56,62,101,-39,6,163
813,813,PN Type A Cell,52,21,37,53,73,90,-17,20,163
814,814,PN Type A Cell,52,20,35,45,72,80,-8,27,152
815,815,PN Type A Cell,44,15,35,46,59,81,-22,13,140
816,816,PN Type A Cell,58,17,36,54,75,90,-15,21,165
817,817,PN Type A Cell,38,20,40,51,58,91,-33,7,149
818,818,PN Type A Cell,45,24,37,56,69,93,-24,13,162
819,819,PN Type A Cell,44,16,39,47,60,86,-26,13,146
820,820,PN Type A Cell,44,18,42,41,62,83,-21,21,145
821,821,PN Type A Cell,48,21,31,44,69,75,-6,25,144
822,822,PN Type A Cell,33,17,43,43,50,86,-36,7,136
823,823,PN Type A Cell,40,16,41,50,56,91,-35,6,147
824,824,PN Type A Cell,40,16,38,48,56,86,-30,8,142
825,825,PN Type A Cell,58,16,32,55,74,87,-13,19,161
826,826,PN Type A Cell,44,21,33,50,65,83,-18,15,148
827,827,PN Type A Cell,44,18,42,49,62,91,-29,13,153
828,828,PN Type A Cell,40,10,46,48,50,94,-44,2,144
829,829,PN Type A Cell,42,19,32,50,61,82,-21,11,143
830,830,PN Type A Cell,41,20,30,62,61,92,-31,-1,153
831,831,PN Type A Cell,38,23,35,45,61,80,-19,16,141
832,832,PN Type A Cell,36,19,39,51,55,90,-35,4,145
833,833,PN Type A Cell,46,17,37,51,63,88,-25,12,151
834,834,PN Type A Cell,51,16,27,52,67,79,-12,15,146
835,835,PN Type A Cell,38,20,38,56,58,94,-36,2,152
836,836,PN Type A Cell,47,22,45,64,69,109,-40,5,178
837,837,PN Type A Cell,42,17,38,52,59,90,-31,7,149
838,838,PN Type A Cell,49,13,37,48,62,85,-23,14,147
839,839,PN Type A Cell,58,19,33,63,77,96,-19,14,173
840,840,PN Type A Cell,56,20,50,46,76,96,-20,30,172
841,841,PN Type A Cell,48,18,42,48,66,90,-24,18,156
842,842,PN Type A Cell,44,18,43,48,62,91,-29,14,153
843,843,PN Type A Cell,56,19,41,45,75,86,-11,30,161
844,844,PN Type A Cell,37,17,38,48,54,86,-32,6,140
845,845,PN Type A Cell,42,20,30,50,62,80,-18,12,142
846,846,PN Type A Cell,50,10,31,53,60,84,-24,7,144
847,847,PN Type A Cell,45,19,36,49,64,85,-21,15,149
848,848,PN Type A Cell,40,16,51,57,56,108,-52,-1,164
849,849,PN Type A Cell,51,19,48,72,70,120,-50,-2,190
850,850,PN Type A Cell,50,21,39,50,71,89,-18,21,160
851,851,PN Type A Cell,44,20,50,54,64,104,-40,10,168
852,852,PN Type A Cell,53,18,42,45,71,87,-16,26,158
853,853,PN Type A Cell,44,20,40,59,64,99,-35,5,163
854,854,PN Type A Cell,47,19,37,58,66,95,-29,8,161
855,855,PN Type A Cell,41,25,34,51,66,85,-19,15,151
856,856,PN Type A Cell,41,21,32,56,62,88,-26,6,150
857,857,PN Type A Cell,44,23,44,45,67,89,-22,22,156
858,858,PN Type A Cell,41,17,33,50,58,83,-25,8,141
859,859,PN Type A Cell,37,19,29,42,56,71,-15,14,127
860,860,PN Type A Cell,47,14,36,57,61,93,-32,4,154
861,861,PN Type A Cell,45,16,43,51,61,94,-33,10,155
862,862,PN Type A Cell,40,16,36,50,56,86,-30,6,142
863,863,PN Type A Cell,48,18,49,55,66,104,-38,11,170
864,864,PN Type A Cell,44,13,43,48,57,91,-34,9,148
865,865,PN Type A Cell,41,19,40,47,60,87,-27,13,147
866,866,PN Type A Cell,36,20,26,57,56,83,-27,-1,139
867,867,PN Type A Cell,45,20,38,43,65,81,-16,22,146
868,868,PN Type A Cell,42,16,42,57,58,99,-41,1,157
869,869,PN Type A Cell,61,13,33,50,74,83,-9,24,157
870,870,PN Type A Cell,48,27,29,53,75,82,-7,22,157
871,871,PN Type A Cell,38,19,36,47,57,83,-26,10,140
872,872,PN Type A Cell,49,19,39,55,68,94,-26,13,162
873,873,PN Type A Cell,60,25,34,66,85,100,-15,19,185
874,874,PN Type A Cell,37,11,40,54,48,94,-46,-6,142
875,875,PN Type A Cell,36,26,32,50,62,82,-20,12,144
876,876,PN Type A Cell,42,15,33,50,57,83,-26,7,140
877,877,PN Type A Cell,52,22,38,61,74,99,-25,13,173
878,878,PN Type A Cell,40,17,39,45,57,84,-27,12,141
879,879,PN Type A Cell,46,19,40,59,65,99,-34,6,164
880,880,PN Type A Cell,38,19,32,57,57,89,-32,0,146
881,881,PN Type A Cell,40,16,34,47,56,81,-25,9,137
882,882,PN Type A Cell,47,21,41,53,68,94,-26,15,162
883,883,PN Type A Cell,46,21,31,55,67,86,-19,12,153
884,884,PN Type A Cell,46,26,32,48,72,80,-8,24,152
885,885,PN Type A Cell,44,24,36,50,68,86,-18,18,154
886,886,PN Type A Cell,48,24,30,53,72,83,-11,19,155
887,887,PN Type A Cell,43,21,29,47,64,76,-12,17,140
888,888,PN Type A Cell,49,15,46,44,64,90,-26,20,154
889,889,PN Type A Cell,42,18,48,51,60,99,-39,9,159
890,890,PN Type A Cell,48,13,45,47,61,92,-31,14,153
891,891,PN Type A Cell,52,18,47,54,70,101,-31,16,171
892,892,PN Type A Cell,56,9,31,48,65,79,-14,17,144
893,893,PN Type A Cell,45,17,44,43,62,87,-25,19,149
894,894,PN Type A Cell,45,19,36,48,64,84,-20,16,148
895,895,PN Type A Cell,47,19,49,53,66,102,-36,13,168
896,896,PN Type A Cell,61,14,43,48,75,91,-16,27,166
897,897,PN Type A Cell,41,22,43,45,63,88,-25,18,151
898,898,PN Type A Cell,51,18,45,54,69,99,-30,15,168
899,899,PN Type A Cell,45,20,42,56,65,98,-33,9,163
900,900,PN Type A Cell,44,19,33,56,63,89,-26,7,152
901,901,PN Type A Cell,38,18,43,53,56,96,-40,3,152
902,902,PN Type A Cell,57,20,36,39,77,75,2,38,152
903,903,PN Type A Cell,51,24,31,61,75,92,-17,14,167
904,904,PN Type A Cell,45,20,38,52,65,90,-25,13,155
905,905,PN Type A Cell,46,10,36,61,56,97,-41,-5,153
906,906,PN Type A Cell,58,23,38,52,81,90,-9,29,171
907,907,PN Type A Cell,37,20,46,48,57,94,-37,9,151
908,908,PN Type A Cell,43,18,51,60,61,111,-50,1,172
909,909,PN Type A Cell,41,23,37,41,64,78,-14,23,142
910,910,PN Type A Cell,46,24,42,45,70,87,-17,25,157
911,911,PN Type A Cell,47,15,48,51,62,99,-37,11,161
912,912,PN Type A Cell,57,19,39,42,76,81,-5,34,157
913,913,PN Type A Cell,38,18,40,58,56,98,-42,-2,154
914,914,PN Type A Cell,54,21,42,56,75,98,-23,19,173
915,915,PN Type A Cell,41,18,36,52,59,88,-29,7,147
916,916,PN Type A Cell,56,19,43,52,75,95,-20,23,170
917,917,PN Type A Cell,38,14,29,56,52,85,-33,-4,137
918,918,PN Type A Cell,43,22,36,49,65,85,-20,16,150
919,919,PN Type A Cell,62,13,40,45,75,85,-10,30,160
920,920,PN Type A Cell,38,19,54,42,57,96,-39,15,153
921,921,PN Type A Cell,36,13,42,44,49,86,-37,5,135
922,922,PN Type A Cell,37,21,40,50,58,90,-32,8,148
923,923,PN Type A Cell,38,21,36,54,59,90,-31,5,149
924,924,PN Type A Cell,44,18,40,51,62,91,-29,11,153
925,925,PN Type A Cell,40,15,41,46,55,87,-32,9,142
926,926,PN Type A Cell,46,16,28,52,62,80,-18,10,142
927,927,PN Type A Cell,59,16,29,57,75,86,-11,18,161
928,928,PN Type A Cell,50,20,44,53,70,97,-27,17,167
929,929,PN Type A Cell,47,16,24,60,63,84,-21,3,147
930,930,PN Type A Cell,47,19,47,56,66,103,-37,10,169
931,931,PN Type A Cell,42,16,33,53,58,86,-28,5,144
932,932,PN Type A Cell,49,12,28,47,61,75,-14,14,136
933,933,PN Type A Cell,34,18,26,52,52,78,-26,0,130
934,934,PN Type A Cell,48,19,46,42,67,88,-21,25,155
935,935,PN Type A Cell,41,27,41,55,68,96,-28,13,164
936,936,PN Type A Cell,45,27,34,39,72,73,-1,33,145
937,937,PN Type A Cell,40,19,23,42,59,65,-6,17,124
938,938,PN Type A Cell,53,21,31,41,74,72,2,33,146
939,939,PN Type A Cell,50,15,32,62,65,94,-29,3,159
940,940,PN Type A Cell,44,14,32,53,58,85,-27,5,143
941,941,PN Type A Cell,47,17,37,57,64,94,-30,7,158
942,942,PN Type A Cell,51,20,33,43,71,76,-5,28,147
943,943,PN Type A Cell,46,15,33,58,61,91,-30,3,152
944,944,PN Type A Cell,45,25,41,36,70,77,-7,34,147
945,945,PN Type A Cell,39,12,47,51,51,98,-47,0,149
946,946,PN Type A Cell,46,21,37,55,67,92,-25,12,159
947,947,PN Type A Cell,45,15,47,53,60,100,-40,7,160
948,948,PN Type A Cell,45,19,41,45,64,86,-22,19,150
949,949,PN Type A Cell,50,18,32,56,68,88,-20,12,156
950,950,PN Type A Cell,43,11,32,48,54,80,-26,6,134
951,951,PN Type A Cell,53,16,40,56,69,96,-27,13,165
952,952,PN Type A Cell,36,16,38,46,52,84,-32,6,136
953,953,PN Type A Cell,47,10,37,53,57,90,-33,4,147
954,954,PN Type A Cell,48,20,40,53,68,93,-25,15,161
955,955,PN Type A Cell,64,24,39,47,88,86,2,41,174
956,956,PN Type A Cell,38,34,40,47,72,87,-15,25,159
957,957,PN Type A Cell,52,16,46,48,68,94,-26,20,162
958,958,PN Type A Cell,54,25,39,40,79,79,0,39,158
959,959,PN Type A Cell,49,17,39,67,66,106,-40,-1,172
960,960,PN Type A Cell,55,15,43,53,70,96,-26,17,166
961,961,PN Type A Cell,40,28,43,46,68,89,-21,22,157
962,962,PN Type A Cell,39,20,32,52,59,84,-25,7,143
963,963,PN Type A Cell,43,22,37,52,65,89,-24,13,154
964,964,PN Type A Cell,44,18,47,54,62,101,-39,8,163
965,965,PN Type A Cell,39,24,31,56,63,87,-24,7,150
966,966,PN Type A Cell,53,18,50,51,71,101,-30,20,172
967,967,PN Type A Cell,44,13,37,55,57,92,-35,2,149
968,968,PN Type A Cell,47,15,43,56,62,99,-37,6,161
969,969,PN Type A Cell,39,18,54,41,57,95,-38,16,152
970,970,PN Type A Cell,52,15,41,45,67,86,-19,22,153
971,971,PN Type A Cell,38,22,36,52,60,88,-28,8,148
972,972,PN Type A Cell,51,17,41,60,68,101,-33,8,169
973,973,PN Type A Cell,51,23,36,49,74,85,-11,25,159
974,974,PN Type A Cell,47,22,40,43,69,83,-14,26,152
975,975,PN Type A Cell,48,20,25,61,68,86,-18,7,154
976,976,PN Type A Cell,39,13,44,50,52,94,-42,2,146
977,977,PN Type A Cell,41,22,44,46,63,90,-27,17,153
978,978,PN Type A Cell,47,22,42,50,69,92,-23,19,161
979,979,PN Type A Cell,44,27,38,47,71,85,-14,24,156
980,980,PN Type A Cell,51,18,33,47,69,80,-11,22,149
981,981,PN Type A Cell,47,18,36,44,65,80,-15,21,145
982,982,PN Type A Cell,40,14,32,42,54,74,-20,12,128
983,983,PN Type A Cell,46,14,41,46,60,87,-27,14,147
984,984,PN Type A Cell,38,17,45,54,55,99,-44,1,154
985,985,PN Type A Cell,39,26,46,61,65,107,-42,4,172
986,986,PN Type A Cell,41,13,41,53,54,94,-40,1,148
987,987,PN Type A Cell,46,15,38,53,61,91,-30,8,152
988,988,PN Type A Cell,49,16,34,61,65,95,-30,4,160
989,989,PN Type A Cell,44,20,45,45,64,90,-26,19,154
990,990,PN Type A Cell,42,18,36,51,60,87,-27,9,147
991,991,PN Type A Cell,39,14,42,38,53,80,-27,15,133
992,992,PN Type A Cell,56,13,42,40,69,82,-13,29,151
993,993,PN Type A Cell,63,15,31,50,78,81,-3,28,159
994,994,PN Type A Cell,57,17,51,61,74,112,-38,13,186
995,995,PN Type A Cell,32,19,44,48,51,92,-41,3,143
996,996,PN Type A Cell,32,28,36,59,60,95,-35,1,155
997,997,PN Type A Cell,58,17,49,42,75,91,-16,33,166
998,998,PN Type A Cell,42,19,38,53,61,91,-30,8,152
999,999,PN Type A Cell,41,18,33,46,59,79,-20,13,138
1000,1000,PN Type A Cell,42,20,38,45,62,83,-21,17,145
1001,1001,PN Type A Cell,40,21,45,57,61,102,-41,4,163
1002,1002,PN Type A Cell,48,18,36,50,66,86,-20,16,152
1003,1003,PN Type A Cell,38,16,40,53,54,93,-39,1,147
1004,1004,PN Type A Cell,50,16,49,45,66,94,-28,21,160
1005,1005,PN Type A Cell,44,19,42,47,63,89,-26,16,152
1006,1006,PN Type A Cell,44,16,46,60,60,106,-46,0,166
1007,1007,PN Type A Cell,40,10,53,49,50,102,-52,1,152
1008,1008,PN Type A Cell,42,15,40,43,57,83,-26,14,140
1009,1009,PN Type A Cell,60,21,34,59,81,93,-12,22,174
1010,1010,PN Type A Cell,52,23,43,49,75,92,-17,26,167
1011,1011,PN Type A Cell,45,9,45,54,54,99,-45,0,153
1012,1012,PN Type A Cell,45,30,36,52,75,88,-13,23,163
1013,1013,PN Type A Cell,46,16,37,54,62,91,-29,8,153
1014,1014,PN Type A Cell,55,17,38,56,72,94,-22,16,166
1015,1015,PN Type A Cell,43,12,37,58,55,95,-40,-3,150
1016,1016,PN Type A Cell,53,17,37,42,70,79,-9,28,149
1017,1017,PN Type A Cell,42,21,36,48,63,84,-21,15,147
1018,1018,PN Type A Cell,49,22,38,45,71,83,-12,26,154
1019,1019,PN Type A Cell,48,17,39,59,65,98,-33,6,163
1020,1020,PN Type A Cell,48,16,47,74,64,121,-57,-10,185
1021,1021,PN Type A Cell,25,24,32,60,49,92,-43,-11,141
1022,1022,PN Type A Cell,39,17,34,56,56,90,-34,0,146
1023,1023,PN Type A Cell,41,12,41,51,53,92,-39,2,145
1024,1024,PN Type A Cell,41,19,36,56,60,92,-32,4,152
1025,1025,PN Type A Cell,42,24,33,53,66,86,-20,13,152
1026,1026,PN Type A Cell,43,9,44,49,52,93,-41,3,145
1027,1027,PN Type A Cell,49,16,45,59,65,104,-39,6,169
1028,1028,PN Type A Cell,53,11,40,69,64,109,-45,-5,173
1029,1029,PN Type A Cell,47,20,43,39,67,82,-15,28,149
1030,1030,PN Type A Cell,30,18,45,51,48,96,-48,-3,144
1031,1031,PN Type A Cell,35,17,37,50,52,87,-35,2,139
1032,1032,PN Type A Cell,46,17,42,44,63,86,-23,19,149
1033,1033,PN Type A Cell,35,19,36,38,54,74,-20,16,128
1034,1034,PN Type A Cell,44,22,48,60,66,108,-42,6,174
1035,1035,PN Type A Cell,40,19,49,50,59,99,-40,9,158
1036,1036,PN Type A Cell,46,18,26,53,64,79,-15,11,143
1037,1037,PN Type A Cell,42,18,39,56,60,95,-35,4,155
1038,1038,PN Type A Cell,48,27,40,47,75,87,-12,28,162
1039,1039,PN Type A Cell,43,17,46,52,60,98,-38,8,158
1040,1040,PN Type A Cell,55,20,29,56,75,85,-10,19,160
1041,1041,PN Type A Cell,46,19,37,50,65,87,-22,15,152
1042,1042,PN Type A Cell,56,14,46,53,70,99,-29,17,169
1043,1043,PN Type A Cell,52,17,45,48,69,93,-24,21,162
1044,1044,PN Type A Cell,53,17,48,45,70,93,-23,25,163
1045,1045,PN Type A Cell,33,10,27,40,43,67,-24,3,110
1046,1046,PN Type A Cell,51,18,42,57,69,99,-30,12,168
1047,1047,PN Type A Cell,50,15,34,59,65,93,-28,6,158
1048,1048,PN Type A Cell,51,18,45,42,69,87,-18,27,156
1049,1049,PN Type A Cell,44,23,25,37,67,62,5,30,129
1050,1050,PN Type A Cell,39,22,35,48,61,83,-22,13,144
1051,1051,PN Type A Cell,39,17,38,64,56,102,-46,-8,158
1052,1052,PN Type A Cell,42,13,38,45,55,83,-28,10,138
1053,1053,PN Type A Cell,44,19,30,59,63,89,-26,4,152
1054,1054,PN Type A Cell,58,17,38,65,75,103,-28,10,178
1055,1055,PN Type A Cell,53,21,36,63,74,99,-25,11,173
1056,1056,PN Type A Cell,49,18,32,49,67,81,-14,18,148
1057,1057,PN Type A Cell,32,14,48,53,46,101,-55,-7,147
1058,1058,PN Type A Cell,54,25,47,38,79,85,-6,41,164
1059,1059,PN Type A Cell,42,19,33,51,61,84,-23,10,145
1060,1060,PN Type A Cell,38,19,37,52,57,89,-32,5,146
1061,1061,PN Type A Cell,47,14,37,54,61,91,-30,7,152
1062,1062,PN Type A Cell,43,22,27,58,65,85,-20,7,150
1063,1063,PN Type A Cell,57,10,37,47,67,84,-17,20,151
1064,1064,PN Type A Cell,46,18,38,57,64,95,-31,7,159
1065,1065,PN Type A Cell,56,16,42,47,72,89,-17,25,161
1066,1066,PN Type A Cell,37,19,34,48,56,82,-26,8,138
1067,1067,PN Type A Cell,43,21,41,57,64,98,-34,7,162
1068,1068,PN Type A Cell,45,16,44,54,61,98,-37,7,159
1069,1069,PN Type A Cell,31,20,44,56,51,100,-49,-5,151
1070,1070,PN Type A Cell,35,20,46,66,55,112,-57,-11,167
1071,1071,PN Type A Cell,54,16,37,47,70,84,-14,23,154
1072,1072,PN Type A Cell,51,12,48,51,63,99,-36,12,162
1073,1073,PN Type A Cell,37,21,43,50,58,93,-35,8,151
1074,1074,PN Type A Cell,44,15,36,47,59,83,-24,12,142
1075,1075,PN Type A Cell,53,17,39,56,70,95,-25,14,165
1076,1076,PN Type A Cell,36,24,38,50,60,88,-28,10,148
1077,1077,PN Type A Cell,46,18,44,50,64,94,-30,14,158
1078,1078,PN Type A Cell,48,19,32,41,67,73,-6,26,140
1079,1079,PN Type A Cell,30,15,25,51,45,76,-31,-6,121
1080,1080,PN Type A Cell,41,13,42,48,54,90,-36,6,144
1081,1081,PN Type A Cell,61,18,34,56,79,90,-11,23,169
1082,1082,PN Type A Cell,47,20,31,42,67,73,-6,25,140
1083,1083,PN Type A Cell,42,16,37,49,58,86,-28,9,144
1084,1084,PN Type A Cell,41,19,51,60,60,111,-51,0,171
1085,1085,PN Type A Cell,52,16,41,51,68,92,-24,17,160
1086,1086,PN Type A Cell,27,16,50,38,43,88,-45,5,131
1087,1087,PN Type A Cell,41,13,39,43,54,82,-28,11,136
1088,1088,PN Type A Cell,43,21,31,41,64,72,-8,23,136
1089,1089,PN Type A Cell,52,16,39,47,68,86,-18,21,154
1090,1090,PN Type A Cell,47,23,39,54,70,93,-23,16,163
1091,1091,PN Type A Cell,43,18,32,54,61,86,-25,7,147
1092,1092,PN Type A Cell,50,21,49,58,71,107,-36,13,178
1093,1093,PN Type A Cell,53,23,35,43,76,78,-2,33,154
1094,1094,PN Type A Cell,44,17,40,54,61,94,-33,7,155
1095,1095,PN Type A Cell,41,22,31,60,63,91,-28,3,154
1096,1096,PN Type A Cell,45,16,37,45,61,82,-21,16,143
1097,1097,PN Type A Cell,40,15,44,54,55,98,-43,1,153
1098,1098,PN Type A Cell,39,19,28,48,58,76,-18,10,134
1099,1099,PN Type A Cell,41,16,31,46,57,77,-20,11,134
1100,1100,PN Type A Cell,48,17,38,45,65,83,-18,20,148
1101,1101,PN Type A Cell,47,14,36,56,61,92,-31,5,153
1102,1102,PN Type A Cell,48,19,38,48,67,86,-19,19,153
1103,1103,PN Type A Cell,32,21,44,46,53,90,-37,7,143
1104,1104,PN Type A Cell,51,22,29,56,73,85,-12,17,158
1105,1105,PN Type A Cell,38,29,45,57,67,102,-35,10,169
1106,1106,PN Type A Cell,43,14,40,48,57,88,-31,9,145
1107,1107,PN Type A Cell,44,21,34,52,65,86,-21,13,151
1108,1108,PN Type A Cell,47,22,36,45,69,81,-12,24,150
1109,1109,PN Type A Cell,45,15,40,44,60,84,-24,16,144
1110,1110,PN Type A Cell,49,21,38,50,70,88,-18,20,158
1111,1111,PN Type A Cell,46,15,44,56,61,100,-39,5,161
1112,1112,PN Type A Cell,51,14,40,57,65,97,-32,8,162
1113,1113,PN Type A Cell,39,17,39,44,56,83,-27,12,139
1114,1114,PN Type A Cell,37,20,43,38,57,81,-24,19,138
1115,1115,PN Type A Cell,41,25,35,50,66,85,-19,16,151
1116,1116,PN Type A Cell,45,21,31,47,66,78,-12,19,144
1117,1117,PN Type A Cell,51,21,36,56,72,92,-20,16,164
1118,1118,PN Type A Cell,43,19,34,52,62,86,-24,10,148
1119,1119,PN Type A Cell,58,17,33,55,75,88,-13,20,163
1120,1120,PN Type A Cell,28,15,47,54,43,101,-58,-11,144
1121,1121,PN Type A Cell,57,25,44,55,82,99,-17,27,181
1122,1122,PN Type A Cell,52,27,42,67,79,109,-30,12,188
1123,1123,PN Type A Cell,47,15,37,59,62,96,-34,3,158
1124,1124,PN Type A Cell,39,14,50,41,53,91,-38,12,144
1125,1125,PN Type A Cell,53,14,48,62,67,110,-43,5,177
1126,1126,PN Type A Cell,43,15,42,41,58,83,-25,17,141
1127,1127,PN Type A Cell,44,21,43,64,65,107,-42,1,172
1128,1128,PN Type A Cell,49,23,44,60,72,104,-32,12,176
1129,1129,PN Type A Cell,49,20,47,53,69,100,-31,16,169
1130,1130,PN Type A Cell,48,22,40,52,70,92,-22,18,162
1131,1131,PN Type A Cell,45,22,41,54,67,95,-28,13,162
1132,1132,PN Type A Cell,43,19,49,52,62,101,-39,10,163
1133,1133,PN Type A Cell,44,24,44,58,68,102,-34,10,170
1134,1134,PN Type A Cell,45,19,37,52,64,89,-25,12,153
1135,1135,PN Type A Cell,48,19,37,58,67,95,-28,9,162
1136,1136,PN Type A Cell,53,17,33,50,70,83,-13,20,153
1137,1137,PN Type A Cell,38,15,38,60,53,98,-45,-7,151
1138,1138,PN Type A Cell,47,18,41,52,65,93,-28,13,158
1139,1139,PN Type A Cell,51,21,40,55,72,95,-23,17,167
1140,1140,PN Type A Cell,33,17,36,56,50,92,-42,-6,142
1141,1141,PN Type A Cell,59,16,34,51,75,85,-10,24,160
1142,1142,PN Type A Cell,41,18,35,48,59,83,-24,11,142
1143,1143,PN Type A Cell,37,18,35,55,55,90,-35,0,145
1144,1144,PN Type A Cell,42,16,36,52,58,88,-30,6,146
1145,1145,PN Type A Cell,52,13,36,55,65,91,-26,10,156
1146,1146,PN Type A Cell,42,15,35,66,57,101,-44,-9,158
1147,1147,PN Type A Cell,48,20,43,49,68,92,-24,19,160
1148,1148,PN Type A Cell,37,23,37,52,60,89,-29,8,149
1149,1149,PN Type A Cell,43,24,44,45,67,89,-22,22,156
1150,1150,PN Type A Cell,50,23,40,47,73,87,-14,26,160
1151,1151,PN Type A Cell,43,19,49,53,62,102,-40,9,164
1152,1152,PN Type A Cell,40,17,37,56,57,93,-36,1,150
1153,1153,PN Type A Cell,33,18,36,53,51,89,-38,-2,140
1154,1154,PN Type A Cell,45,20,41,43,65,84,-19,22,149
1155,1155,PN Type A Cell,43,19,37,50,62,87,-25,12,149
1156,1156,PN Type A Cell,42,21,43,48,63,91,-28,15,154
1157,1157,PN Type A Cell,38,15,33,57,53,90,-37,-4,143
1158,1158,PN Type A Cell,40,19,43,53,59,96,-37,6,155
1159,1159,PN Type A Cell,55,15,28,61,70,89,-19,9,159
1160,1160,PN Type A Cell,48,29,40,42,77,82,-5,35,159
1161,1161,PN Type A Cell,45,17,37,54,62,91,-29,8,153
1162,1162,PN Type A Cell,42,22,31,57,64,88,-24,7,152
1163,1163,PN Type A Cell,54,15,30,55,69,85,-16,14,154
1164,1164,PN Type A Cell,50,9,39,61,59,100,-41,-2,159
1165,1165,PN Type A Cell,51,5,41,58,56,99,-43,-2,155
1166,1166,PN Type A Cell,41,21,42,50,62,92,-30,12,154
1167,1167,PN Type A Cell,47,19,44,58,66,102,-36,8,168
1168,1168,PN Type A Cell,54,16,44,54,70,98,-28,16,168
1169,1169,PN Type A Cell,39,20,37,50,59,87,-28,9,146
1170,1170,PN Type A Cell,49,12,38,39,61,77,-16,22,138
1171,1171,PN Type A Cell,46,12,33,54,58,87,-29,4,145
1172,1172,PN Type A Cell,46,20,44,51,66,95,-29,15,161
1173,1173,PN Type A Cell,36,18,37,57,54,94,-40,-3,148
1174,1174,PN Type A Cell,45,16,34,42,61,76,-15,19,137
1175,1175,PN Type A Cell,55,11,40,49,66,89,-23,17,155
1176,1176,PN Type A Cell,51,12,29,57,63,86,-23,6,149
1177,1177,PN Type A Cell,41,15,35,52,56,87,-31,4,143
1178,1178,PN Type A Cell,36,9,39,41,45,80,-35,4,125
1179,1179,PN Type A Cell,33,13,42,45,46,87,-41,1,133
1180,1180,PN Type A Cell,50,23,38,48,73,86,-13,25,159
1181,1181,PN Type A Cell,36,17,42,55,53,97,-44,-2,150
1182,1182,PN Type A Cell,52,14,33,53,66,86,-20,13,152
1183,1183,PN Type A Cell,45,15,25,46,60,71,-11,14,131
1184,1184,PN Type A Cell,57,18,41,53,75,94,-19,22,169
1185,1185,PN Type A Cell,40,13,41,52,53,93,-40,1,146
1186,1186,PN Type A Cell,35,25,42,51,60,93,-33,9,153
1187,1187,PN Type A Cell,50,13,47,49,63,96,-33,14,159
1188,1188,PN Type A Cell,54,15,37,53,69,90,-21,16,159
1189,1189,PN Type A Cell,50,21,40,60,71,100,-29,11,171
1190,1190,PN Type A Cell,51,18,35,36,69,71,-2,33,140
1191,1191,PN Type A Cell,47,26,27,65,73,92,-19,8,165
1192,1192,PN Type A Cell,31,21,42,55,52,97,-45,-3,149
1193,1193,PN Type A Cell,56,22,27,51,78,78,0,27,156
1194,1194,PN Type A Cell,41,16,33,50,57,83,-26,7,140
1195,1195,PN Type A Cell,60,15,37,44,75,81,-6,31,156
1196,1196,PN Type A Cell,63,21,39,45,84,84,0,39,168
1197,1197,PN Type A Cell,44,25,42,51,69,93,-24,18,162
1198,1198,PN Type A Cell,42,15,49,43,57,92,-35,14,149
1199,1199,PN Type A Cell,55,16,41,48,71,89,-18,23,160
1200,1200,PN Type A Cell,49,13,47,49,62,96,-34,13,158
1201,1201,PN Type A Cell,58,16,39,54,74,93,-19,20,167
1202,1202,PN Type A Cell,34,23,44,54,57,98,-41,3,155
1203,1203,PN Type A Cell,51,19,24,51,70,75,-5,19,145
1204,1204,PN Type A Cell,49,15,43,42,64,85,-21,22,149
1205,1205,PN Type A Cell,50,15,44,49,65,93,-28,16,158
1206,1206,PN Type A Cell,51,24,36,38,75,74,1,37,149
1207,1207,PN Type A Cell,41,13,37,63,54,100,-46,-9,154
1208,1208,PN Type A Cell,49,17,45,58,66,103,-37,8,169
1209,1209,PN Type A Cell,46,18,42,56,64,98,-34,8,162
1210,1210,PN Type A Cell,59,14,33,66,73,99,-26,7,172
1211,1211,PN Type A Cell,54,21,50,62,75,112,-37,13,187
1212,1212,PN Type A Cell,47,20,37,53,67,90,-23,14,157
1213,1213,PN Type A Cell,45,22,31,42,67,73,-6,25,140
1214,1214,PN Type A Cell,62,17,47,49,79,96,-17,30,175
1215,1215,PN Type A Cell,41,13,41,42,54,83,-29,12,137
1216,1216,PN Type A Cell,44,17,37,49,61,86,-25,12,147
1217,1217,PN Type A Cell,54,21,34,40,75,74,1,35,149
1218,1218,PN Type A Cell,48,22,42,42,70,84,-14,28,154
1219,1219,PN Type A Cell,50,20,34,43,70,77,-7,27,147
1220,1220,PN Type A Cell,49,21,41,50,70,91,-21,20,161
1221,1221,PN Type A Cell,53,20,40,60,73,100,-27,13,173
1222,1222,PN Type A Cell,44,18,31,52,62,83,-21,10,145
1223,1223,PN Type A Cell,42,12,34,60,54,94,-40,-6,148
1224,1224,PN Type A Cell,36,20,45,52,56,97,-41,4,153
1225,1225,PN Type A Cell,37,17,37,43,54,80,-26,11,134
1226,1226,PN Type A Cell,32,20,38,62,52,100,-48,-10,152
1227,1227,PN Type A Cell,53,18,27,56,71,83,-12,15,154
1228,1228,PN Type A Cell,40,19,34,50,59,84,-25,9,143
1229,1229,PN Type A Cell,37,19,35,49,56,84,-28,7,140
1230,1230,PN Type A Cell,40,16,32,51,56,83,-27,5,139
1231,1231,PN Type A Cell,46,15,40,59,61,99,-38,2,160
1232,1232,PN Type A Cell,46,23,38,53,69,91,-22,16,160
1233,1233,PN Type A Cell,44,13,28,52,57,80,-23,5,137
1234,1234,PN Type A Cell,37,14,41,62,51,103,-52,-11,154
1235,1235,PN Type A Cell,53,15,43,44,68,87,-19,24,155
1236,1236,PN Type A Cell,49,15,36,45,64,81,-17,19,145
1237,1237,PN Type A Cell,39,21,42,47,60,89,-29,13,149
1238,1238,PN Type A Cell,35,11,27,54,46,81,-35,-8,127
1239,1239,PN Type A Cell,48,17,37,50,65,87,-22,15,152
1240,1240,PN Type A Cell,38,19,34,44,57,78,-21,13,135
1241,1241,PN Type A Cell,36,20,41,46,56,87,-31,10,143
1242,1242,PN Type A Cell,43,22,37,47,65,84,-19,18,149
1243,1243,PN Type A Cell,40,22,44,53,62,97,-35,9,159
1244,1244,PN Type A Cell,39,17,36,43,56,79,-23,13,135
1245,1245,PN Type A Cell,51,17,38,53,68,91,-23,15,159
1246,1246,PN Type A Cell,49,14,47,43,63,90,-27,20,153
1247,1247,PN Type A Cell,56,15,47,63,71,110,-39,8,181
1248,1248,PN Type A Cell,41,14,35,43,55,78,-23,12,133
1249,1249,PN Type A Cell,40,15,29,47,55,76,-21,8,131
1250,1250,PN Type A Cell,44,18,44,49,62,93,-31,13,155
1251,1251,PN Type A Cell,47,20,31,49,67,80,-13,18,147
1252,1252,PN Type A Cell,49,14,34,62,63,96,-33,1,159
1253,1253,PN Type A Cell,47,11,38,55,58,93,-35,3,151
1254,1254,PN Type A Cell,42,19,34,56,61,90,-29,5,151
1255,1255,PN Type A Cell,40,16,41,56,56,97,-41,0,153
1256,1256,PN Type A Cell,44,20,32,45,64,77,-13,19,141
1257,1257,PN Type A Cell,55,15,28,57,70,85,-15,13,155
1258,1258,PN Type A Cell,42,18,37,53,60,90,-30,7,150
1259,1259,PN Type A Cell,49,16,43,56,65,99,-34,9,164
1260,1260,PN Type A Cell,40,25,40,53,65,93,-28,12,158
1261,1261,PN Type A Cell,32,26,56,41,58,97,-39,17,155
1262,1262,PN Type A Cell,38,22,34,53,60,87,-27,7,147
1263,1263,PN Type A Cell,33,26,32,50,59,82,-23,9,141
1264,1264,PN Type A Cell,53,19,38,45,72,83,-11,27,155
1265,1265,PN Type A Cell,47,25,36,46,72,82,-10,26,154
1266,1266,PN Type A Cell,46,17,38,54,63,92,-29,9,155
1267,1267,PN Type A Cell,51,20,38,51,71,89,-18,20,160
1268,1268,PN Type A Cell,43,17,46,45,60,91,-31,15,151
1269,1269,PN Type A Cell,49,25,41,52,74,93,-19,22,167
1270,1270,PN Type A Cell,45,21,41,49,66,90,-24,17,156
1271,1271,PN Type A Cell,44,9,48,57,53,105,-52,-4,158
1272,1272,PN Type A Cell,46,19,39,52,65,91,-26,13,156
1273,1273,PN Type A Cell,41,22,51,45,63,96,-33,18,159
1274,1274,PN Type A Cell,52,18,45,49,70,94,-24,21,164
1275,1275,PN Type A Cell,54,14,43,49,68,92,-24,19,160
1276,1276,PN Type A Cell,49,16,43,49,65,92,-27,16,157
1277,1277,PN Type A Cell,44,15,30,60,59,90,-31,-1,149
1278,1278,PN Type A Cell,46,30,36,47,76,83,-7,29,159
1279,1279,PN Type A Cell,42,10,34,45,52,79,-27,7,131
1280,1280,PN Type A Cell,36,19,39,53,55,92,-37,2,147
1281,1281,PN Type A Cell,48,15,31,50,63,81,-18,13,144
1282,1282,PN Type A Cell,44,27,42,45,71,87,-16,26,158
1283,1283,PN Type A Cell,55,19,22,59,74,81,-7,15,155
1284,1284,PN Type A Cell,43,19,39,49,62,88,-26,13,150
1285,1285,PN Type A Cell,44,24,42,64,68,106,-38,4,174
1286,1286,PN Type A Cell,47,15,33,57,62,90,-28,5,152
1287,1287,PN Type A Cell,38,15,35,45,53,80,-27,8,133
1288,1288,PN Type A Cell,42,24,44,52,66,96,-30,14,162
1289,1289,PN Type A Cell,43,30,43,54,73,97,-24,19,170
1290,1290,PN Type A Cell,35,17,28,49,52,77,-25,3,129
1291,1291,PN Type A Cell,44,20,37,50,64,87,-23,14,151
1292,1292,PN Type A Cell,57,16,49,45,73,94,-21,28,167
1293,1293,PN Type A Cell,47,20,37,54,67,91,-24,13,158
1294,1294,PN Type A Cell,38,18,48,53,56,101,-45,3,157
1295,1295,PN Type A Cell,39,14,34,50,53,84,-31,3,137
1296,1296,PN Type A Cell,46,15,29,52,61,81,-20,9,142
1297,1297,PN Type A Cell,36,23,42,56,59,98,-39,3,157
1298,1298,PN Type A Cell,53,28,39,52,81,91,-10,29,172
1299,1299,PN Type A Cell,40,21,28,56,61,84,-23,5,145
1300,1300,PN Type A Cell,44,23,46,64,67,110,-43,3,177
1301,1301,PN Type A Cell,49,17,30,34,66,64,2,32,130
1302,1302,PN Type A Cell,37,16,27,51,53,78,-25,2,131
1303,1303,PN Type A Cell,42,13,42,49,55,91,-36,6,146
1304,1304,PN Type A Cell,53,25,42,53,78,95,-17,25,173
1305,1305,PN Type A Cell,46,23,42,57,69,99,-30,12,168
1306,1306,PN Type A Cell,39,10,41,55,49,96,-47,-6,145
1307,1307,PN Type A Cell,47,16,42,47,63,89,-26,16,152
1308,1308,PN Type A Cell,48,23,37,62,71,99,-28,9,170
1309,1309,PN Type A Cell,47,23,43,40,70,83,-13,30,153
1310,1310,PN Type A Cell,38,14,38,45,52,83,-31,7,135
1311,1311,PN Type A Cell,43,20,39,56,63,95,-32,7,158
1312,1312,PN Type A Cell,41,21,45,46,62,91,-29,16,153
1313,1313,PN Type A Cell,55,24,34,58,79,92,-13,21,171
1314,1314,PN Type A Cell,41,25,38,38,66,76,-10,28,142
1315,1315,PN Type A Cell,52,21,35,38,73,73,0,35,146
1316,1316,PN Type A Cell,42,27,40,52,69,92,-23,17,161
1317,1317,PN Type A Cell,46,19,31,59,65,90,-25,6,155
1318,1318,PN Type A Cell,47,17,37,52,64,89,-25,12,153
1319,1319,PN Type A Cell,40,22,42,55,62,97,-35,7,159
1320,1320,PN Type A Cell,61,16,33,56,77,89,-12,21,166
1321,1321,PN Type A Cell,37,20,33,45,57,78,-21,12,135
1322,1322,PN Type A Cell,53,19,34,60,72,94,-22,12,166
1323,1323,PN Type A Cell,48,11,33,43,59,76,-17,16,135
1324,1324,PN Type A Cell,52,20,42,39,72,81,-9,33,153
1325,1325,PN Type A Cell,40,28,48,53,68,101,-33,15,169
1326,1326,PN Type A Cell,44,22,38,56,66,94,-28,10,160
1327,1327,PN Type A Cell,36,15,35,56,51,91,-40,-5,142
1328,1328,PN Type A Cell,34,16,35,45,50,80,-30,5,130
1329,1329,PN Type A Cell,50,17,39,47,67,86,-19,20,153
1330,1330,PN Type A Cell,46,21,34,57,67,91,-24,10,158
1331,1331,PN Type A Cell,47,13,41,56,60,97,-37,4,157
1332,1332,PN Type A Cell,40,22,33,40,62,73,-11,22,135
1333,1333,PN Type A Cell,52,16,38,70,68,108,-40,-2,176
1334,1334,PN Type A Cell,38,26,44,55,64,99,-35,9,163
1335,1335,PN Type A Cell,42,12,38,55,54,93,-39,-1,147
1336,1336,PN Type A Cell,49,15,36,52,64,88,-24,12,152
1337,1337,PN Type A Cell,41,16,48,56,57,104,-47,1,161
1338,1338,PN Type A Cell,44,21,28,47,65,75,-10,18,140
1339,1339,PN Type A Cell,40,17,48,53,57,101,-44,4,158
1340,1340,PN Type A Cell,59,23,46,47,82,93,-11,35,175
1341,1341,PN Type A Cell,46,20,37,39,66,76,-10,27,142
1342,1342,PN Type A Cell,38,23,48,49,61,97,-36,12,158
1343,1343,PN Type A Cell,37,17,40,64,54,104,-50,-10,158
1344,1344,PN Type A Cell,57,15,54,55,72,109,-37,17,181
1345,1345,PN Type A Cell,39,12,28,57,51,85,-34,-6,136
1346,1346,PN Type A Cell,53,19,44,57,72,101,-29,15,173
1347,1347,PN Type A Cell,60,17,28,66,77,94,-17,11,171
1348,1348,PN Type A Cell,41,16,45,58,57,103,-46,-1,160
1349,1349,PN Type A Cell,49,21,46,55,70,101,-31,15,171
1350,1350,PN Type A Cell,41,12,32,55,53,87,-34,-2,140
1351,1351,PN Type A Cell,34,18,38,51,52,89,-37,1,141
1352,1352,PN Type A Cell,52,19,50,56,71,106,-35,15,177
1353,1353,PN Type A Cell,42,24,36,52,66,88,-22,14,154
1354,1354,PN Type A Cell,31,17,38,59,48,97,-49,-11,145
1355,1355,PN Type A Cell,44,10,48,68,54,116,-62,-14,170
1356,1356,PN Type A Cell,31,17,39,47,48,86,-38,1,134
1357,1357,PN Type A Cell,41,15,38,52,56,90,-34,4,146
1358,1358,PN Type A Cell,52,16,45,44,68,89,-21,24,157
1359,1359,PN Type A Cell,42,13,38,58,55,96,-41,-3,151
1360,1360,PN Type A Cell,39,17,41,46,56,87,-31,10,143
1361,1361,PN Type A Cell,50,25,36,47,75,83,-8,28,158
1362,1362,PN Type A Cell,33,25,39,47,58,86,-28,11,144
1363,1363,PN Type A Cell,44,20,45,47,64,92,-28,17,156
1364,1364,PN Type A Cell,49,15,40,57,64,97,-33,7,161
1365,1365,PN Type A Cell,50,16,34,49,66,83,-17,17,149
1366,1366,PN Type A Cell,48,26,40,45,74,85,-11,29,159
1367,1367,PN Type A Cell,41,13,39,55,54,94,-40,-1,148
1368,1368,PN Type A Cell,40,17,30,62,57,92,-35,-5,149
1369,1369,PN Type A Cell,47,14,51,56,61,107,-46,5,168
1370,1370,PN Type A Cell,37,21,34,49,58,83,-25,9,141
1371,1371,PN Type A Cell,46,17,44,44,63,88,-25,19,151
1372,1372,PN Type A Cell,36,14,50,50,50,100,-50,0,150
1373,1373,PN Type A Cell,42,21,38,49,63,87,-24,14,150
1374,1374,PN Type A Cell,50,24,35,56,74,91,-17,18,165
1375,1375,PN Type A Cell,46,19,31,44,65,75,-10,21,140
1376,1376,PN Type A Cell,49,20,36,55,69,91,-22,14,160
1377,1377,PN Type A Cell,35,28,50,48,63,98,-35,15,161
1378,1378,PN Type A Cell,45,15,35,46,60,81,-21,14,141
1379,1379,PN Type A Cell,50,16,47,61,66,108,-42,5,174
1380,1380,PN Type A Cell,48,13,26,64,61,90,-29,-3,151
1381,1381,PN Type A Cell,36,22,36,52,58,88,-30,6,146
1382,1382,PN Type A Cell,46,27,36,57,73,93,-20,16,166
1383,1383,PN Type A Cell,54,14,48,59,68,107,-39,9,175
1384,1384,PN Type A Cell,43,17,41,56,60,97,-37,4,157
1385,1385,PN Type A Cell,57,27,41,56,84,97,-13,28,181
1386,1386,PN Type A Cell,53,19,40,47,72,87,-15,25,159
1387,1387,PN Type A Cell,37,12,38,52,49,90,-41,-3,139
1388,1388,PN Type A Cell,34,17,49,43,51,92,-41,8,143
1389,1389,PN Type A Cell,36,20,31,64,56,95,-39,-8,151
1390,1390,PN Type A Cell,50,12,40,57,62,97,-35,5,159
1391,1391,PN Type A Cell,42,23,38,49,65,87,-22,16,152
1392,1392,PN Type A Cell,47,26,40,56,73,96,-23,17,169
1393,1393,PN Type A Cell,44,20,44,61,64,105,-41,3,169
1394,1394,PN Type A Cell,48,23,27,50,71,77,-6,21,148
1395,1395,PN Type A Cell,49,17,33,64,66,97,-31,2,163
1396,1396,PN Type A Cell,31,20,35,58,51,93,-42,-7,144
1397,1397,PN Type A Cell,48,16,43,45,64,88,-24,19,152
1398,1398,PN Type A Cell,42,20,39,70,62,109,-47,-8,171
1399,1399,PN Type A Cell,41,17,38,42,58,80,-22,16,138
1400,1400,PN Type A Cell,44,17,38,46,61,84,-23,15,145
1401,1401,PN Type A Cell,44,16,49,65,60,114,-54,-5,174
1402,1402,PN Type A Cell,51,15,36,48,66,84,-18,18,150
1403,1403,PN Type A Cell,54,17,53,53,71,106,-35,18,177
1404,1404,PN Type A Cell,44,22,35,57,66,92,-26,9,158
1405,1405,PN Type A Cell,42,12,45,41,54,86,-32,13,140
1406,1406,PN Type A Cell,54,13,33,43,67,76,-9,24,143
1407,1407,PN Type A Cell,46,18,31,60,64,91,-27,4,155
1408,1408,PN Type A Cell,33,20,40,45,53,85,-32,8,138
1409,1409,PN Type A Cell,34,16,32,51,50,83,-33,-1,133
1410,1410,PN Type A Cell,29,16,42,47,45,89,-44,-2,134
1411,1411,PN Type A Cell,39,10,40,61,49,101,-52,-12,150
1412,1412,PN Type A Cell,38,19,38,60,57,98,-41,-3,155
1413,1413,PN Type A Cell,31,15,29,38,46,67,-21,8,113
1414,1414,PN Type A Cell,58,17,40,53,75,93,-18,22,168
1415,1415,PN Type A Cell,51,13,30,41,64,71,-7,23,135
1416,1416,PN Type A Cell,41,24,37,59,65,96,-31,6,161
1417,1417,PN Type A Cell,42,19,41,44,61,85,-24,17,146
1418,1418,PN Type A Cell,39,20,32,53,59,85,-26,6,144
1419,1419,PN Type A Cell,42,19,49,60,61,109,-48,1,170
1420,1420,PN Type A Cell,46,26,32,61,72,93,-21,11,165
1421,1421,PN Type A Cell,45,16,32,45,61,77,-16,16,138
1422,1422,PN Type A Cell,51,16,27,49,67,76,-9,18,143
1423,1423,PN Type A Cell,35,16,40,53,51,93,-42,-2,144
1424,1424,PN Type A Cell,50,19,43,45,69,88,-19,24,157
1425,1425,PN Type A Cell,42,13,43,44,55,87,-32,11,142
1426,1426,PN Type A Cell,43,17,44,46,60,90,-30,14,150
1427,1427,PN Type A Cell,53,15,36,46,68,82,-14,22,150
1428,1428,PN Type A Cell,36,17,34,52,53,86,-33,1,139
1429,1429,PN Type A Cell,43,23,33,60,66,93,-27,6,159
1430,1430,PN Type A Cell,37,16,38,53,53,91,-38,0,144
1431,1431,PN Type A Cell,43,24,34,51,67,85,-18,16,152
1432,1432,PN Type A Cell,57,20,32,51,77,83,-6,26,160
1433,1433,PN Type A Cell,44,18,29,49,62,78,-16,13,140
1434,1434,PN Type A Cell,32,15,46,45,47,91,-44,2,138
1435,1435,PN Type A Cell,48,19,48,56,67,104,-37,11,171
1436,1436,PN Type A Cell,39,20,38,73,59,111,-52,-14,170
1437,1437,PN Type A Cell,34,15,37,51,49,88,-39,-2,137
1438,1438,PN Type A Cell,45,23,31,43,68,74,-6,25,142
1439,1439,PN Type A Cell,47,18,28,61,65,89,-24,4,154
1440,1440,PN Type A Cell,42,12,32,53,54,85,-31,1,139
1441,1441,PN Type A Cell,45,16,39,44,61,83,-22,17,144
1442,1442,PN Type A Cell,48,13,38,58,61,96,-35,3,157
1443,1443,PN Type A Cell,39,23,44,49,62,93,-31,13,155
1444,1444,PN Type A Cell,44,23,30,58,67,88,-21,9,155
1445,1445,PN Type A Cell,38,17,44,47,55,91,-36,8,146
1446,1446,PN Type A Cell,52,15,45,54,67,99,-32,13,166
1447,1447,PN Type A Cell,30,19,38,50,49,88,-39,-1,137
1448,1448,PN Type A Cell,56,21,37,51,77,88,-11,26,165
1449,1449,PN Type A Cell,51,10,34,40,61,74,-13,21,135
1450,1450,PN Type A Cell,49,20,40,38,69,78,-9,31,147
1451,1451,PN Type A Cell,28,19,38,56,47,94,-47,-9,141
1452,1452,PN Type A Cell,41,18,32,49,59,81,-22,10,140
1453,1453,PN Type A Cell,50,25,41,63,75,104,-29,12,179
1454,1454,PN Type A Cell,28,19,40,55,47,95,-48,-8,142
1455,1455,PN Type A Cell,36,21,33,62,57,95,-38,-5,152
1456,1456,PN Type A Cell,36,17,30,52,53,82,-29,1,135
1457,1457,PN Type A Cell,54,23,42,64,77,106,-29,13,183
1458,1458,PN Type A Cell,59,16,44,55,75,99,-24,20,174
1459,1459,PN Type A Cell,50,16,34,45,66,79,-13,21,145
1460,1460,PN Type A Cell,43,17,45,41,60,86,-26,19,146
1461,1461,PN Type A Cell,45,24,29,69,69,98,-29,0,167
1462,1462,PN Type A Cell,44,15,35,36,59,71,-12,23,130
1463,1463,PN Type A Cell,41,16,38,53,57,91,-34,4,148
1464,1464,PN Type A Cell,46,14,39,55,60,94,-34,5,154
1465,1465,PN Type A Cell,35,18,35,54,53,89,-36,-1,142
1466,1466,PN Type A Cell,48,18,40,40,66,80,-14,26,146
1467,1467,PN Type A Cell,33,17,37,67,50,104,-54,-17,154
1468,1468,PN Type A Cell,56,19,31,54,75,85,-10,21,160
1469,1469,PN Type A Cell,52,19,29,63,71,92,-21,8,163
1470,1470,PN Type A Cell,50,17,38,54,67,92,-25,13,159
1471,1471,PN Type A Cell,38,20,37,46,58,83,-25,12,141
1472,1472,PN Type A Cell,46,19,40,51,65,91,-26,14,156
1473,1473,PN Type A Cell,46,24,38,42,70,80,-10,28,150
1474,1474,PN Type A Cell,51,23,35,44,74,79,-5,30,153
1475,1475,PN Type A Cell,42,22,37,50,64,87,-23,14,151
1476,1476,PN Type A Cell,33,16,32,60,49,92,-43,-11,141
1477,1477,PN Type A Cell,58,13,41,50,71,91,-20,21,162
1478,1478,PN Type A Cell,45,15,40,52,60,92,-32,8,152
1479,1479,PN Type A Cell,41,22,32,52,63,84,-21,11,147
1480,1480,PN Type A Cell,53,19,38,51,72,89,-17,21,161
1481,1481,PN Type A Cell,33,12,39,56,45,95,-50,-11,140
1482,1482,PN Type A Cell,37,30,36,47,67,83,-16,20,150
1483,1483,PN Type A Cell,49,20,31,47,69,78,-9,22,147
1484,1484,PN Type A Cell,43,16,41,45,59,86,-27,14,145
1485,1485,PN Type A Cell,51,18,43,48,69,91,-22,21,160
1486,1486,PN Type A Cell,36,18,35,57,54,92,-38,-3,146
1487,1487,PN Type A Cell,35,10,45,40,45,85,-40,5,130
1488,1488,PN Type A Cell,40,20,36,52,60,88,-28,8,148
1489,1489,PN Type A Cell,49,24,35,55,73,90,-17,18,163
1490,1490,PN Type A Cell,47,17,45,64,64,109,-45,0,173
1491,1491,PN Type A Cell,44,23,34,48,67,82,-15,19,149
1492,1492,PN Type A Cell,53,16,36,43,69,79,-10,26,148
1493,1493,PN Type A Cell,49,19,40,56,68,96,-28,12,164
1494,1494,PN Type A Cell,49,22,29,49,71,78,-7,22,149
1495,1495,PN Type A Cell,43,18,29,56,61,85,-24,5,146
1496,1496,PN Type A Cell,41,17,34,58,58,92,-34,0,150
1497,1497,PN Type A Cell,37,21,34,39,58,73,-15,19,131
1498,1498,PN Type A Cell,44,25,40,49,69,89,-20,20,158
1499,1499,PN Type A Cell,60,24,38,49,84,87,-3,35,171
1500,1500,PN Type A Cell,42,16,43,63,58,106,-48,-5,164
1501,1501,PN Type A Cell,54,25,37,41,79,78,1,38,157
1502,1502,PN Type A Cell,42,9,42,46,51,88,-37,5,139
1503,1503,PN Type A Cell,41,14,48,41,55,89,-34,14,144
1504,1504,PN Type A Cell,35,22,36,69,57,105,-48,-12,162
1505,1505,PN Type A Cell,44,26,46,50,70,96,-26,20,166
1506,1506,PN Type A Cell,44,17,36,57,61,93,-32,4,154
1507,1507,PN Type A Cell,44,22,32,48,66,80,-14,18,146
1508,1508,PN Type A Cell,35,23,37,48,58,85,-27,10,143
1509,1509,PN Type A Cell,43,17,38,52,60,90,-30,8,150
1510,1510,PN Type A Cell,49,27,40,53,76,93,-17,23,169
1511,1511,PN Type A Cell,50,13,37,47,63,84,-21,16,147
1512,1512,PN Type A Cell,45,12,33,44,57,77,-20,13,134
1513,1513,PN Type A Cell,43,13,44,50,56,94,-38,6,150
1514,1514,PN Type A Cell,44,20,41,39,64,80,-16,25,144
1515,1515,PN Type A Cell,39,17,54,53,56,107,-51,3,163
1516,1516,PN Type A Cell,36,17,28,53,53,81,-28,0,134
1517,1517,PN Type A Cell,53,24,36,53,77,89,-12,24,166
1518,1518,PN Type A Cell,43,29,40,53,72,93,-21,19,165
1519,1519,PN Type A Cell,45,20,41,48,65,89,-24,17,154
1520,1520,PN Type A Cell,39,19,36,59,58,95,-37,-1,153
1521,1521,PN Type A Cell,43,22,34,42,65,76,-11,23,141
1522,1522,PN Type A Cell,43,20,39,55,63,94,-31,8,157
1523,1523,PN Type A Cell,46,23,33,57,69,90,-21,12,159
1524,1524,PN Type A Cell,49,18,34,55,67,89,-22,12,156
1525,1525,PN Type A Cell,53,21,41,62,74,103,-29,12,177
1526,1526,PN Type A Cell,39,22,36,42,61,78,-17,19,139
1527,1527,PN Type A Cell,46,25,34,44,71,78,-7,27,149
1528,1528,PN Type A Cell,41,23,29,49,64,78,-14,15,142
1529,1529,PN Type A Cell,65,16,36,49,81,85,-4,32,166
1530,1530,PN Type A Cell,42,18,32,51,60,83,-23,9,143
1531,1531,PN Type A Cell,45,17,42,56,62,98,-36,6,160
1532,1532,PN Type A Cell,46,12,48,58,58,106,-48,0,164
1533,1533,PN Type A Cell,49,20,38,60,69,98,-29,9,167
1534,1534,PN Type A Cell,49,16,49,58,65,107,-42,7,172
1535,1535,PN Type A Cell,50,22,33,54,72,87,-15,18,159
1536,1536,PN Type A Cell,47,21,37,51,68,88,-20,17,156
1537,1537,PN Type A Cell,49,17,37,39,66,76,-10,27,142
1538,1538,PN Type A Cell,46,15,35,51,61,86,-25,10,147
1539,1539,PN Type A Cell,45,16,31,54,61,85,-24,7,146
1540,1540,PN Type A Cell,52,17,43,55,69,98,-29,14,167
1541,1541,PN Type A Cell,39,25,34,54,64,88,-24,10,152
1542,1542,PN Type A Cell,47,21,33,49,68,82,-14,19,150
1543,1543,PN Type A Cell,43,15,30,55,58,85,-27,3,143
1544,1544,PN Type A Cell,50,16,35,56,66,91,-25,10,157
1545,1545,PN Type A Cell,46,14,38,65,60,103,-43,-5,163
1546,1546,PN Type A Cell,49,30,36,50,79,86,-7,29,165
1547,1547,PN Type A Cell,52,18,44,44,70,88,-18,26,158
1548,1548,PN Type A Cell,47,12,20,49,59,69,-10,10,128
1549,1549,PN Type A Cell,39,22,33,51,61,84,-23,10,145
1550,1550,PN Type A Cell,48,14,43,45,62,88,-26,17,150
1551,1551,PN Type A Cell,47,21,38,54,68,92,-24,14,160
1552,1552,PN Type A Cell,44,15,32,53,59,85,-26,6,144
1553,1553,PN Type A Cell,47,28,33,65,75,98,-23,10,173
1554,1554,PN Type A Cell,55,27,48,53,82,101,-19,29,183
1555,1555,PN Type A Cell,47,10,44,45,57,89,-32,12,146
1556,1556,PN Type A Cell,52,22,27,54,74,81,-7,20,155
1557,1557,PN Type A Cell,46,27,38,52,73,90,-17,21,163
1558,1558,PN Type A Cell,50,20,33,55,70,88,-18,15,158
1559,1559,PN Type A Cell,47,19,41,46,66,87,-21,20,153
1560,1560,PN Type A Cell,43,20,34,47,63,81,-18,16,144
1561,1561,PN Type A Cell,49,11,33,51,60,84,-24,9,144
1562,1562,PN Type A Cell,36,17,38,36,53,74,-21,17,127
1563,1563,PN Type A Cell,47,10,39,41,57,80,-23,16,137
1564,1564,PN Type A Cell,40,18,36,45,58,81,-23,13,139
1565,1565,PN Type A Cell,32,15,35,45,47,80,-33,2,127
1566,1566,PN Type A Cell,40,18,42,49,58,91,-33,9,149
1567,1567,PN Type A Cell,47,18,34,52,65,86,-21,13,151
1568,1568,PN Type A Cell,51,17,40,57,68,97,-29,11,165
1569,1569,PN Type A Cell,42,20,48,45,62,93,-31,17,155
1570,1570,PN Type A Cell,45,19,50,51,64,101,-37,13,165
1571,1571,PN Type A Cell,48,19,48,49,67,97,-30,18,164
1572,1572,PN Type A Cell,42,17,34,50,59,84,-25,9,143
1573,1573,PN Type A Cell,42,15,38,46,57,84,-27,11,141
1574,1574,PN Type A Cell,53,19,54,51,72,105,-33,21,177
1575,1575,PN Type A Cell,54,27,36,41,81,77,4,40,158
1576,1576,PN Type A Cell,43,18,44,51,61,95,-34,10,156
1577,1577,PN Type A Cell,47,21,36,50,68,86,-18,18,154
1578,1578,PN Type A Cell,47,18,43,52,65,95,-30,13,160
1579,1579,PN Type A Cell,31,23,34,55,54,89,-35,-1,143
1580,1580,PN Type A Cell,45,25,34,52,70,86,-16,18,156
1581,1581,PN Type A Cell,33,24,28,57,57,85,-28,0,142
1582,1582,PN Type A Cell,46,20,41,47,66,88,-22,19,154
1583,1583,PN Type A Cell,37,14,34,61,51,95,-44,-10,146
1584,1584,PN Type A Cell,48,24,46,49,72,95,-23,23,167
1585,1585,PN Type A Cell,42,15,42,53,57,95,-38,4,152
1586,1586,PN Type A Cell,43,21,42,56,64,98,-34,8,162
1587,1587,PN Type A Cell,56,22,45,46,78,91,-13,32,169
1588,1588,PN Type A Cell,40,14,45,56,54,101,-47,-2,155
1589,1589,PN Type A Cell,46,15,40,57,61,97,-36,4,158
1590,1590,PN Type A Cell,41,19,36,51,60,87,-27,9,147
1591,1591,PN Type A Cell,35,21,30,48,56,78,-22,8,134
1592,1592,PN Type A Cell,50,18,35,51,68,86,-18,17,154
1593,1593,PN Type A Cell,46,14,38,57,60,95,-35,3,155
1594,1594,PN Type A Cell,46,25,33,48,71,81,-10,23,152
1595,1595,PN Type A Cell,41,15,44,50,56,94,-38,6,150
1596,1596,PN Type A Cell,46,16,41,52,62,93,-31,10,155
1597,1597,PN Type A Cell,41,16,36,50,57,86,-29,7,143
1598,1598,PN Type A Cell,43,16,35,47,59,82,-23,12,141
1599,1599,PN Type A Cell,49,15,31,47,64,78,-14,17,142
1600,1600,PN Type A Cell,49,16,43,55,65,98,-33,10,163
1601,1601,PN Type A Cell,34,21,26,46,55,72,-17,9,127
1602,1602,PN Type A Cell,40,13,41,57,53,98,-45,-4,151
1603,1603,PN Type A Cell,56,14,37,54,70,91,-21,16,161
1604,1604,PN Type A Cell,42,19,37,42,61,79,-18,19,140
1605,1605,PN Type A Cell,44,19,48,51,63,99,-36,12,162
1606,1606,PN Type A Cell,49,13,38,53,62,91,-29,9,153
1607,1607,PN Type A Cell,34,25,37,50,59,87,-28,9,146
1608,1608,PN Type A Cell,46,15,40,47,61,87,-26,14,148
1609,1609,PN Type A Cell,34,24,37,54,58,91,-33,4,149
1610,1610,PN Type A Cell,51,20,48,50,71,98,-27,21,169
1611,1611,PN Type A Cell,56,21,30,45,77,75,2,32,152
1612,1612,PN Type A Cell,45,20,28,46,65,74,-9,19,139
1613,1613,PN Type A Cell,36,19,40,45,55,85,-30,10,140
1614,1614,PN Type A Cell,44,19,36,60,63,96,-33,3,159
1615,1615,PN Type A Cell,53,15,36,50,68,86,-18,18,154
1616,1616,PN Type A Cell,42,16,30,58,58,88,-30,0,146
1617,1617,PN Type A Cell,41,22,39,57,63,96,-33,6,159
1618,1618,PN Type A Cell,54,14,41,42,68,83,-15,26,151
1619,1619,PN Type A Cell,33,19,44,59,52,103,-51,-7,155
1620,1620,PN Type A Cell,46,22,35,51,68,86,-18,17,154
1621,1621,PN Type A Cell,46,17,38,61,63,99,-36,2,162
1622,1622,PN Type A Cell,43,19,41,51,62,92,-30,11,154
1623,1623,PN Type A Cell,46,14,34,57,60,91,-31,3,151
1624,1624,PN Type A Cell,45,14,46,62,59,108,-49,-3,167
1625,1625,PN Type A Cell,31,24,37,56,55,93,-38,-1,148
1626,1626,PN Type A Cell,46,20,44,48,66,92,-26,18,158
1627,1627,PN Type A Cell,41,16,45,50,57,95,-38,7,152
1628,1628,PN Type A Cell,36,13,41,43,49,84,-35,6,133
1629,1629,PN Type A Cell,34,19,38,52,53,90,-37,1,143
1630,1630,PN Type A Cell,42,21,42,59,63,101,-38,4,164
1631,1631,PN Type A Cell,42,20,44,54,62,98,-36,8,160
1632,1632,PN Type A Cell,36,16,33,50,52,83,-31,2,135
1633,1633,PN Type A Cell,47,17,42,48,64,90,-26,16,154
1634,1634,PN Type A Cell,41,19,40,50,60,90,-30,10,150
1635,1635,PN Type A Cell,47,16,43,41,63,84,-21,22,147
1636,1636,PN Type A Cell,51,18,31,52,69,83,-14,17,152
1637,1637,PN Type A Cell,51,15,37,52,66,89,-23,14,155
1638,1638,PN Type A Cell,39,22,46,60,61,106,-45,1,167
1639,1639,PN Type A Cell,42,22,35,50,64,85,-21,14,149
1640,1640,PN Type A Cell,39,17,41,67,56,108,-52,-11,164
1641,1641,PN Type A Cell,38,16,44,47,54,91,-37,7,145
1642,1642,PN Type A Cell,36,12,27,67,48,94,-46,-19,142
1643,1643,PN Type A Cell,37,22,38,52,59,90,-31,7,149
1644,1644,PN Type A Cell,47,16,36,47,63,83,-20,16,146
1645,1645,PN Type A Cell,55,9,38,45,64,83,-19,19,147
1646,1646,PN Type A Cell,44,14,40,49,58,89,-31,9,147
1647,1647,PN Type A Cell,37,18,44,48,55,92,-37,7,147
1648,1648,PN Type A Cell,50,17,48,57,67,105,-38,10,172
1649,1649,PN Type A Cell,45,17,41,45,62,86,-24,17,148
1650,1650,PN Type A Cell,56,21,31,49,77,80,-3,28,157
1651,1651,PN Type A Cell,33,15,28,53,48,81,-33,-5,129
1652,1652,PN Type A Cell,47,24,36,49,71,85,-14,22,156
1653,1653,PN Type A Cell,45,24,39,53,69,92,-23,16,161
1654,1654,PN Type A Cell,38,22,38,48,60,86,-26,12,146
1655,1655,PN Type A Cell,49,12,50,51,61,101,-40,10,162
1656,1656,PN Type A Cell,41,12,47,53,53,100,-47,0,153
1657,1657,PN Type A Cell,48,22,36,51,70,87,-17,19,157
1658,1658,PN Type A Cell,41,18,42,54,59,96,-37,5,155
1659,1659,PN Type A Cell,60,14,38,48,74,86,-12,26,160
1660,1660,PN Type A Cell,38,19,37,48,57,85,-28,9,142
1661,1661,PN Type A Cell,39,13,42,58,52,100,-48,-6,152
1662,1662,PN Type A Cell,41,15,39,60,56,99,-43,-4,155
1663,1663,PN Type A Cell,53,20,35,56,73,91,-18,17,164
1664,1664,PN Type A Cell,41,26,52,57,67,109,-42,10,176
1665,1665,PN Type A Cell,44,18,32,52,62,84,-22,10,146
1666,1666,PN Type A Cell,49,14,48,57,63,105,-42,6,168
1667,1667,PN Type A Cell,48,21,34,49,69,83,-14,20,152
1668,1668,PN Type A Cell,39,15,45,40,54,85,-31,14,139
1669,1669,PN Type A Cell,61,22,34,56,83,90,-7,27,173
1670,1670,PN Type A Cell,61,19,38,52,80,90,-10,28,170
1671,1671,PN Type A Cell,54,20,31,56,74,87,-13,18,161
1672,1672,PN Type A Cell,44,10,38,51,54,89,-35,3,143
1673,1673,PN Type A Cell,46,14,34,44,60,78,-18,16,138
1674,1674,PN Type A Cell,51,18,43,46,69,89,-20,23,158
1675,1675,PN Type A Cell,47,29,34,61,76,95,-19,15,171
1676,1676,PN Type A Cell,40,27,37,41,67,78,-11,26,145
1677,1677,PN Type A Cell,40,16,39,43,56,82,-26,13,138
1678,1678,PN Type A Cell,36,22,32,55,58,87,-29,3,145
1679,1679,PN Type A Cell,48,21,45,54,69,99,-30,15,168
1680,1680,PN Type A Cell,50,21,43,45,71,88,-17,26,159
1681,1681,PN Type A Cell,45,17,36,56,62,92,-30,6,154
1682,1682,PN Type A Cell,41,23,41,47,64,88,-24,17,152
1683,1683,PN Type A Cell,52,14,42,41,66,83,-17,25,149
1684,1684,PN Type A Cell,49,20,45,52,69,97,-28,17,166
1685,1685,PN Type A Cell,44,20,40,50,64,90,-26,14,154
1686,1686,PN Type A Cell,45,11,33,45,56,78,-22,11,134
1687,1687,PN Type A Cell,42,19,49,41,61,90,-29,20,151
1688,1688,PN Type A Cell,46,22,35,42,68,77,-9,26,145
1689,1689,PN Type A Cell,42,20,41,56,62,97,-35,6,159
1690,1690,PN Type A Cell,35,11,37,56,46,93,-47,-10,139
1691,1691,PN Type A Cell,46,16,31,42,62,73,-11,20,135
1692,1692,PN Type A Cell,44,25,44,57,69,101,-32,12,170
1693,1693,PN Type A Cell,53,16,42,50,69,92,-23,19,161
1694,1694,PN Type A Cell,45,25,39,56,70,95,-25,14,165
1695,1695,PN Type A Cell,44,12,40,50,56,90,-34,6,146
1696,1696,PN Type A Cell,54,14,32,51,68,83,-15,17,151
1697,1697,PN Type A Cell,50,25,31,57,75,88,-13,18,163
1698,1698,PN Type A Cell,46,28,36,40,74,76,-2,34,150
1699,1699,PN Type A Cell,48,23,37,47,71,84,-13,24,155
1700,1700,PN Type A Cell,45,15,34,48,60,82,-22,12,142
1701,1701,PN Type A Cell,51,17,37,45,68,82,-14,23,150
1702,1702,PN Type A Cell,51,17,37,51,68,88,-20,17,156
1703,1703,PN Type A Cell,42,20,44,47,62,91,-29,15,153
1704,1704,PN Type A Cell,47,14,32,44,61,76,-15,17,137
1705,1705,PN Type A Cell,29,17,30,61,46,91,-45,-15,137
1706,1706,PN Type A Cell,45,20,47,49,65,96,-31,16,161
1707,1707,PN Type A Cell,43,24,45,55,67,100,-33,12,167
1708,1708,PN Type A Cell,48,20,37,54,68,91,-23,14,159
1709,1709,PN Type A Cell,51,14,42,58,65,100,-35,7,165
1710,1710,PN Type A Cell,45,24,36,54,69,90,-21,15,159
1711,1711,PN Type A Cell,40,17,34,47,57,81,-24,10,138
1712,1712,PN Type A Cell,50,19,35,52,69,87,-18,17,156
1713,1713,PN Type A Cell,48,19,32,47,67,79,-12,20,146
1714,1714,PN Type A Cell,44,21,41,52,65,93,-28,13,158
1715,1715,PN Type A Cell,47,14,45,49,61,94,-33,12,155
1716,1716,PN Type A Cell,39,26,44,38,65,82,-17,27,147
1717,1717,PN Type A Cell,47,21,40,54,68,94,-26,14,162
1718,1718,PN Type A Cell,42,14,32,58,56,90,-34,-2,146
1719,1719,PN Type A Cell,44,18,29,44,62,73,-11,18,135
1720,1720,PN Type A Cell,45,18,29,49,63,78,-15,14,141
1721,1721,PN Type A Cell,52,18,37,55,70,92,-22,15,162
1722,1722,PN Type A Cell,37,26,44,49,63,93,-30,14,156
1723,1723,PN Type A Cell,52,13,47,50,65,97,-32,15,162
1724,1724,PN Type A Cell,41,17,43,57,58,100,-42,1,158
1725,1725,PN Type A Cell,34,20,39,55,54,94,-40,-1,148
1726,1726,PN Type A Cell,41,19,34,45,60,79,-19,15,139
1727,1727,PN Type A Cell,51,14,44,48,65,92,-27,17,157
1728,1728,PN Type A Cell,49,16,34,59,65,93,-28,6,158
1729,1729,PN Type A Cell,51,24,38,57,75,95,-20,18,170
1730,1730,PN Type A Cell,43,16,39,55,59,94,-35,4,153
1731,1731,PN Type A Cell,51,16,38,55,67,93,-26,12,160
1732,1732,PN Type A Cell,44,19,35,53,63,88,-25,10,151
1733,1733,PN Type A Cell,42,12,33,52,54,85,-31,2,139
1734,1734,PN Type A Cell,54,24,34,51,78,85,-7,27,163
1735,1735,PN Type A Cell,41,22,40,44,63,84,-21,19,147
1736,1736,PN Type A Cell,58,16,37,50,74,87,-13,24,161
1737,1737,PN Type A Cell,35,16,39,44,51,83,-32,7,134
1738,1738,PN Type A Cell,47,15,50,57,62,107,-45,5,169
1739,1739,PN Type A Cell,54,14,39,46,68,85,-17,22,153
1740,1740,PN Type A Cell,39,23,42,48,62,90,-28,14,152
1741,1741,PN Type A Cell,50,12,39,48,62,87,-25,14,149
1742,1742,PN Type A Cell,43,19,34,52,62,86,-24,10,148
1743,1743,PN Type A Cell,56,13,35,57,69,92,-23,12,161
1744,1744,PN Type A Cell,56,18,40,52,74,92,-18,22,166
1745,1745,PN Type A Cell,57,12,28,59,69,87,-18,10,156
1746,1746,PN Type A Cell,50,24,43,48,74,91,-17,26,165
1747,1747,PN Type A Cell,44,15,33,57,59,90,-31,2,149
1748,1748,PN Type A Cell,34,15,36,45,49,81,-32,4,130
1749,1749,PN Type A Cell,45,16,38,58,61,96,-35,3,157
1750,1750,PN Type A Cell,37,12,31,60,49,91,-42,-11,140
1751,1751,PN Type A Cell,46,17,40,50,63,90,-27,13,153
1752,1752,PN Type A Cell,40,13,38,60,53,98,-45,-7,151
1753,1753,PN Type A Cell,53,19,37,54,72,91,-19,18,163
1754,1754,PN Type A Cell,34,20,37,49,54,86,-32,5,140
1755,1755,PN Type A Cell,47,18,28,51,65,79,-14,14,144
1756,1756,PN Type A Cell,42,18,39,49,60,88,-28,11,148
1757,1757,PN Type A Cell,43,26,41,58,69,99,-30,11,168
1758,1758,PN Type A Cell,43,23,32,44,66,76,-10,22,142
1759,1759,PN Type A Cell,40,21,49,49,61,98,-37,12,159
1760,1760,PN Type A Cell,49,18,43,43,67,86,-19,24,153
1761,1761,PN Type A Cell,37,25,41,52,62,93,-31,10,155
1762,1762,PN Type A Cell,44,20,45,51,64,96,-32,13,160
1763,1763,PN Type A Cell,38,19,37,45,57,82,-25,12,139
1764,1764,PN Type A Cell,35,16,44,42,51,86,-35,9,137
1765,1765,PN Type A Cell,50,19,37,59,69,96,-27,10,165
1766,1766,PN Type A Cell,43,23,37,58,66,95,-29,8,161
1767,1767,PN Type A Cell,45,16,46,48,61,94,-33,13,155
1768,1768,PN Type A Cell,47,19,49,51,66,100,-34,15,166
1769,1769,PN Type A Cell,43,13,49,46,56,95,-39,10,151
1770,1770,PN Type A Cell,55,16,44,59,71,103,-32,12,174
1771,1771,PN Type A Cell,33,24,33,56,57,89,-32,1,146
1772,1772,PN Type A Cell,45,15,32,63,60,95,-35,-3,155
1773,1773,PN Type A Cell,52,18,34,47,70,81,-11,23,151
1774,1774,PN Type A Cell,42,11,41,42,53,83,-30,11,136
1775,1775,PN Type A Cell,47,19,42,59,66,101,-35,7,167
1776,1776,PN Type A Cell,47,23,39,53,70,92,-22,17,162
1777,1777,PN Type A Cell,50,25,27,56,75,83,-8,19,158
1778,1778,PN Type A Cell,50,18,40,44,68,84,-16,24,152
1779,1779,PN Type A Cell,52,21,39,57,73,96,-23,16,169
1780,1780,PN Type A Cell,40,19,44,51,59,95,-36,8,154
1781,1781,PN Type A Cell,38,15,39,57,53,96,-43,-4,149
1782,1782,PN Type A Cell,37,27,34,48,64,82,-18,16,146
1783,1783,PN Type A Cell,50,20,29,49,70,78,-8,21,148
1784,1784,PN Type A Cell,47,13,44,46,60,90,-30,14,150
1785,1785,PN Type A Cell,52,15,47,57,67,104,-37,10,171
1786,1786,PN Type A Cell,44,26,40,54,70,94,-24,16,164
1787,1787,PN Type A Cell,40,20,43,49,60,92,-32,11,152
1788,1788,PN Type A Cell,48,23,42,53,71,95,-24,18,166
1789,1789,PN Type A Cell,56,14,29,51,70,80,-10,19,150
1790,1790,PN Type A Cell,44,12,47,57,56,104,-48,-1,160
1791,1791,PN Type A Cell,45,14,39,52,59,91,-32,7,150
1792,1792,PN Type A Cell,35,14,37,55,49,92,-43,-6,141
1793,1793,PN Type A Cell,52,19,36,60,71,96,-25,11,167
1794,1794,PN Type A Cell,52,23,40,44,75,84,-9,31,159
1795,1795,PN Type A Cell,49,18,30,53,67,83,-16,14,150
1796,1796,PN Type A Cell,36,18,38,60,54,98,-44,-6,152
1797,1797,PN Type A Cell,48,16,39,46,64,85,-21,18,149
1798,1798,PN Type A Cell,57,21,37,46,78,83,-5,32,161
1799,1799,PN Type A Cell,41,14,36,49,55,85,-30,6,140
1800,1800,PN Type A Cell,39,16,37,58,55,95,-40,-3,150
1801,1801,PN Type A Cell,42,9,38,45,51,83,-32,6,134
1802,1802,PN Type A Cell,43,17,35,44,60,79,-19,16,139
1803,1803,PN Type A Cell,58,13,43,49,71,92,-21,22,163
1804,1804,PN Type A Cell,54,15,30,57,69,87,-18,12,156
1805,1805,PN Type A Cell,43,17,34,54,60,88,-28,6,148
1806,1806,PN Type A Cell,50,13,38,61,63,99,-36,2,162
1807,1807,PN Type A Cell,36,24,43,60,60,103,-43,0,163
1808,1808,PN Type A Cell,35,23,41,45,58,86,-28,13,144
1809,1809,PN Type A Cell,58,15,40,47,73,87,-14,26,160
1810,1810,PN Type A Cell,45,15,45,50,60,95,-35,10,155
1811,1811,PN Type A Cell,58,18,47,47,76,94,-18,29,170
1812,1812,PN Type A Cell,53,18,31,42,71,73,-2,29,144
1813,1813,PN Type A Cell,52,21,36,58,73,94,-21,15,167
1814,1814,PN Type A Cell,36,21,42,56,57,98,-41,1,155
1815,1815,PN Type A Cell,39,12,41,52,51,93,-42,-1,144
1816,1816,PN Type A Cell,43,16,44,56,59,100,-41,3,159
1817,1817,PN Type A Cell,41,14,34,58,55,92,-37,-3,147
1818,1818,PN Type A Cell,47,16,33,54,63,87,-24,9,150
1819,1819,PN Type A Cell,34,15,37,50,49,87,-38,-1,136
1820,1820,PN Type A Cell,47,21,35,42,68,77,-9,26,145
1821,1821,PN Type A Cell,40,12,38,45,52,83,-31,7,135
1822,1822,PN Type A Cell,39,9,48,60,48,108,-60,-12,156
1823,1823,PN Type A Cell,53,18,41,59,71,100,-29,12,171
1824,1824,PN Type A Cell,56,19,48,51,75,99,-24,24,174
1825,1825,PN Type A Cell,57,20,37,45,77,82,-5,32,159
1826,1826,PN Type A Cell,45,25,42,55,70,97,-27,15,167
1827,1827,PN Type A Cell,42,15,48,53,57,101,-44,4,158
1828,1828,PN Type A Cell,57,18,24,40,75,64,11,35,139
1829,1829,PN Type A Cell,45,15,46,54,60,100,-40,6,160
1830,1830,PN Type A Cell,39,21,38,56,60,94,-34,4,154
1831,1831,PN Type A Cell,38,20,38,57,58,95,-37,1,153
1832,1832,PN Type A Cell,51,14,35,55,65,90,-25,10,155
1833,1833,PN Type A Cell,45,15,39,51,60,90,-30,9,150
1834,1834,PN Type A Cell,41,14,48,42,55,90,-35,13,145
1835,1835,PN Type A Cell,47,13,35,53,60,88,-28,7,148
1836,1836,PN Type A Cell,44,20,31,69,64,100,-36,-5,164
1837,1837,PN Type A Cell,40,18,30,50,58,80,-22,8,138
1838,1838,PN Type A Cell,48,20,40,43,68,83,-15,25,151
1839,1839,PN Type A Cell,49,15,38,55,64,93,-29,9,157
1840,1840,PN Type A Cell,44,15,41,63,59,104,-45,-4,163
1841,1841,PN Type A Cell,44,23,40,54,67,94,-27,13,161
1842,1842,PN Type A Cell,44,17,38,61,61,99,-38,0,160
1843,1843,PN Type A Cell,39,13,40,60,52,100,-48,-8,152
1844,1844,PN Type A Cell,45,21,39,65,66,104,-38,1,170
1845,1845,PN Type A Cell,40,15,43,55,55,98,-43,0,153
1846,1846,PN Type A Cell,45,14,43,54,59,97,-38,5,156
1847,1847,PN Type A Cell,55,22,44,49,77,93,-16,28,170
1848,1848,PN Type A Cell,50,22,40,52,72,92,-20,20,164
1849,1849,PN Type A Cell,39,20,35,46,59,81,-22,13,140
1850,1850,PN Type A Cell,43,18,35,54,61,89,-28,7,150
1851,1851,PN Type A Cell,48,22,34,55,70,89,-19,15,159
1852,1852,PN Type A Cell,40,15,35,47,55,82,-27,8,137
1853,1853,PN Type A Cell,53,20,36,49,73,85,-12,24,158
1854,1854,PN Type A Cell,46,20,32,49,66,81,-15,17,147
1855,1855,PN Type A Cell,48,16,48,55,64,103,-39,9,167
1856,1856,PN Type A Cell,46,19,42,58,65,100,-35,7,165
1857,1857,PN Type A Cell,43,21,38,53,64,91,-27,11,155
1858,1858,PN Type A Cell,49,13,31,55,62,86,-24,7,148
1859,1859,PN Type A Cell,39,10,39,41,49,80,-31,8,129
1860,1860,PN Type A Cell,49,18,37,54,67,91,-24,13,158
1861,1861,PN Type A Cell,49,22,39,53,71,92,-21,18,163
1862,1862,PN Type A Cell,44,24,45,47,68,92,-24,21,160
1863,1863,PN Type A Cell,57,24,49,47,81,96,-15,34,177
1864,1864,PN Type A Cell,44,20,45,56,64,101,-37,8,165
1865,1865,PN Type A Cell,47,14,39,45,61,84,-23,16,145
1866,1866,PN Type A Cell,54,19,44,47,73,91,-18,26,164
1867,1867,PN Type A Cell,55,17,31,58,72,89,-17,14,161
1868,1868,PN Type A Cell,56,19,40,56,75,96,-21,19,171
1869,1869,PN Type A Cell,48,25,39,40,73,79,-6,33,152
1870,1870,PN Type A Cell,41,15,33,57,56,90,-34,-1,146
1871,1871,PN Type A Cell,38,19,43,55,57,98,-41,2,155
1872,1872,PN Type A Cell,30,13,44,56,43,100,-57,-13,143
1873,1873,PN Type A Cell,48,15,37,50,63,87,-24,13,150
1874,1874,PN Type A Cell,40,23,26,56,63,82,-19,7,145
1875,1875,PN Type A Cell,52,21,34,46,73,80,-7,27,153
1876,1876,PN Type A Cell,41,20,28,46,61,74,-13,15,135
1877,1877,PN Type A Cell,49,21,37,37,70,74,-4,33,144
1878,1878,PN Type A Cell,44,16,46,47,60,93,-33,13,153
1879,1879,PN Type A Cell,37,17,44,48,54,92,-38,6,146
1880,1880,PN Type A Cell,51,17,32,55,68,87,-19,13,155
1881,1881,PN Type A Cell,54,22,53,33,76,86,-10,43,162
1882,1882,PN Type A Cell,43,21,27,66,64,93,-29,-2,157
1883,1883,PN Type A Cell,34,13,46,47,47,93,-46,0,140
1884,1884,PN Type A Cell,41,17,46,43,58,89,-31,15,147
1885,1885,PN Type A Cell,55,22,34,50,77,84,-7,27,161
1886,1886,PN Type A Cell,44,19,46,58,63,104,-41,5,167
1887,1887,PN Type A Cell,57,22,41,55,79,96,-17,24,175
1888,1888,PN Type A Cell,51,20,41,66,71,107,-36,5,178
1889,1889,PN Type A Cell,48,16,50,48,64,98,-34,16,162
1890,1890,PN Type A Cell,48,19,38,57,67,95,-28,10,162
1891,1891,PN Type A Cell,44,22,30,59,66,89,-23,7,155
1892,1892,PN Type A Cell,55,16,47,65,71,112,-41,6,183
1893,1893,PN Type A Cell,55,10,26,62,65,88,-23,3,153
1894,1894,PN Type A Cell,45,17,40,48,62,88,-26,14,150
1895,1895,PN Type A Cell,53,20,42,55,73,97,-24,18,170
1896,1896,PN Type A Cell,42,11,37,59,53,96,-43,-6,149
1897,1897,PN Type A Cell,49,10,47,49,59,96,-37,10,155
1898,1898,PN Type A Cell,61,25,36,41,86,77,9,45,163
1899,1899,PN Type A Cell,35,28,43,47,63,90,-27,16,153
1900,1900,PN Type A Cell,47,23,31,55,70,86,-16,15,156
1901,1901,PN Type A Cell,51,17,37,46,68,83,-15,22,151
1902,1902,PN Type A Cell,46,17,42,48,63,90,-27,15,153
1903,1903,PN Type A Cell,49,15,42,47,64,89,-25,17,153
1904,1904,PN Type A Cell,51,19,35,51,70,86,-16,19,156
1905,1905,PN Type A Cell,37,18,29,37,55,66,-11,18,121
1906,1906,PN Type A Cell,50,22,36,54,72,90,-18,18,162
1907,1907,PN Type A Cell,55,18,41,56,73,97,-24,17,170
1908,1908,PN Type A Cell,37,24,40,57,61,97,-36,4,158
1909,1909,PN Type A Cell,39,24,41,63,63,104,-41,0,167
1910,1910,PN Type A Cell,56,19,35,49,75,84,-9,26,159
1911,1911,PN Type A Cell,44,23,39,57,67,96,-29,10,163
1912,1912,PN Type A Cell,39,20,37,46,59,83,-24,13,142
1913,1913,PN Type A Cell,42,18,30,46,60,76,-16,14,136
1914,1914,PN Type A Cell,50,18,37,50,68,87,-19,18,155
1915,1915,PN Type A Cell,51,17,42,58,68,100,-32,10,168
1916,1916,PN Type A Cell,37,11,41,45,48,86,-38,3,134
1917,1917,PN Type A Cell,52,16,26,47,68,73,-5,21,141
1918,1918,PN Type A Cell,50,21,54,56,71,110,-39,15,181
1919,1919,PN Type A Cell,55,14,29,55,69,84,-15,14,153
1920,1920,PN Type A Cell,62,13,41,60,75,101,-26,15,176
1921,1921,PN Type A Cell,48,14,48,45,62,93,-31,17,155
1922,1922,PN Type A Cell,32,19,38,64,51,102,-51,-13,153
1923,1923,PN Type A Cell,45,26,32,53,71,85,-14,18,156
1924,1924,PN Type A Cell,50,22,40,55,72,95,-23,17,167
1925,1925,PN Type A Cell,54,17,34,50,71,84,-13,21,155
1926,1926,PN Type A Cell,50,20,42,65,70,107,-37,5,177
1927,1927,PN Type A Cell,47,19,48,50,66,98,-32,16,164
1928,1928,PN Type A Cell,34,17,29,57,51,86,-35,-6,137
1929,1929,PN Type A Cell,45,23,34,54,68,88,-20,14,156
1930,1930,PN Type A Cell,37,16,29,53,53,82,-29,0,135
1931,1931,PN Type A Cell,38,26,34,58,64,92,-28,6,156
1932,1932,PN Type A Cell,42,20,46,49,62,95,-33,13,157
1933,1933,PN Type A Cell,40,17,37,45,57,82,-25,12,139
1934,1934,PN Type A Cell,49,22,35,52,71,87,-16,19,158
1935,1935,PN Type A Cell,28,18,30,58,46,88,-42,-12,134
1936,1936,PN Type A Cell,45,22,39,56,67,95,-28,11,162
1937,1937,PN Type A Cell,53,22,28,54,75,82,-7,21,157
1938,1938,PN Type A Cell,49,12,43,51,61,94,-33,10,155
1939,1939,PN Type A Cell,66,21,44,61,87,105,-18,26,192
1940,1940,PN Type A Cell,65,22,36,54,87,90,-3,33,177
1941,1941,PN Type A Cell,49,23,31,47,72,78,-6,25,150
1942,1942,PN Type A Cell,39,16,50,45,55,95,-40,10,150
1943,1943,PN Type A Cell,40,17,44,41,57,85,-28,16,142
1944,1944,PN Type A Cell,46,19,32,52,65,84,-19,13,149
1945,1945,PN Type A Cell,52,17,43,43,69,86,-17,26,155
1946,1946,PN Type A Cell,46,26,31,50,72,81,-9,22,153
1947,1947,PN Type A Cell,40,21,29,53,61,82,-21,8,143
1948,1948,PN Type A Cell,46,15,38,51,61,89,-28,10,150
1949,1949,PN Type A Cell,45,15,38,47,60,85,-25,13,145
1950,1950,PN Type A Cell,31,20,44,47,51,91,-40,4,142
1951,1951,PN Type A Cell,47,25,37,50,72,87,-15,22,159
1952,1952,PN Type A Cell,46,22,36,59,68,95,-27,9,163
1953,1953,PN Type A Cell,45,22,49,53,67,102,-35,14,169
1954,1954,PN Type A Cell,41,19,41,49,60,90,-30,11,150
1955,1955,PN Type A Cell,40,18,42,50,58,92,-34,8,150
1956,1956,PN Type A Cell,34,20,26,64,54,90,-36,-10,144
1957,1957,PN Type A Cell,53,8,46,52,61,98,-37,9,159
1958,1958,PN Type A Cell,37,19,34,43,56,77,-21,13,133
1959,1959,PN Type A Cell,45,20,35,50,65,85,-20,15,150
1960,1960,PN Type A Cell,50,18,37,53,68,90,-22,15,158
1961,1961,PN Type A Cell,39,18,40,50,57,90,-33,7,147
1962,1962,PN Type A Cell,43,16,39,61,59,100,-41,-2,159
1963,1963,PN Type A Cell,47,15,37,40,62,77,-15,22,139
1964,1964,PN Type A Cell,44,26,35,59,70,94,-24,11,164
1965,1965,PN Type A Cell,42,16,43,50,58,93,-35,8,151
1966,1966,PN Type A Cell,51,18,33,51,69,84,-15,18,153
1967,1967,PN Type A Cell,37,14,38,64,51,102,-51,-13,153
1968,1968,PN Type A Cell,40,16,24,59,56,83,-27,-3,139
1969,1969,PN Type A Cell,49,30,43,51,79,94,-15,28,173
1970,1970,PN Type A Cell,56,14,40,49,70,89,-19,21,159
1971,1971,PN Type A Cell,45,17,38,52,62,90,-28,10,152
1972,1972,PN Type A Cell,39,27,44,57,66,101,-35,9,167
1973,1973,PN Type A Cell,36,20,35,48,56,83,-27,8,139
1974,1974,PN Type A Cell,54,19,34,48,73,82,-9,25,155
1975,1975,PN Type A Cell,47,22,42,53,69,95,-26,16,164
1976,1976,PN Type A Cell,56,18,44,55,74,99,-25,19,173
1977,1977,PN Type A Cell,39,16,40,45,55,85,-30,10,140
1978,1978,PN Type A Cell,48,15,38,36,63,74,-11,27,137
1979,1979,PN Type A Cell,55,18,42,54,73,96,-23,19,169
1980,1980,PN Type A Cell,51,18,36,52,69,88,-19,17,157
1981,1981,PN Type A Cell,52,26,36,41,78,77,1,37,155
1982,1982,PN Type A Cell,56,22,44,48,78,92,-14,30,170
1983,1983,PN Type A Cell,61,31,39,55,92,94,-2,37,186
1984,1984,PN Type A Cell,50,15,52,51,65,103,-38,14,168
1985,1985,PN Type A Cell,38,20,41,46,58,87,-29,12,145
1986,1986,PN Type A Cell,52,21,38,45,73,83,-10,28,156
1987,1987,PN Type A Cell,35,14,29,59,49,88,-39,-10,137
1988,1988,PN Type A Cell,48,13,36,50,61,86,-25,11,147
1989,1989,PN Type A Cell,49,22,44,54,71,98,-27,17,169
1990,1990,PN Type A Cell,37,12,39,52,49,91,-42,-3,140
1991,1991,PN Type A Cell,44,20,33,48,64,81,-17,16,145
1992,1992,PN Type A Cell,46,16,45,49,62,94,-32,13,156
1993,1993,PN Type A Cell,40,26,35,61,66,96,-30,5,162
1994,1994,PN Type A Cell,47,14,44,48,61,92,-31,13,153
1995,1995,PN Type A Cell,42,22,44,53,64,97,-33,11,161
1996,1996,PN Type A Cell,62,14,41,44,76,85,-9,32,161
1997,1997,PN Type A Cell,51,22,32,35,73,67,6,38,140
1998,1998,PN Type A Cell,55,19,30,43,74,73,1,31,147
1999,1999,PN Type A Cell,40,16,40,47,56,87,-31,9,143
2000,2000,PN Type A Cell,50,15,42,45,65,87,-22,20,152
2001,2001,PN Type A Cell,49,14,44,43,63,87,-24,20,150
2002,2002,PN Type A Cell,49,26,31,54,75,85,-10,21,160
2003,2003,PN Type A Cell,50,17,40,44,67,84,-17,23,151
2004,2004,PN Type A Cell,43,18,29,43,61,72,-11,18,133
2005,2005,PN Type A Cell,59,21,51,46,80,97,-17,34,177
2006,2006,PN Type A Cell,50,31,29,42,81,71,10,39,152
2007,2007,PN Type A Cell,59,20,48,67,79,115,-36,12,194
2008,2008,PN Type A Cell,37,20,38,54,57,92,-35,3,149
2009,2009,PN Type A Cell,44,25,28,66,69,94,-25,3,163
2010,2010,PN Type A Cell,44,19,44,52,63,96,-33,11,159
2011,2011,PN Type A Cell,40,16,41,56,56,97,-41,0,153
2012,2012,PN Type A Cell,59,23,42,44,82,86,-4,38,168
2013,2013,PN Type A Cell,32,14,34,35,46,69,-23,11,115
2014,2014,PN Type A Cell,32,16,45,61,48,106,-58,-13,154
2015,2015,PN Type A Cell,43,18,42,62,61,104,-43,-1,165
2016,2016,PN Type A Cell,44,18,38,54,62,92,-30,8,154
2017,2017,PN Type A Cell,43,23,38,36,66,74,-8,30,140
2018,2018,PN Type A Cell,52,20,31,54,72,85,-13,18,157
2019,2019,PN Type A Cell,46,20,41,44,66,85,-19,22,151
2020,2020,PN Type A Cell,47,16,40,56,63,96,-33,7,159
2021,2021,PN Type A Cell,49,21,44,52,70,96,-26,18,166
2022,2022,PN Type A Cell,51,15,33,61,66,94,-28,5,160
2023,2023,PN Type A Cell,45,15,32,53,60,85,-25,7,145
2024,2024,PN Type A Cell,50,16,38,48,66,86,-20,18,152
2025,2025,PN Type A Cell,44,20,37,52,64,89,-25,12,153
2026,2026,PN Type A Cell,46,21,40,47,67,87,-20,20,154
2027,2027,PN Type A Cell,38,18,58,52,56,110,-54,4,166
2028,2028,PN Type A Cell,36,21,48,47,57,95,-38,10,152
2029,2029,PN Type A Cell,38,21,29,53,59,82,-23,6,141
2030,2030,PN Type A Cell,50,16,53,54,66,107,-41,12,173
2031,2031,PN Type A Cell,44,17,33,47,61,80,-19,14,141
2032,2032,PN Type A Cell,40,12,41,55,52,96,-44,-3,148
2033,2033,PN Type A Cell,41,16,37,63,57,100,-43,-6,157
2034,2034,PN Type A Cell,37,14,41,41,51,82,-31,10,133
2035,2035,PN Type A Cell,36,16,39,54,52,93,-41,-2,145
2036,2036,PN Type A Cell,44,25,31,51,69,82,-13,18,151
2037,2037,PN Type A Cell,32,15,36,60,47,96,-49,-13,143
2038,2038,PN Type A Cell,60,21,42,48,81,90,-9,33,171
2039,2039,PN Type A Cell,45,28,40,46,73,86,-13,27,159
2040,2040,PN Type A Cell,43,19,46,55,62,101,-39,7,163
2041,2041,PN Type A Cell,44,25,40,61,69,101,-32,8,170
2042,2042,PN Type A Cell,56,21,39,48,77,87,-10,29,164
2043,2043,PN Type A Cell,39,12,32,53,51,85,-34,-2,136
2044,2044,PN Type A Cell,43,21,51,40,64,91,-27,24,155
2045,2045,PN Type A Cell,56,23,33,56,79,89,-10,23,168
2046,2046,PN Type A Cell,44,14,25,52,58,77,-19,6,135
2047,2047,PN Type A Cell,41,8,41,60,49,101,-52,-11,150
2048,2048,PN Type A Cell,44,18,36,62,62,98,-36,0,160
2049,2049,PN Type A Cell,40,16,38,50,56,88,-32,6,144
2050,2050,PN Type A Cell,50,17,52,51,67,103,-36,16,170
2051,2051,PN Type A Cell,43,20,40,41,63,81,-18,22,144
2052,2052,PN Type A Cell,46,15,36,57,61,93,-32,4,154
2053,2053,PN Type A Cell,33,13,34,55,46,89,-43,-9,135
2054,2054,PN Type A Cell,63,19,39,49,82,88,-6,33,170
2055,2055,PN Type A Cell,49,22,37,55,71,92,-21,16,163
2056,2056,PN Type A Cell,44,16,44,63,60,107,-47,-3,167
2057,2057,PN Type A Cell,40,18,45,56,58,101,-43,2,159
2058,2058,PN Type A Cell,59,21,35,51,80,86,-6,29,166
2059,2059,PN Type A Cell,47,21,36,62,68,98,-30,6,166
2060,2060,PN Type A Cell,35,24,37,61,59,98,-39,-2,157
2061,2061,PN Type A Cell,49,16,32,56,65,88,-23,9,153
2062,2062,PN Type A Cell,43,15,40,44,58,84,-26,14,142
2063,2063,PN Type A Cell,51,20,52,51,71,103,-32,20,174
2064,2064,PN Type A Cell,34,11,30,48,45,78,-33,-3,123
2065,2065,PN Type A Cell,49,19,35,47,68,82,-14,21,150
2066,2066,PN Type A Cell,41,26,45,48,67,93,-26,19,160
2067,2067,PN Type A Cell,48,11,43,48,59,91,-32,11,150
2068,2068,PN Type A Cell,49,16,25,55,65,80,-15,10,145
2069,2069,PN Type A Cell,47,19,34,45,66,79,-13,21,145
2070,2070,PN Type A Cell,35,20,51,46,55,97,-42,9,152
2071,2071,PN Type A Cell,50,17,22,54,67,76,-9,13,143
2072,2072,PN Type A Cell,43,18,40,55,61,95,-34,6,156
2073,2073,PN Type A Cell,40,17,48,41,57,89,-32,16,146
2074,2074,PN Type A Cell,49,19,39,43,68,82,-14,25,150
2075,2075,PN Type A Cell,45,23,30,55,68,85,-17,13,153
2076,2076,PN Type A Cell,47,15,42,54,62,96,-34,8,158
2077,2077,PN Type A Cell,54,22,44,56,76,100,-24,20,176
2078,2078,PN Type A Cell,34,14,41,53,48,94,-46,-5,142
2079,2079,PN Type A Cell,41,15,35,54,56,89,-33,2,145
2080,2080,PN Type A Cell,53,18,42,49,71,91,-20,22,162
2081,2081,PN Type A Cell,45,16,34,57,61,91,-30,4,152
2082,2082,PN Type A Cell,58,13,51,52,71,103,-32,19,174
2083,2083,PN Type A Cell,41,16,39,50,57,89,-32,7,146
2084,2084,PN Type A Cell,46,23,25,51,69,76,-7,18,145
2085,2085,PN Type A Cell,48,18,40,51,66,91,-25,15,157
2086,2086,PN Type A Cell,48,22,42,49,70,91,-21,21,161
2087,2087,PN Type A Cell,50,10,50,51,60,101,-41,9,161
2088,2088,PN Type A Cell,45,17,26,49,62,75,-13,13,137
2089,2089,PN Type A Cell,50,22,39,55,72,94,-22,17,166
2090,2090,PN Type A Cell,54,15,35,52,69,87,-18,17,156
2091,2091,PN Type A Cell,50,19,46,56,69,102,-33,13,171
2092,2092,PN Type A Cell,43,18,41,54,61,95,-34,7,156
2093,2093,PN Type A Cell,51,19,37,48,70,85,-15,22,155
2094,2094,PN Type A Cell,38,18,31,65,56,96,-40,-9,152
2095,2095,PN Type A Cell,63,16,43,56,79,99,-20,23,178
2096,2096,PN Type A Cell,42,26,40,41,68,81,-13,27,149
2097,2097,PN Type A Cell,52,13,30,38,65,68,-3,27,133
2098,2098,PN Type A Cell,42,15,33,49,57,82,-25,8,139
2099,2099,PN Type A Cell,49,17,45,54,66,99,-33,12,165
2100,2100,PN Type A Cell,52,18,34,55,70,89,-19,15,159
2101,2101,PN Type A Cell,41,18,42,58,59,100,-41,1,159
2102,2102,PN Type A Cell,48,17,29,54,65,83,-18,11,148
2103,2103,PN Type A Cell,68,17,37,61,85,98,-13,24,183
2104,2104,PN Type A Cell,43,23,40,51,66,91,-25,15,157
2105,2105,PN Type A Cell,46,20,35,52,66,87,-21,14,153
2106,2106,PN Type A Cell,48,16,38,46,64,84,-20,18,148
2107,2107,PN Type A Cell,48,22,43,47,70,90,-20,23,160
2108,2108,PN Type A Cell,52,27,32,47,79,79,0,32,158
2109,2109,PN Type A Cell,40,16,33,52,56,85,-29,4,141
2110,2110,PN Type A Cell,50,22,30,57,72,87,-15,15,159
2111,2111,PN Type A Cell,50,16,37,44,66,81,-15,22,147
2112,2112,PN Type A Cell,51,22,51,54,73,105,-32,19,178
2113,2113,PN Type A Cell,55,22,40,50,77,90,-13,27,167
2114,2114,PN Type A Cell,38,18,37,55,56,92,-36,1,148
2115,2115,PN Type A Cell,46,24,32,45,70,77,-7,25,147
2116,2116,PN Type A Cell,51,21,51,43,72,94,-22,29,166
2117,2117,PN Type A Cell,45,21,28,42,66,70,-4,24,136
2118,2118,PN Type A Cell,46,28,45,59,74,104,-30,15,178
2119,2119,PN Type A Cell,42,11,39,61,53,100,-47,-8,153
2120,2120,PN Type A Cell,44,23,39,59,67,98,-31,8,165
2121,2121,PN Type A Cell,52,21,42,51,73,93,-20,22,166
2122,2122,PN Type A Cell,50,15,39,53,65,92,-27,12,157
2123,2123,PN Type A Cell,52,13,32,58,65,90,-25,7,155
2124,2124,PN Type A Cell,41,29,33,47,70,80,-10,23,150
2125,2125,PN Type A Cell,49,24,35,58,73,93,-20,15,166
2126,2126,PN Type A Cell,50,23,35,43,73,78,-5,30,151
2127,2127,PN Type A Cell,44,25,48,62,69,110,-41,7,179
2128,2128,PN Type A Cell,49,23,37,55,72,92,-20,17,164
2129,2129,PN Type A Cell,48,23,42,47,71,89,-18,24,160
2130,2130,PN Type A Cell,47,22,44,60,69,104,-35,9,173
2131,2131,PN Type A Cell,47,19,33,45,66,78,-12,21,144
2132,2132,PN Type A Cell,46,17,35,58,63,93,-30,5,156
2133,2133,PN Type A Cell,53,19,43,62,72,105,-33,10,177
2134,2134,PN Type A Cell,59,22,41,49,81,90,-9,32,171
2135,2135,PN Type A Cell,32,17,43,43,49,86,-37,6,135
2136,2136,PN Type A Cell,47,22,34,58,69,92,-23,11,161
2137,2137,PN Type A Cell,55,16,32,51,71,83,-12,20,154
2138,2138,PN Type A Cell,45,15,43,59,60,102,-42,1,162
2139,2139,PN Type A Cell,47,26,37,61,73,98,-25,12,171
2140,2140,PN Type A Cell,40,26,45,53,66,98,-32,13,164
2141,2141,PN Type A Cell,50,25,44,39,75,83,-8,36,158
2142,2142,PN Type A Cell,45,15,39,54,60,93,-33,6,153
2143,2143,PN Type A Cell,40,19,43,59,59,102,-43,0,161
2144,2144,PN Type A Cell,49,20,39,44,69,83,-14,25,152
2145,2145,PN Type A Cell,45,14,33,43,59,76,-17,16,135
2146,2146,PN Type A Cell,46,14,41,50,60,91,-31,10,151
2147,2147,PN Type A Cell,33,21,41,50,54,91,-37,4,145
2148,2148,PN Type A Cell,40,16,36,51,56,87,-31,5,143
2149,2149,PN Type A Cell,40,19,40,44,59,84,-25,15,143
2150,2150,PN Type A Cell,52,28,34,54,80,88,-8,26,168
2151,2151,PN Type A Cell,44,15,51,47,59,98,-39,12,157
2152,2152,PN Type A Cell,45,16,38,37,61,75,-14,24,136
2153,2153,PN Type A Cell,43,14,42,54,57,96,-39,3,153
2154,2154,PN Type A Cell,39,21,44,50,60,94,-34,10,154
2155,2155,PN Type A Cell,31,21,33,61,52,94,-42,-9,146
2156,2156,PN Type A Cell,50,12,35,63,62,98,-36,-1,160
2157,2157,PN Type A Cell,44,21,39,57,65,96,-31,8,161
2158,2158,PN Type A Cell,51,16,35,53,67,88,-21,14,155
2159,2159,PN Type A Cell,57,18,42,47,75,89,-14,28,164
2160,2160,PN Type A Cell,42,18,37,56,60,93,-33,4,153
2161,2161,PN Type A Cell,46,20,43,49,66,92,-26,17,158
2162,2162,PN Type A Cell,62,23,31,60,85,91,-6,25,176
2163,2163,PN Type A Cell,44,24,43,48,68,91,-23,20,159
2164,2164,PN Type A Cell,38,14,37,60,52,97,-45,-8,149
2165,2165,PN Type A Cell,28,21,36,49,49,85,-36,0,134
2166,2166,PN Type A Cell,45,18,38,39,63,77,-14,24,140
2167,2167,PN Type A Cell,52,16,44,47,68,91,-23,21,159
2168,2168,PN Type A Cell,46,23,38,55,69,93,-24,14,162
2169,2169,PN Type A Cell,45,20,24,49,65,73,-8,16,138
2170,2170,PN Type A Cell,50,21,52,48,71,100,-29,23,171
2171,2171,PN Type A Cell,54,20,29,64,74,93,-19,10,167
2172,2172,PN Type A Cell,44,18,46,51,62,97,-35,11,159
2173,2173,PN Type A Cell,53,24,31,53,77,84,-7,24,161
2174,2174,PN Type A Cell,44,18,33,55,62,88,-26,7,150
2175,2175,PN Type A Cell,35,15,44,51,50,95,-45,-1,145
2176,2176,PN Type A Cell,45,21,29,42,66,71,-5,24,137
2177,2177,PN Type A Cell,40,22,42,67,62,109,-47,-5,171
2178,2178,PN Type A Cell,42,17,38,46,59,84,-25,13,143
2179,2179,PN Type A Cell,40,24,38,64,64,102,-38,0,166
2180,2180,PN Type A Cell,46,23,33,53,69,86,-17,16,155
2181,2181,PN Type A Cell,34,25,43,58,59,101,-42,1,160
2182,2182,PN Type A Cell,44,14,35,50,58,85,-27,8,143
2183,2183,PN Type A Cell,48,16,35,46,64,81,-17,18,145
2184,2184,PN Type A Cell,37,14,44,42,51,86,-35,9,137
2185,2185,PN Type A Cell,47,22,36,55,69,91,-22,14,160
2186,2186,PN Type A Cell,48,22,40,51,70,91,-21,19,161
2187,2187,PN Type A Cell,38,15,39,54,53,93,-40,-1,146
2188,2188,PN Type A Cell,48,15,45,38,63,83,-20,25,146
2189,2189,PN Type A Cell,44,15,38,56,59,94,-35,3,153
2190,2190,PN Type A Cell,37,26,48,46,63,94,-31,17,157
2191,2191,PN Type A Cell,35,16,33,51,51,84,-33,0,135
2192,2192,PN Type A Cell,39,20,38,59,59,97,-38,0,156
2193,2193,PN Type A Cell,50,17,53,38,67,91,-24,29,158
2194,2194,PN Type A Cell,46,23,42,49,69,91,-22,20,160
2195,2195,PN Type A Cell,45,17,32,45,62,77,-15,17,139
2196,2196,PN Type A Cell,47,14,40,46,61,86,-25,15,147
2197,2197,PN Type A Cell,45,15,39,55,60,94,-34,5,154
2198,2198,PN Type A Cell,49,16,49,50,65,99,-34,15,164
2199,2199,PN Type A Cell,42,20,45,59,62,104,-42,3,166
2200,2200,PN Type A Cell,58,26,36,61,84,97,-13,23,181
2201,2201,PN Type A Cell,50,21,31,54,71,85,-14,17,156
2202,2202,PN Type A Cell,38,21,36,59,59,95,-36,0,154
2203,2203,PN Type A Cell,51,14,38,53,65,91,-26,12,156
2204,2204,PN Type A Cell,53,16,44,59,69,103,-34,10,172
2205,2205,PN Type A Cell,49,18,44,60,67,104,-37,7,171
2206,2206,PN Type A Cell,46,22,41,49,68,90,-22,19,158
2207,2207,PN Type A Cell,49,19,31,58,68,89,-21,10,157
2208,2208,PN Type A Cell,43,18,45,51,61,96,-35,10,157
2209,2209,PN Type A Cell,40,21,35,48,61,83,-22,13,144
2210,2210,PN Type A Cell,59,15,40,60,74,100,-26,14,174
2211,2211,PN Type A Cell,37,29,26,62,66,88,-22,4,154
2212,2212,PN Type A Cell,52,14,32,64,66,96,-30,2,162
2213,2213,PN Type A Cell,36,16,24,46,52,70,-18,6,122
2214,2214,PN Type A Cell,42,21,31,48,63,79,-16,15,142
2215,2215,PN Type A Cell,46,21,39,49,67,88,-21,18,155
2216,2216,PN Type A Cell,42,12,46,54,54,100,-46,0,154
2217,2217,PN Type A Cell,49,16,24,54,65,78,-13,11,143
2218,2218,PN Type A Cell,57,17,35,46,74,81,-7,28,155
2219,2219,PN Type A Cell,44,20,39,52,64,91,-27,12,155
2220,2220,PN Type A Cell,51,14,35,50,65,85,-20,15,150
2221,2221,PN Type A Cell,47,16,35,51,63,86,-23,12,149
2222,2222,PN Type A Cell,43,20,44,45,63,89,-26,18,152
2223,2223,PN Type A Cell,38,32,39,45,70,84,-14,25,154
2224,2224,PN Type A Cell,40,22,34,51,62,85,-23,11,147
2225,2225,PN Type A Cell,41,18,38,45,59,83,-24,14,142
2226,2226,PN Type A Cell,42,21,38,54,63,92,-29,9,155
2227,2227,PN Type A Cell,41,16,41,58,57,99,-42,-1,156
2228,2228,PN Type A Cell,38,19,28,60,57,88,-31,-3,145
2229,2229,PN Type A Cell,42,18,43,48,60,91,-31,12,151
2230,2230,PN Type A Cell,44,18,34,49,62,83,-21,13,145
2231,2231,PN Type A Cell,36,18,43,61,54,104,-50,-7,158
2232,2232,PN Type A Cell,55,19,43,42,74,85,-11,32,159
2233,2233,PN Type A Cell,47,17,45,54,64,99,-35,10,163
2234,2234,PN Type A Cell,46,18,36,65,64,101,-37,-1,165
2235,2235,PN Type A Cell,43,16,34,51,59,85,-26,8,144
2236,2236,PN Type A Cell,55,18,48,57,73,105,-32,16,178
2237,2237,PN Type A Cell,45,16,43,62,61,105,-44,-1,166
2238,2238,PN Type A Cell,43,22,37,49,65,86,-21,16,151
2239,2239,PN Type A Cell,45,19,40,41,64,81,-17,23,145
2240,2240,PN Type A Cell,37,16,34,45,53,79,-26,8,132
2241,2241,PN Type A Cell,50,17,33,50,67,83,-16,17,150
2242,2242,PN Type A Cell,51,15,40,48,66,88,-22,18,154
2243,2243,PN Type A Cell,48,13,51,53,61,104,-43,8,165
2244,2244,PN Type A Cell,38,23,39,51,61,90,-29,10,151
2245,2245,PN Type A Cell,42,18,34,54,60,88,-28,6,148
2246,2246,PN Type A Cell,43,18,33,53,61,86,-25,8,147
2247,2247,PN Type A Cell,53,19,37,54,72,91,-19,18,163
2248,2248,PN Type A Cell,40,16,37,52,56,89,-33,4,145
2249,2249,PN Type A Cell,37,11,37,56,48,93,-45,-8,141
2250,2250,PN Type A Cell,42,14,34,48,56,82,-26,8,138
2251,2251,PN Type A Cell,45,20,39,50,65,89,-24,15,154
2252,2252,PN Type A Cell,32,26,45,51,58,96,-38,7,154
2253,2253,PN Type A Cell,40,21,38,52,61,90,-29,9,151
2254,2254,PN Type A Cell,45,22,32,48,67,80,-13,19,147
2255,2255,PN Type A Cell,48,18,37,56,66,93,-27,10,159
2256,2256,PN Type A Cell,35,22,40,41,57,81,-24,16,138
2257,2257,PN Type A Cell,44,23,30,47,67,77,-10,20,144
2258,2258,PN Type A Cell,51,15,39,50,66,89,-23,16,155
2259,2259,PN Type A Cell,49,23,43,48,72,91,-19,24,163
2260,2260,PN Type A Cell,46,21,41,55,67,96,-29,12,163
2261,2261,PN Type A Cell,58,16,39,50,74,89,-15,24,163
2262,2262,PN Type A Cell,46,16,46,69,62,115,-53,-7,177
2263,2263,PN Type A Cell,51,17,39,44,68,83,-15,24,151
2264,2264,PN Type A Cell,47,19,31,54,66,85,-19,12,151
2265,2265,PN Type A Cell,40,18,47,61,58,108,-50,-3,166
2266,2266,PN Type A Cell,48,23,36,40,71,76,-5,31,147
2267,2267,PN Type A Cell,52,22,40,55,74,95,-21,19,169
2268,2268,PN Type A Cell,49,27,29,36,76,65,11,40,141
2269,2269,PN Type A Cell,43,23,44,48,66,92,-26,18,158
2270,2270,PN Type A Cell,35,22,41,57,57,98,-41,0,155
2271,2271,PN Type A Cell,40,16,31,59,56,90,-34,-3,146
2272,2272,PN Type A Cell,41,18,31,54,59,85,-26,5,144
2273,2273,PN Type A Cell,43,21,44,38,64,82,-18,26,146
2274,2274,PN Type A Cell,47,18,39,51,65,90,-25,14,155
2275,2275,PN Type A Cell,33,11,47,60,44,107,-63,-16,151
2276,2276,PN Type C Cell,40,22,40,45,62,85,-23,17,147
2277,2277,PN Type C Cell,56,24,29,50,80,79,1,30,159
2278,2278,PN Type C Cell,44,18,41,47,62,88,-26,15,150
2279,2279,PN Type C Cell,42,25,47,49,67,96,-29,18,163
2280,2280,PN Type C Cell,53,19,44,47,72,91,-19,25,163
2281,2281,PN Type C Cell,49,23,40,42,72,82,-10,30,154
2282,2282,PN Type C Cell,40,18,32,50,58,82,-24,8,140
2283,2283,PN Type C Cell,51,20,36,44,71,80,-9,27,151
2284,2284,PN Type C Cell,53,19,40,61,72,101,-29,11,173
2285,2285,PN Type C Cell,47,18,44,46,65,90,-25,19,155
2286,2286,PN Type C Cell,44,18,37,44,62,81,-19,18,143
2287,2287,PN Type C Cell,42,25,34,57,67,91,-24,10,158
2288,2288,PN Type C Cell,45,15,42,54,60,96,-36,6,156
2289,2289,PN Type C Cell,44,23,40,64,67,104,-37,3,171
2290,2290,PN Type C Cell,38,22,39,49,60,88,-28,11,148
2291,2291,PN Type C Cell,55,8,36,43,63,79,-16,20,142
2292,2292,PN Type C Cell,41,26,39,60,67,99,-32,7,166
2293,2293,PN Type C Cell,46,17,40,47,63,87,-24,16,150
2294,2294,PN Type C Cell,42,21,29,53,63,82,-19,10,145
2295,2295,PN Type C Cell,58,15,31,52,73,83,-10,21,156
2296,2296,PN Type C Cell,51,23,39,61,74,100,-26,13,174
2297,2297,PN Type C Cell,44,17,37,54,61,91,-30,7,152
2298,2298,PN Type C Cell,35,14,31,47,49,78,-29,2,127
2299,2299,PN Type C Cell,48,19,42,57,67,99,-32,10,166
2300,2300,PN Type C Cell,40,21,43,50,61,93,-32,11,154
2301,2301,PN Type C Cell,33,19,38,61,52,99,-47,-9,151
2302,2302,PN Type C Cell,43,25,44,52,68,96,-28,16,164
2303,2303,PN Type C Cell,38,26,33,51,64,84,-20,13,148
2304,2304,PN Type C Cell,50,20,46,52,70,98,-28,18,168
2305,2305,PN Type C Cell,38,22,43,62,60,105,-45,-2,165
2306,2306,PN Type C Cell,45,14,38,33,59,71,-12,26,130
2307,2307,PN Type C Cell,49,17,38,57,66,95,-29,9,161
2308,2308,PN Type C Cell,47,19,41,63,66,104,-38,3,170
2309,2309,PN Type C Cell,61,12,46,53,73,99,-26,20,172
2310,2310,PN Type C Cell,55,17,40,52,72,92,-20,20,164
2311,2311,PN Type C Cell,52,5,35,63,57,98,-41,-6,155
2312,2312,PN Type C Cell,51,24,34,66,75,100,-25,9,175
2313,2313,PN Type C Cell,42,27,39,48,69,87,-18,21,156
2314,2314,PN Type C Cell,53,22,36,47,75,83,-8,28,158
2315,2315,PN Type C Cell,48,20,33,48,68,81,-13,20,149
2316,2316,PN Type C Cell,42,29,32,54,71,86,-15,17,157
2317,2317,PN Type C Cell,46,20,38,42,66,80,-14,24,146
2318,2318,PN Type C Cell,45,18,38,62,63,100,-37,1,163
2319,2319,PN Type C Cell,32,21,29,57,53,86,-33,-4,139
2320,2320,PN Type C Cell,59,22,36,56,81,92,-11,25,173
2321,2321,PN Type C Cell,45,18,39,54,63,93,-30,9,156
2322,2322,PN Type C Cell,43,17,50,53,60,103,-43,7,163
2323,2323,PN Type C Cell,39,20,44,35,59,79,-20,24,138
2324,2324,PN Type C Cell,51,24,36,50,75,86,-11,25,161
2325,2325,PN Type C Cell,51,29,40,55,80,95,-15,25,175
2326,2326,PN Type C Cell,45,20,38,49,65,87,-22,16,152
2327,2327,PN Type C Cell,57,23,28,46,80,74,6,34,154
2328,2328,PN Type C Cell,48,17,35,38,65,73,-8,27,138
2329,2329,PN Type C Cell,47,22,38,44,69,82,-13,25,151
2330,2330,PN Type C Cell,39,20,31,57,59,88,-29,2,147
2331,2331,PN Type C Cell,55,22,37,56,77,93,-16,21,170
2332,2332,PN Type C Cell,41,19,26,57,60,83,-23,3,143
2333,2333,PN Type C Cell,46,16,50,55,62,105,-43,7,167
2334,2334,PN Type C Cell,45,28,38,56,73,94,-21,17,167
2335,2335,PN Type C Cell,56,22,51,57,78,108,-30,21,186
2336,2336,PN Type C Cell,48,18,32,51,66,83,-17,15,149
2337,2337,PN Type C Cell,50,18,38,58,68,96,-28,10,164
2338,2338,PN Type C Cell,57,16,39,48,73,87,-14,25,160
2339,2339,PN Type C Cell,54,16,39,40,70,79,-9,30,149
2340,2340,PN Type C Cell,52,28,41,49,80,90,-10,31,170
2341,2341,PN Type C Cell,61,12,40,53,73,93,-20,20,166
2342,2342,PN Type C Cell,47,22,38,63,69,101,-32,6,170
2343,2343,PN Type C Cell,44,15,40,48,59,88,-29,11,147
2344,2344,PN Type C Cell,50,15,49,43,65,92,-27,22,157
2345,2345,PN Type C Cell,43,20,42,50,63,92,-29,13,155
2346,2346,PN Type C Cell,40,16,35,42,56,77,-21,14,133
2347,2347,PN Type C Cell,54,14,44,48,68,92,-24,20,160
2348,2348,PN Type C Cell,37,18,26,56,55,82,-27,-1,137
2349,2349,PN Type C Cell,46,20,39,66,66,105,-39,0,171
2350,2350,PN Type C Cell,43,21,39,45,64,84,-20,19,148
2351,2351,PN Type C Cell,51,11,54,43,62,97,-35,19,159
2352,2352,PN Type C Cell,42,16,39,61,58,100,-42,-3,158
2353,2353,PN Type C Cell,44,18,40,54,62,94,-32,8,156
2354,2354,PN Type C Cell,38,16,47,47,54,94,-40,7,148
2355,2355,PN Type C Cell,41,17,36,58,58,94,-36,0,152
2356,2356,PN Type C Cell,57,21,36,44,78,80,-2,34,158
2357,2357,PN Type C Cell,41,10,32,52,51,84,-33,-1,135
2358,2358,PN Type C Cell,42,27,41,48,69,89,-20,21,158
2359,2359,PN Type C Cell,47,12,38,48,59,86,-27,11,145
2360,2360,PN Type C Cell,31,19,44,58,50,102,-52,-8,152
2361,2361,PN Type C Cell,47,17,42,50,64,92,-28,14,156
2362,2362,PN Type C Cell,38,18,36,54,56,90,-34,2,146
2363,2363,PN Type C Cell,47,19,40,45,66,85,-19,21,151
2364,2364,PN Type C Cell,47,18,42,45,65,87,-22,20,152
2365,2365,PN Type C Cell,42,17,38,56,59,94,-35,3,153
2366,2366,PN Type C Cell,47,22,27,59,69,86,-17,10,155
2367,2367,PN Type C Cell,46,17,33,59,63,92,-29,4,155
2368,2368,PN Type C Cell,52,14,36,54,66,90,-24,12,156
2369,2369,PN Type C Cell,59,22,38,61,81,99,-18,20,180
2370,2370,PN Type C Cell,43,18,38,42,61,80,-19,19,141
2371,2371,PN Type C Cell,54,10,41,52,64,93,-29,12,157
2372,2372,PN Type C Cell,47,23,44,51,70,95,-25,19,165
2373,2373,PN Type C Cell,36,18,45,54,54,99,-45,0,153
2374,2374,PN Type C Cell,52,11,34,53,63,87,-24,10,150
2375,2375,PN Type C Cell,44,21,46,41,65,87,-22,24,152
2376,2376,PN Type C Cell,48,26,33,53,74,86,-12,21,160
2377,2377,PN Type C Cell,41,17,39,50,58,89,-31,8,147
2378,2378,PN Type C Cell,55,20,41,65,75,106,-31,10,181
2379,2379,PN Type C Cell,34,14,33,47,48,80,-32,1,128
2380,2380,PN Type C Cell,46,16,38,57,62,95,-33,5,157
2381,2381,PN Type C Cell,41,18,34,42,59,76,-17,17,135
2382,2382,PN Type C Cell,42,16,35,50,58,85,-27,8,143
2383,2383,PN Type C Cell,46,21,37,65,67,102,-35,2,169
2384,2384,PN Type C Cell,60,23,38,57,83,95,-12,26,178
2385,2385,PN Type C Cell,43,20,41,45,63,86,-23,18,149
2386,2386,PN Type C Cell,47,16,32,58,63,90,-27,5,153
2387,2387,PN Type C Cell,47,17,40,59,64,99,-35,5,163
2388,2388,PN Type C Cell,40,21,30,40,61,70,-9,21,131
2389,2389,PN Type C Cell,45,16,43,52,61,95,-34,9,156
2390,2390,PN Type C Cell,46,14,38,46,60,84,-24,14,144
2391,2391,PN Type C Cell,40,16,42,53,56,95,-39,3,151
2392,2392,PN Type C Cell,40,19,37,50,59,87,-28,9,146
2393,2393,PN Type C Cell,39,16,37,50,55,87,-32,5,142
2394,2394,PN Type C Cell,38,20,38,46,58,84,-26,12,142
2395,2395,PN Type C Cell,49,17,34,48,66,82,-16,18,148
2396,2396,PN Type C Cell,49,15,38,40,64,78,-14,24,142
2397,2397,PN Type C Cell,49,18,31,54,67,85,-18,13,152
2398,2398,PN Type C Cell,43,19,41,57,62,98,-36,5,160
2399,2399,PN Type C Cell,47,17,48,60,64,108,-44,4,172
2400,2400,PN Type C Cell,40,20,38,54,60,92,-32,6,152
2401,2401,PN Type C Cell,38,23,48,46,61,94,-33,15,155
2402,2402,PN Type C Cell,46,20,36,52,66,88,-22,14,154
2403,2403,PN Type C Cell,33,13,40,53,46,93,-47,-7,139
2404,2404,PN Type C Cell,45,14,30,38,59,68,-9,21,127
2405,2405,PN Type C Cell,54,22,40,46,76,86,-10,30,162
2406,2406,PN Type C Cell,52,21,39,49,73,88,-15,24,161
2407,2407,PN Type C Cell,59,19,34,54,78,88,-10,24,166
2408,2408,PN Type C Cell,48,16,44,61,64,105,-41,3,169
2409,2409,PN Type C Cell,43,24,37,46,67,83,-16,21,150
2410,2410,PN Type C Cell,46,29,38,61,75,99,-24,14,174
2411,2411,PN Type C Cell,46,19,44,51,65,95,-30,14,160
2412,2412,PN Type C Cell,35,18,27,40,53,67,-14,13,120
2413,2413,PN Type C Cell,53,17,35,48,70,83,-13,22,153
2414,2414,PN Type C Cell,44,21,36,62,65,98,-33,3,163
2415,2415,PN Type C Cell,44,17,46,58,61,104,-43,3,165
2416,2416,PN Type C Cell,36,18,35,46,54,81,-27,8,135
2417,2417,PN Type C Cell,51,9,34,59,60,93,-33,1,153
2418,2418,PN Type C Cell,29,16,46,58,45,104,-59,-13,149
2419,2419,PN Type C Cell,42,15,35,70,57,105,-48,-13,162
2420,2420,PN Type C Cell,45,16,31,58,61,89,-28,3,150
2421,2421,PN Type C Cell,42,15,36,51,57,87,-30,6,144
2422,2422,PN Type C Cell,39,16,32,52,55,84,-29,3,139
2423,2423,PN Type C Cell,55,16,33,61,71,94,-23,10,165
2424,2424,PN Type C Cell,32,20,47,54,52,101,-49,-2,153
2425,2425,PN Type C Cell,34,21,32,45,55,77,-22,10,132
2426,2426,PN Type C Cell,38,21,42,48,59,90,-31,11,149
2427,2427,PN Type C Cell,43,17,31,54,60,85,-25,6,145
2428,2428,PN Type C Cell,43,20,40,54,63,94,-31,9,157
2429,2429,PN Type C Cell,49,13,39,55,62,94,-32,7,156
2430,2430,PN Type C Cell,51,27,40,57,78,97,-19,21,175
2431,2431,PN Type C Cell,34,18,42,44,52,86,-34,8,138
2432,2432,PN Type C Cell,44,21,43,48,65,91,-26,17,156
2433,2433,PN Type C Cell,33,19,41,50,52,91,-39,2,143
2434,2434,PN Type C Cell,48,16,35,48,64,83,-19,16,147
2435,2435,PN Type C Cell,44,22,48,46,66,94,-28,20,160
2436,2436,PN Type C Cell,36,24,56,51,60,107,-47,9,167
2437,2437,PN Type C Cell,51,25,34,58,76,92,-16,18,168
2438,2438,PN Type C Cell,46,16,44,55,62,99,-37,7,161
2439,2439,PN Type C Cell,40,26,38,42,66,80,-14,24,146
2440,2440,PN Type C Cell,37,20,35,51,57,86,-29,6,143
2441,2441,PN Type C Cell,36,19,40,40,55,80,-25,15,135
2442,2442,PN Type C Cell,42,16,40,53,58,93,-35,5,151
2443,2443,PN Type C Cell,39,22,41,62,61,103,-42,-1,164
2444,2444,PN Type C Cell,48,16,44,52,64,96,-32,12,160
2445,2445,PN Type C Cell,54,21,36,50,75,86,-11,25,161
2446,2446,PN Type C Cell,53,24,30,56,77,86,-9,21,163
2447,2447,PN Type C Cell,47,14,46,55,61,101,-40,6,162
2448,2448,PN Type C Cell,35,18,42,51,53,93,-40,2,146
2449,2449,PN Type C Cell,51,21,51,51,72,102,-30,21,174
2450,2450,PN Type C Cell,38,10,30,50,48,80,-32,-2,128
2451,2451,PN Type C Cell,45,12,43,52,57,95,-38,5,152
2452,2452,PN Type C Cell,35,23,26,50,58,76,-18,8,134
2453,2453,PN Type C Cell,47,21,40,46,68,86,-18,22,154
2454,2454,PN Type C Cell,40,14,26,46,54,72,-18,8,126
2455,2455,PN Type C Cell,45,19,34,55,64,89,-25,9,153
2456,2456,PN Type C Cell,48,19,41,63,67,104,-37,4,171
2457,2457,PN Type C Cell,48,21,48,45,69,93,-24,24,162
2458,2458,PN Type C Cell,38,22,28,49,60,77,-17,11,137
2459,2459,PN Type C Cell,54,21,34,55,75,89,-14,20,164
2460,2460,PN Type C Cell,41,17,41,54,58,95,-37,4,153
2461,2461,PN Type C Cell,45,22,39,61,67,100,-33,6,167
2462,2462,PN Type C Cell,41,21,28,52,62,80,-18,10,142
2463,2463,PN Type C Cell,52,21,35,56,73,91,-18,17,164
2464,2464,PN Type C Cell,44,17,40,51,61,91,-30,10,152
2465,2465,PN Type C Cell,49,18,34,58,67,92,-25,9,159
2466,2466,PN Type C Cell,53,19,45,47,72,92,-20,25,164
2467,2467,PN Type C Cell,51,29,31,50,80,81,-1,30,161
2468,2468,PN Type C Cell,52,17,47,53,69,100,-31,16,169
2469,2469,PN Type C Cell,36,17,39,47,53,86,-33,6,139
2470,2470,PN Type C Cell,34,15,34,32,49,66,-17,17,115
2471,2471,PN Type C Cell,45,14,35,46,59,81,-22,13,140
2472,2472,PN Type C Cell,46,21,35,50,67,85,-18,17,152
2473,2473,PN Type C Cell,43,20,32,57,63,89,-26,6,152
2474,2474,PN Type C Cell,36,15,42,58,51,100,-49,-7,151
2475,2475,PN Type C Cell,39,18,33,54,57,87,-30,3,144
2476,2476,PN Type C Cell,48,21,36,46,69,82,-13,23,151
2477,2477,PN Type C Cell,44,15,43,51,59,94,-35,8,153
2478,2478,PN Type C Cell,49,13,34,46,62,80,-18,16,142
2479,2479,PN Type C Cell,36,20,49,70,56,119,-63,-14,175
2480,2480,PN Type C Cell,41,17,37,52,58,89,-31,6,147
2481,2481,PN Type C Cell,32,12,42,54,44,96,-52,-10,140
2482,2482,PN Type C Cell,38,20,38,53,58,91,-33,5,149
2483,2483,PN Type C Cell,37,23,45,49,60,94,-34,11,154
2484,2484,PN Type C Cell,44,20,37,54,64,91,-27,10,155
2485,2485,PN Type C Cell,49,18,44,48,67,92,-25,19,159
2486,2486,PN Type C Cell,50,12,46,57,62,103,-41,5,165
2487,2487,PN Type C Cell,46,20,29,47,66,76,-10,19,142
2488,2488,PN Type C Cell,40,21,32,55,61,87,-26,6,148
2489,2489,PN Type C Cell,53,19,40,61,72,101,-29,11,173
2490,2490,PN Type C Cell,46,21,43,47,67,90,-23,20,157
2491,2491,PN Type C Cell,42,25,49,50,67,99,-32,17,166
2492,2492,PN Type C Cell,46,28,41,43,74,84,-10,31,158
2493,2493,PN Type C Cell,52,15,37,47,67,84,-17,20,151
2494,2494,PN Type C Cell,49,22,36,59,71,95,-24,12,166
2495,2495,PN Type C Cell,35,20,31,51,55,82,-27,4,137
2496,2496,PN Type C Cell,53,23,35,58,76,93,-17,18,169
2497,2497,PN Type C Cell,54,18,36,52,72,88,-16,20,160
2498,2498,PN Type C Cell,46,28,41,47,74,88,-14,27,162
2499,2499,PN Type C Cell,42,14,45,62,56,107,-51,-6,163
2500,2500,PN Type C Cell,43,22,24,31,65,55,10,34,120
2501,2501,PN Type C Cell,44,22,47,53,66,100,-34,13,166
2502,2502,PN Type C Cell,44,18,40,56,62,96,-34,6,158
2503,2503,PN Type C Cell,52,15,41,56,67,97,-30,11,164
2504,2504,PN Type C Cell,38,13,47,49,51,96,-45,2,147
2505,2505,PN Type C Cell,45,21,36,42,66,78,-12,24,144
2506,2506,PN Type C Cell,49,9,36,40,58,76,-18,18,134
2507,2507,PN Type C Cell,49,26,33,54,75,87,-12,21,162
2508,2508,PN Type C Cell,43,20,35,68,63,103,-40,-5,166
2509,2509,PN Type C Cell,42,17,41,55,59,96,-37,4,155
2510,2510,PN Type C Cell,33,13,46,50,46,96,-50,-4,142
2511,2511,PN Type C Cell,43,19,37,52,62,89,-27,10,151
2512,2512,PN Type C Cell,37,20,27,45,57,72,-15,12,129
2513,2513,PN Type C Cell,47,18,38,49,65,87,-22,16,152
2514,2514,PN Type C Cell,47,12,44,54,59,98,-39,5,157
2515,2515,PN Type C Cell,48,22,34,45,70,79,-9,25,149
2516,2516,PN Type C Cell,46,17,36,40,63,76,-13,23,139
2517,2517,PN Type C Cell,60,21,41,48,81,89,-8,33,170
2518,2518,PN Type C Cell,45,15,34,60,60,94,-34,0,154
2519,2519,PN Type C Cell,39,23,37,57,62,94,-32,5,156
2520,2520,PN Type C Cell,41,21,40,62,62,102,-40,0,164
2521,2521,PN Type C Cell,46,16,37,53,62,90,-28,9,152
2522,2522,PN Type C Cell,50,21,49,55,71,104,-33,16,175
2523,2523,PN Type C Cell,39,14,37,54,53,91,-38,-1,144
2524,2524,PN Type C Cell,50,14,41,59,64,100,-36,5,164
2525,2525,PN Type C Cell,51,20,35,40,71,75,-4,31,146
2526,2526,PN Type C Cell,31,18,43,48,49,91,-42,1,140
2527,2527,PN Type C Cell,47,18,35,58,65,93,-28,7,158
2528,2528,PN Type C Cell,46,16,48,57,62,105,-43,5,167
2529,2529,PN Type C Cell,50,16,35,44,66,79,-13,22,145
2530,2530,PN Type C Cell,41,23,39,50,64,89,-25,14,153
2531,2531,PN Type C Cell,43,20,33,46,63,79,-16,17,142
2532,2532,PN Type C Cell,46,21,40,49,67,89,-22,18,156
2533,2533,PN Type C Cell,55,16,49,57,71,106,-35,14,177
2534,2534,PN Type C Cell,40,22,33,65,62,98,-36,-3,160
2535,2535,PN Type C Cell,53,20,40,62,73,102,-29,11,175
2536,2536,PN Type C Cell,52,18,39,59,70,98,-28,11,168
2537,2537,PN Type C Cell,53,24,41,56,77,97,-20,21,174
2538,2538,PN Type C Cell,36,13,35,47,49,82,-33,2,131
2539,2539,PN Type C Cell,41,27,39,45,68,84,-16,23,152
2540,2540,PN Type C Cell,47,23,38,47,70,85,-15,23,155
2541,2541,PN Type C Cell,41,14,39,57,55,96,-41,-2,151
2542,2542,PN Type C Cell,54,27,34,58,81,92,-11,23,173
2543,2543,PN Type C Cell,46,14,45,47,60,92,-32,13,152
2544,2544,PN Type C Cell,51,17,40,54,68,94,-26,14,162
2545,2545,PN Type C Cell,37,17,45,54,54,99,-45,0,153
2546,2546,PN Type C Cell,49,15,40,46,64,86,-22,18,150
2547,2547,PN Type C Cell,47,25,47,53,72,100,-28,19,172
2548,2548,PN Type C Cell,37,18,39,51,55,90,-35,4,145
2549,2549,PN Type C Cell,36,19,24,46,55,70,-15,9,125
2550,2550,PN Type C Cell,46,20,45,50,66,95,-29,16,161
2551,2551,PN Type C Cell,41,14,44,58,55,102,-47,-3,157
2552,2552,PN Type C Cell,57,15,39,55,72,94,-22,17,166
2553,2553,PN Type C Cell,39,15,47,50,54,97,-43,4,151
2554,2554,PN Type C Cell,46,17,46,52,63,98,-35,11,161
2555,2555,PN Type C Cell,45,18,37,49,63,86,-23,14,149
2556,2556,PN Type C Cell,55,9,39,50,64,89,-25,14,153
2557,2557,PN Type C Cell,30,18,32,59,48,91,-43,-11,139
2558,2558,PN Type C Cell,44,19,41,33,63,74,-11,30,137
2559,2559,PN Type C Cell,64,28,40,47,92,87,5,45,179
2560,2560,PN Type C Cell,47,24,38,46,71,84,-13,25,155
2561,2561,PN Type C Cell,43,19,37,45,62,82,-20,17,144
2562,2562,PN Type C Cell,49,13,35,64,62,99,-37,-2,161
2563,2563,PN Type C Cell,52,31,45,42,83,87,-4,41,170
2564,2564,PN Type C Cell,51,22,50,42,73,92,-19,31,165
2565,2565,PN Type C Cell,58,16,41,50,74,91,-17,24,165
2566,2566,PN Type C Cell,43,27,26,60,70,86,-16,10,156
2567,2567,PN Type C Cell,50,14,38,56,64,94,-30,8,158
2568,2568,PN Type C Cell,40,21,44,50,61,94,-33,11,155
2569,2569,PN Type C Cell,48,17,23,46,65,69,-4,19,134
2570,2570,PN Type C Cell,59,21,50,50,80,100,-20,30,180
2571,2571,PN Type C Cell,26,20,36,57,46,93,-47,-11,139
2572,2572,PN Type C Cell,54,27,36,58,81,94,-13,23,175
2573,2573,PN Type C Cell,41,18,38,55,59,93,-34,4,152
2574,2574,PN Type C Cell,48,15,44,55,63,99,-36,8,162
2575,2575,PN Type C Cell,44,19,41,51,63,92,-29,12,155
2576,2576,PN Type C Cell,40,12,41,53,52,94,-42,-1,146
2577,2577,PN Type C Cell,38,19,44,59,57,103,-46,-2,160
2578,2578,PN Type C Cell,47,19,34,42,66,76,-10,24,142
2579,2579,PN Type C Cell,45,15,41,51,60,92,-32,9,152
2580,2580,PN Type C Cell,54,25,38,45,79,83,-4,34,162
2581,2581,PN Type C Cell,59,16,34,50,75,84,-9,25,159
2582,2582,PN Type C Cell,45,16,29,45,61,74,-13,16,135
2583,2583,PN Type C Cell,57,23,38,42,80,80,0,38,160
2584,2584,PN Type C Cell,52,16,31,50,68,81,-13,18,149
2585,2585,PN Type C Cell,42,24,49,52,66,101,-35,14,167
2586,2586,PN Type C Cell,49,12,36,38,61,74,-13,23,135
2587,2587,PN Type C Cell,50,18,28,44,68,72,-4,24,140
2588,2588,PN Type C Cell,39,18,41,55,57,96,-39,2,153
2589,2589,PN Type C Cell,52,15,38,49,67,87,-20,18,154
2590,2590,PN Type C Cell,60,15,46,53,75,99,-24,22,174
2591,2591,PN Type C Cell,44,18,21,44,62,65,-3,18,127
2592,2592,PN Type C Cell,49,15,36,49,64,85,-21,15,149
2593,2593,PN Type C Cell,50,30,45,54,80,99,-19,26,179
2594,2594,PN Type C Cell,54,16,36,51,70,87,-17,19,157
2595,2595,PN Type C Cell,47,11,35,51,58,86,-28,7,144
2596,2596,PN Type C Cell,42,14,47,49,56,96,-40,7,152
2597,2597,PN Type C Cell,36,16,38,47,52,85,-33,5,137
2598,2598,PN Type C Cell,40,14,37,52,54,89,-35,2,143
2599,2599,PN Type C Cell,54,19,43,51,73,94,-21,22,167
2600,2600,PN Type C Cell,34,16,31,46,50,77,-27,4,127
2601,2601,PN Type C Cell,34,20,34,52,54,86,-32,2,140
2602,2602,PN Type C Cell,47,21,39,50,68,89,-21,18,157
2603,2603,PN Type C Cell,39,15,52,44,54,96,-42,10,150
2604,2604,PN Type C Cell,46,20,39,52,66,91,-25,14,157
2605,2605,PN Type C Cell,42,18,42,41,60,83,-23,19,143
2606,2606,PN Type C Cell,51,15,43,52,66,95,-29,14,161
2607,2607,PN Type C Cell,41,23,38,46,64,84,-20,18,148
2608,2608,PN Type C Cell,44,13,40,68,57,108,-51,-11,165
2609,2609,PN Type C Cell,34,24,39,62,58,101,-43,-4,159
2610,2610,PN Type C Cell,41,18,36,57,59,93,-34,2,152
2611,2611,PN Type C Cell,47,21,38,52,68,90,-22,16,158
2612,2612,PN Type C Cell,46,22,32,59,68,91,-23,9,159
2613,2613,PN Type C Cell,46,19,38,47,65,85,-20,18,150
2614,2614,PN Type C Cell,45,26,41,50,71,91,-20,21,162
2615,2615,PN Type C Cell,44,18,37,61,62,98,-36,1,160
2616,2616,PN Type C Cell,45,10,41,53,55,94,-39,2,149
2617,2617,PN Type C Cell,48,16,35,49,64,84,-20,15,148
2618,2618,PN Type C Cell,53,17,30,62,70,92,-22,8,162
2619,2619,PN Type C Cell,52,17,31,46,69,77,-8,23,146
2620,2620,PN Type C Cell,52,16,38,51,68,89,-21,17,157
2621,2621,PN Type C Cell,42,23,47,48,65,95,-30,17,160
2622,2622,PN Type C Cell,45,17,49,48,62,97,-35,14,159
2623,2623,PN Type C Cell,39,22,38,46,61,84,-23,15,145
2624,2624,PN Type C Cell,46,15,35,55,61,90,-29,6,151
2625,2625,PN Type C Cell,51,16,31,61,67,92,-25,6,159
2626,2626,PN Type C Cell,36,14,37,53,50,90,-40,-3,140
2627,2627,PN Type C Cell,53,14,32,49,67,81,-14,18,148
2628,2628,PN Type C Cell,45,16,42,40,61,82,-21,21,143
2629,2629,PN Type C Cell,53,14,42,41,67,83,-16,26,150
2630,2630,PN Type C Cell,46,18,41,52,64,93,-29,12,157
2631,2631,PN Type C Cell,43,20,29,51,63,80,-17,12,143
2632,2632,PN Type C Cell,40,17,40,61,57,101,-44,-4,158
2633,2633,PN Type C Cell,53,24,39,55,77,94,-17,22,171
2634,2634,PN Type C Cell,43,16,46,61,59,107,-48,-2,166
2635,2635,PN Type C Cell,44,20,33,51,64,84,-20,13,148
2636,2636,PN Type C Cell,44,20,33,49,64,82,-18,15,146
2637,2637,PN Type C Cell,42,20,40,50,62,90,-28,12,152
2638,2638,PN Type C Cell,42,17,42,61,59,103,-44,-2,162
2639,2639,PN Type C Cell,49,14,32,46,63,78,-15,17,141
2640,2640,PN Type C Cell,45,23,41,42,68,83,-15,26,151
2641,2641,PN Type C Cell,42,17,33,61,59,94,-35,-2,153
2642,2642,PN Type C Cell,45,26,49,58,71,107,-36,13,178
2643,2643,PN Type C Cell,53,18,40,58,71,98,-27,13,169
2644,2644,PN Type C Cell,46,16,33,45,62,78,-16,17,140
2645,2645,PN Type C Cell,41,14,39,47,55,86,-31,8,141
2646,2646,PN Type C Cell,42,18,38,43,60,81,-21,17,141
2647,2647,PN Type C Cell,40,18,40,46,58,86,-28,12,144
2648,2648,PN Type C Cell,53,18,43,60,71,103,-32,11,174
2649,2649,PN Type C Cell,51,21,48,49,72,97,-25,23,169
2650,2650,PN Type C Cell,36,17,34,56,53,90,-37,-3,143
2651,2651,PN Type C Cell,42,16,35,58,58,93,-35,0,151
2652,2652,PN Type C Cell,52,14,39,55,66,94,-28,11,160
2653,2653,PN Type C Cell,48,16,39,56,64,95,-31,8,159
2654,2654,PN Type C Cell,50,15,44,55,65,99,-34,10,164
2655,2655,PN Type C Cell,38,23,41,51,61,92,-31,10,153
2656,2656,PN Type C Cell,52,19,41,56,71,97,-26,15,168
2657,2657,PN Type C Cell,43,19,41,57,62,98,-36,5,160
2658,2658,PN Type C Cell,40,24,52,57,64,109,-45,7,173
2659,2659,PN Type C Cell,53,24,41,54,77,95,-18,23,172
2660,2660,PN Type C Cell,45,15,39,50,60,89,-29,10,149
2661,2661,PN Type C Cell,50,13,39,54,63,93,-30,9,156
2662,2662,PN Type C Cell,44,17,43,50,61,93,-32,11,154
2663,2663,PN Type C Cell,39,15,40,52,54,92,-38,2,146
2664,2664,PN Type C Cell,49,18,46,55,67,101,-34,12,168
2665,2665,PN Type C Cell,52,12,43,58,64,101,-37,6,165
2666,2666,PN Type C Cell,30,14,41,43,44,84,-40,1,128
2667,2667,PN Type C Cell,44,12,37,56,56,93,-37,0,149
2668,2668,PN Type C Cell,46,23,47,57,69,104,-35,12,173
2669,2669,PN Type C Cell,35,22,40,61,57,101,-44,-4,158
2670,2670,PN Type C Cell,49,25,32,51,74,83,-9,23,157
2671,2671,PN Type C Cell,45,26,35,69,71,104,-33,2,175
2672,2672,PN Type C Cell,56,13,39,44,69,83,-14,25,152
2673,2673,PN Type C Cell,46,12,38,61,58,99,-41,-3,157
2674,2674,PN Type C Cell,59,23,41,49,82,90,-8,33,172
2675,2675,PN Type C Cell,55,21,34,37,76,71,5,39,147
2676,2676,PN Type C Cell,50,21,37,55,71,92,-21,16,163
2677,2677,PN Type C Cell,46,19,48,47,65,95,-30,18,160
2678,2678,PN Type C Cell,57,24,25,59,81,84,-3,22,165
2679,2679,PN Type C Cell,50,14,39,57,64,96,-32,7,160
2680,2680,PN Type C Cell,49,21,38,52,70,90,-20,18,160
2681,2681,PN Type C Cell,55,20,34,44,75,78,-3,31,153
2682,2682,PN Type C Cell,35,23,32,61,58,93,-35,-3,151
2683,2683,PN Type C Cell,51,13,41,62,64,103,-39,2,167
2684,2684,PN Type C Cell,31,19,42,56,50,98,-48,-6,148
2685,2685,PN Type C Cell,32,18,34,47,50,81,-31,3,131
2686,2686,PN Type C Cell,45,23,32,51,68,83,-15,17,151
2687,2687,PN Type C Cell,42,27,36,55,69,91,-22,14,160
2688,2688,PN Type C Cell,36,18,33,47,54,80,-26,7,134
2689,2689,PN Type C Cell,44,16,31,64,60,95,-35,-4,155
2690,2690,PN Type C Cell,43,17,39,48,60,87,-27,12,147
2691,2691,PN Type C Cell,56,14,34,48,70,82,-12,22,152
2692,2692,PN Type C Cell,49,18,53,56,67,109,-42,11,176
2693,2693,PN Type C Cell,62,20,28,44,82,72,10,38,154
2694,2694,PN Type C Cell,49,18,46,49,67,95,-28,18,162
2695,2695,PN Type C Cell,55,17,42,58,72,100,-28,14,172
2696,2696,PN Type C Cell,48,19,47,53,67,100,-33,14,167
2697,2697,PN Type C Cell,46,14,33,41,60,74,-14,19,134
2698,2698,PN Type C Cell,39,19,43,70,58,113,-55,-12,171
2699,2699,PN Type C Cell,64,17,43,62,81,105,-24,19,186
2700,2700,PN Type C Cell,39,17,42,59,56,101,-45,-3,157
2701,2701,PN Type C Cell,48,19,38,49,67,87,-20,18,154
2702,2702,PN Type C Cell,36,25,48,39,61,87,-26,22,148
2703,2703,PN Type C Cell,40,24,31,54,64,85,-21,10,149
2704,2704,PN Type C Cell,36,18,39,69,54,108,-54,-15,162
2705,2705,PN Type C Cell,42,17,34,49,59,83,-24,10,142
2706,2706,PN Type C Cell,35,20,43,49,55,92,-37,6,147
2707,2707,PN Type C Cell,49,13,29,54,62,83,-21,8,145
2708,2708,PN Type C Cell,29,21,29,51,50,80,-30,-1,130
2709,2709,PN Type C Cell,56,22,27,56,78,83,-5,22,161
2710,2710,PN Type C Cell,44,21,45,57,65,102,-37,8,167
2711,2711,PN Type C Cell,49,19,31,54,68,85,-17,14,153
2712,2712,PN Type C Cell,51,22,38,52,73,90,-17,21,163
2713,2713,PN Type C Cell,41,21,49,37,62,86,-24,25,148
2714,2714,PN Type C Cell,45,24,39,48,69,87,-18,21,156
2715,2715,PN Type C Cell,49,16,51,52,65,103,-38,13,168
2716,2716,PN Type C Cell,40,21,44,51,61,95,-34,10,156
2717,2717,PN Type C Cell,38,15,35,56,53,91,-38,-3,144
2718,2718,PN Type C Cell,39,19,24,55,58,79,-21,3,137
2719,2719,PN Type C Cell,47,19,37,54,66,91,-25,12,157
2720,2720,PN Type C Cell,49,12,46,46,61,92,-31,15,153
2721,2721,PN Type C Cell,47,23,30,47,70,77,-7,23,147
2722,2722,PN Type C Cell,44,9,30,50,53,80,-27,3,133
2723,2723,PN Type C Cell,52,17,48,39,69,87,-18,30,156
2724,2724,PN Type C Cell,43,19,40,62,62,102,-40,0,164
2725,2725,PN Type C Cell,32,19,36,40,51,76,-25,11,127
2726,2726,PN Type C Cell,48,19,35,38,67,73,-6,29,140
2727,2727,PN Type C Cell,50,19,52,43,69,95,-26,26,164
2728,2728,PN Type C Cell,38,24,37,49,62,86,-24,13,148
2729,2729,PN Type C Cell,29,21,32,59,50,91,-41,-9,141
2730,2730,PN Type C Cell,38,22,40,47,60,87,-27,13,147
2731,2731,PN Type C Cell,49,17,40,49,66,89,-23,17,155
2732,2732,PN Type C Cell,38,15,43,54,53,97,-44,-1,150
2733,2733,PN Type C Cell,44,19,38,54,63,92,-29,9,155
2734,2734,PN Type C Cell,48,18,41,47,66,88,-22,19,154
2735,2735,PN Type C Cell,44,16,33,54,60,87,-27,6,147
2736,2736,PN Type C Cell,43,24,36,52,67,88,-21,15,155
2737,2737,PN Type C Cell,34,19,43,55,53,98,-45,-2,151
2738,2738,PN Type C Cell,42,8,40,53,50,93,-43,-3,143
2739,2739,PN Type C Cell,39,11,45,49,50,94,-44,1,144
2740,2740,PN Type C Cell,40,19,35,55,59,90,-31,4,149
2741,2741,PN Type C Cell,39,17,38,58,56,96,-40,-2,152
2742,2742,PN Type C Cell,51,23,38,66,74,104,-30,8,178
2743,2743,PN Type C Cell,49,13,47,53,62,100,-38,9,162
2744,2744,PN Type C Cell,41,17,32,46,58,78,-20,12,136
2745,2745,PN Type C Cell,45,19,34,50,64,84,-20,14,148
2746,2746,PN Type C Cell,42,21,38,46,63,84,-21,17,147
2747,2747,PN Type C Cell,68,18,42,43,86,85,1,43,171
2748,2748,PN Type C Cell,47,16,39,41,63,80,-17,22,143
2749,2749,PN Type C Cell,50,11,37,45,61,82,-21,16,143
2750,2750,PN Type C Cell,45,14,36,43,59,79,-20,16,138
2751,2751,PN Type C Cell,45,25,29,60,70,89,-19,10,159
2752,2752,PN Type C Cell,43,22,43,60,65,103,-38,5,168
2753,2753,PN Type C Cell,60,16,38,47,76,85,-9,29,161
2754,2754,PN Type C Cell,48,19,41,54,67,95,-28,13,162
2755,2755,PN Type C Cell,43,20,29,41,63,70,-7,22,133
2756,2756,PN Type C Cell,55,17,34,58,72,92,-20,14,164
2757,2757,PN Type C Cell,51,15,46,47,66,93,-27,19,159
2758,2758,PN Type C Cell,50,19,42,53,69,95,-26,16,164
2759,2759,PN Type C Cell,49,20,30,51,69,81,-12,18,150
2760,2760,PN Type C Cell,52,13,42,49,65,91,-26,16,156
2761,2761,PN Type C Cell,55,11,49,57,66,106,-40,9,172
2762,2762,PN Type C Cell,55,22,49,48,77,97,-20,29,174
2763,2763,PN Type C Cell,46,18,35,50,64,85,-21,14,149
2764,2764,PN Type C Cell,36,19,36,50,55,86,-31,5,141
2765,2765,PN Type C Cell,43,15,31,60,58,91,-33,-2,149
2766,2766,PN Type C Cell,43,20,24,45,63,69,-6,18,132
2767,2767,PN Type C Cell,42,16,36,51,58,87,-29,7,145
2768,2768,PN Type C Cell,39,14,48,60,53,108,-55,-7,161
2769,2769,PN Type C Cell,38,22,35,58,60,93,-33,2,153
2770,2770,PN Type C Cell,48,14,40,56,62,96,-34,6,158
2771,2771,PN Type C Cell,46,19,44,57,65,101,-36,8,166
2772,2772,PN Type C Cell,45,22,46,49,67,95,-28,18,162
2773,2773,PN Type C Cell,33,22,28,36,55,64,-9,19,119
2774,2774,PN Type C Cell,44,18,44,54,62,98,-36,8,160
2775,2775,PN Type C Cell,54,22,43,51,76,94,-18,25,170
2776,2776,PN Type C Cell,43,20,50,50,63,100,-37,13,163
2777,2777,PN Type C Cell,43,15,48,54,58,102,-44,4,160
2778,2778,PN Type C Cell,54,15,36,52,69,88,-19,17,157
2779,2779,PN Type C Cell,43,16,43,59,59,102,-43,0,161
2780,2780,PN Type C Cell,40,23,40,45,63,85,-22,18,148
2781,2781,PN Type C Cell,49,18,35,64,67,99,-32,3,166
2782,2782,PN Type C Cell,49,17,45,47,66,92,-26,19,158
2783,2783,PN Type C Cell,49,24,42,47,73,89,-16,26,162
2784,2784,PN Type C Cell,48,24,38,56,72,94,-22,16,166
2785,2785,PN Type C Cell,54,24,36,39,78,75,3,39,153
2786,2786,PN Type C Cell,48,19,38,65,67,103,-36,2,170
2787,2787,PN Type C Cell,45,17,35,50,62,85,-23,12,147
2788,2788,PN Type C Cell,42,22,39,69,64,108,-44,-5,172
2789,2789,PN Type C Cell,49,21,45,46,70,91,-21,24,161
2790,2790,PN Type C Cell,50,18,41,49,68,90,-22,19,158
2791,2791,PN Type C Cell,48,24,36,52,72,88,-16,20,160
2792,2792,PN Type C Cell,42,15,37,51,57,88,-31,6,145
2793,2793,PN Type C Cell,52,15,44,56,67,100,-33,11,167
2794,2794,PN Type C Cell,32,13,36,55,45,91,-46,-10,136
2795,2795,PN Type C Cell,46,19,38,50,65,88,-23,15,153
2796,2796,PN Type C Cell,46,21,36,42,67,78,-11,25,145
2797,2797,PN Type C Cell,50,17,39,46,67,85,-18,21,152
2798,2798,PN Type C Cell,55,11,38,43,66,81,-15,23,147
2799,2799,PN Type C Cell,42,14,46,44,56,90,-34,12,146
2800,2800,PN Type C Cell,49,17,35,48,66,83,-17,18,149
2801,2801,PN Type C Cell,41,21,35,50,62,85,-23,12,147
2802,2802,PN Type C Cell,38,18,37,33,56,70,-14,23,126
2803,2803,PN Type C Cell,50,11,30,50,61,80,-19,11,141
2804,2804,PN Type C Cell,47,19,38,46,66,84,-18,20,150
2805,2805,PN Type C Cell,44,9,35,47,53,82,-29,6,135
2806,2806,PN Type C Cell,58,17,35,57,75,92,-17,18,167
2807,2807,PN Type C Cell,43,20,34,43,63,77,-14,20,140
2808,2808,PN Type C Cell,40,23,36,59,63,95,-32,4,158
2809,2809,PN Type C Cell,36,20,36,53,56,89,-33,3,145
2810,2810,PN Type C Cell,50,15,44,51,65,95,-30,14,160
2811,2811,PN Type C Cell,43,15,39,61,58,100,-42,-3,158
2812,2812,PN Type C Cell,43,13,38,60,56,98,-42,-4,154
2813,2813,PN Type C Cell,47,16,36,42,63,78,-15,21,141
2814,2814,PN Type C Cell,34,20,41,55,54,96,-42,-1,150
2815,2815,PN Type C Cell,46,18,34,52,64,86,-22,12,150
2816,2816,PN Type C Cell,51,18,38,52,69,90,-21,17,159
2817,2817,PN Type C Cell,54,17,48,43,71,91,-20,28,162
2818,2818,PN Type C Cell,44,17,34,53,61,87,-26,8,148
2819,2819,PN Type C Cell,61,21,28,53,82,81,1,29,163
2820,2820,PN Type C Cell,42,13,36,39,55,75,-20,16,130
2821,2821,PN Type C Cell,44,21,48,51,65,99,-34,14,164
2822,2822,PN Type C Cell,46,19,41,43,65,84,-19,22,149
2823,2823,PN Type C Cell,50,16,29,51,66,80,-14,15,146
2824,2824,PN Type C Cell,45,23,28,54,68,82,-14,14,150
2825,2825,PN Type C Cell,44,14,43,60,58,103,-45,-2,161
2826,2826,PN Type C Cell,43,18,28,58,61,86,-25,3,147
2827,2827,PN Type C Cell,46,15,45,43,61,88,-27,18,149
2828,2828,PN Type C Cell,56,14,38,56,70,94,-24,14,164
2829,2829,PN Type C Cell,43,16,32,51,59,83,-24,8,142
2830,2830,PN Type C Cell,40,22,45,53,62,98,-36,9,160
2831,2831,PN Type C Cell,40,19,36,55,59,91,-32,4,150
2832,2832,PN Type C Cell,58,17,36,52,75,88,-13,23,163
2833,2833,PN Type C Cell,45,25,34,50,70,84,-14,20,154
2834,2834,PN Type C Cell,42,20,36,59,62,95,-33,3,157
2835,2835,PN Type C Cell,41,25,41,59,66,100,-34,7,166
2836,2836,PN Type C Cell,45,6,33,48,51,81,-30,3,132
2837,2837,PN Type C Cell,42,15,37,43,57,80,-23,14,137
2838,2838,PN Type C Cell,57,15,37,57,72,94,-22,15,166
2839,2839,PN Type C Cell,31,21,33,44,52,77,-25,8,129
2840,2840,PN Type C Cell,36,14,39,51,50,90,-40,-1,140
2841,2841,PN Type C Cell,39,14,40,38,53,78,-25,15,131
2842,2842,PN Type C Cell,38,15,38,60,53,98,-45,-7,151
2843,2843,PN Type C Cell,38,18,33,57,56,90,-34,-1,146
2844,2844,PN Type C Cell,46,13,42,51,59,93,-34,8,152
2845,2845,PN Type C Cell,41,17,37,52,58,89,-31,6,147
2846,2846,PN Type C Cell,40,17,31,43,57,74,-17,14,131
2847,2847,PN Type C Cell,48,23,35,54,71,89,-18,17,160
2848,2848,PN Type C Cell,44,11,40,63,55,103,-48,-8,158
2849,2849,PN Type C Cell,37,16,36,53,53,89,-36,0,142
2850,2850,PN Type C Cell,30,17,39,66,47,105,-58,-19,152
2851,2851,PN Type C Cell,53,28,43,50,81,93,-12,31,174
2852,2852,PN Type C Cell,47,15,33,50,62,83,-21,12,145
2853,2853,PN Type C Cell,47,20,38,56,67,94,-27,11,161
2854,2854,PN Type C Cell,56,21,35,44,77,79,-2,33,156
2855,2855,PN Type C Cell,43,22,40,50,65,90,-25,15,155
2856,2856,PN Type C Cell,41,19,46,45,60,91,-31,15,151
2857,2857,PN Type C Cell,39,12,38,54,51,92,-41,-3,143
2858,2858,PN Type C Cell,51,18,44,64,69,108,-39,5,177
2859,2859,PN Type C Cell,43,21,32,59,64,91,-27,5,155
2860,2860,PN Type C Cell,55,23,40,45,78,85,-7,33,163
2861,2861,PN Type C Cell,50,20,37,58,70,95,-25,12,165
2862,2862,PN Type C Cell,48,19,42,41,67,83,-16,26,150
2863,2863,PN Type C Cell,50,23,38,50,73,88,-15,23,161
2864,2864,PN Type C Cell,44,13,36,54,57,90,-33,3,147
2865,2865,PN Type C Cell,37,22,40,52,59,92,-33,7,151
2866,2866,PN Type C Cell,44,20,30,50,64,80,-16,14,144
2867,2867,PN Type C Cell,50,22,44,59,72,103,-31,13,175
2868,2868,PN Type C Cell,41,18,46,48,59,94,-35,11,153
2869,2869,PN Type C Cell,51,16,34,52,67,86,-19,15,153
2870,2870,PN Type C Cell,59,17,53,47,76,100,-24,29,176
2871,2871,PN Type C Cell,57,21,35,48,78,83,-5,30,161
2872,2872,PN Type C Cell,32,25,38,55,57,93,-36,2,150
2873,2873,PN Type C Cell,40,17,39,53,57,92,-35,4,149
2874,2874,PN Type C Cell,44,24,49,43,68,92,-24,25,160
2875,2875,PN Type C Cell,55,24,40,56,79,96,-17,23,175
2876,2876,PN Type C Cell,45,13,51,55,58,106,-48,3,164
2877,2877,PN Type C Cell,56,16,37,45,72,82,-10,27,154
2878,2878,PN Type C Cell,43,18,28,52,61,80,-19,9,141
2879,2879,PN Type C Cell,41,12,43,50,53,93,-40,3,146
2880,2880,PN Type C Cell,45,28,43,56,73,99,-26,17,172
2881,2881,PN Type C Cell,47,20,40,54,67,94,-27,13,161
2882,2882,PN Type C Cell,43,19,31,61,62,92,-30,1,154
2883,2883,PN Type C Cell,48,17,40,51,65,91,-26,14,156
2884,2884,PN Type C Cell,50,16,33,65,66,98,-32,1,164
2885,2885,PN Type C Cell,51,15,32,51,66,83,-17,15,149
2886,2886,PN Type C Cell,34,18,36,51,52,87,-35,1,139
2887,2887,PN Type C Cell,40,16,30,48,56,78,-22,8,134
2888,2888,PN Type C Cell,44,18,35,59,62,94,-32,3,156
2889,2889,PN Type C Cell,43,22,32,44,65,76,-11,21,141
2890,2890,PN Type C Cell,54,13,39,49,67,88,-21,18,155
2891,2891,PN Type C Cell,49,17,50,56,66,106,-40,10,172
2892,2892,PN Type C Cell,57,20,29,57,77,86,-9,20,163
2893,2893,PN Type C Cell,46,20,36,50,66,86,-20,16,152
2894,2894,PN Type C Cell,49,23,54,47,72,101,-29,25,173
2895,2895,PN Type C Cell,44,13,43,49,57,92,-35,8,149
2896,2896,PN Type C Cell,44,14,39,56,58,95,-37,2,153
2897,2897,PN Type C Cell,50,18,40,48,68,88,-20,20,156
2898,2898,PN Type C Cell,51,18,45,46,69,91,-22,23,160
2899,2899,PN Type C Cell,48,21,32,46,69,78,-9,23,147
2900,2900,PN Type C Cell,39,22,40,51,61,91,-30,10,152
2901,2901,PN Type C Cell,42,19,27,59,61,86,-25,2,147
2902,2902,PN Type C Cell,51,16,35,49,67,84,-17,18,151
2903,2903,PN Type C Cell,53,15,37,55,68,92,-24,13,160
2904,2904,PN Type C Cell,32,31,42,53,63,95,-32,10,158
2905,2905,PN Type C Cell,33,20,35,47,53,82,-29,6,135
2906,2906,PN Type C Cell,53,16,42,68,69,110,-41,1,179
2907,2907,PN Type C Cell,46,25,35,45,71,80,-9,26,151
2908,2908,PN Type C Cell,46,19,36,45,65,81,-16,20,146
2909,2909,PN Type C Cell,38,20,48,46,58,94,-36,12,152
2910,2910,PN Type C Cell,40,14,42,59,54,101,-47,-5,155
2911,2911,PN Type C Cell,46,16,48,58,62,106,-44,4,168
2912,2912,PN Type C Cell,56,10,42,56,66,98,-32,10,164
2913,2913,PN Type C Cell,46,23,39,45,69,84,-15,24,153
2914,2914,PN Type C Cell,39,27,32,43,66,75,-9,23,141
2915,2915,PN Type C Cell,29,12,42,49,41,91,-50,-8,132
2916,2916,PN Type C Cell,40,26,40,48,66,88,-22,18,154
2917,2917,PN Type C Cell,48,18,35,64,66,99,-33,2,165
2918,2918,PN Type C Cell,45,23,39,56,68,95,-27,12,163
2919,2919,PN Type C Cell,45,11,41,60,56,101,-45,-4,157
2920,2920,PN Type C Cell,51,18,39,57,69,96,-27,12,165
2921,2921,PN Type C Cell,27,20,35,46,47,81,-34,1,128
2922,2922,PN Type C Cell,56,19,31,57,75,88,-13,18,163
2923,2923,PN Type C Cell,45,22,34,44,67,78,-11,23,145
2924,2924,PN Type C Cell,51,14,40,54,65,94,-29,11,159
2925,2925,PN Type C Cell,51,21,44,60,72,104,-32,12,176
2926,2926,PN Type C Cell,52,14,30,53,66,83,-17,13,149
2927,2927,PN Type C Cell,40,18,34,57,58,91,-33,1,149
2928,2928,PN Type C Cell,39,21,38,48,60,86,-26,12,146
2929,2929,PN Type C Cell,47,20,37,34,67,71,-4,33,138
2930,2930,PN Type C Cell,42,25,41,61,67,102,-35,6,169
2931,2931,PN Type C Cell,39,20,44,54,59,98,-39,5,157
2932,2932,PN Type C Cell,46,19,35,52,65,87,-22,13,152
2933,2933,PN Type C Cell,28,13,42,45,41,87,-46,-4,128
2934,2934,PN Type C Cell,52,16,33,57,68,90,-22,11,158
2935,2935,PN Type C Cell,40,13,46,53,53,99,-46,0,152
2936,2936,PN Type C Cell,43,18,54,54,61,108,-47,7,169
2937,2937,PN Type C Cell,42,20,37,53,62,90,-28,9,152
2938,2938,PN Type C Cell,53,18,32,59,71,91,-20,12,162
2939,2939,PN Type C Cell,45,17,43,48,62,91,-29,14,153
2940,2940,PN Type C Cell,64,19,46,56,83,102,-19,27,185
2941,2941,PN Type C Cell,38,18,29,57,56,86,-30,-1,142
2942,2942,PN Type C Cell,49,20,30,59,69,89,-20,10,158
2943,2943,PN Type C Cell,48,11,37,60,59,97,-38,-1,156
2944,2944,PN Type C Cell,44,14,27,48,58,75,-17,10,133
2945,2945,PN Type C Cell,46,21,43,57,67,100,-33,10,167
2946,2946,PN Type C Cell,49,14,30,37,63,67,-4,26,130
2947,2947,PN Type C Cell,45,19,46,55,64,101,-37,9,165
2948,2948,PN Type C Cell,47,19,27,51,66,78,-12,15,144
2949,2949,PN Type C Cell,46,20,35,59,66,94,-28,7,160
2950,2950,PN Type C Cell,55,19,32,60,74,92,-18,14,166
2951,2951,PN Type C Cell,47,17,35,55,64,90,-26,9,154
2952,2952,PN Type C Cell,49,16,44,59,65,103,-38,6,168
2953,2953,PN Type C Cell,48,18,39,53,66,92,-26,13,158
2954,2954,PN Type C Cell,52,17,36,57,69,93,-24,12,162
2955,2955,PN Type C Cell,56,12,38,55,68,93,-25,13,161
2956,2956,PN Type C Cell,31,10,36,44,41,80,-39,-3,121
2957,2957,PN Type C Cell,41,24,41,50,65,91,-26,15,156
2958,2958,PN Type C Cell,50,15,35,41,65,76,-11,24,141
2959,2959,PN Type C Cell,42,24,37,53,66,90,-24,13,156
2960,2960,PN Type C Cell,47,17,31,56,64,87,-23,8,151
2961,2961,PN Type C Cell,56,14,34,47,70,81,-11,23,151
2962,2962,PN Type C Cell,48,22,36,56,70,92,-22,14,162
2963,2963,PN Type C Cell,37,20,52,57,57,109,-52,0,166
2964,2964,PN Type C Cell,48,27,32,57,75,89,-14,18,164
2965,2965,PN Type C Cell,40,20,53,41,60,94,-34,19,154
2966,2966,PN Type C Cell,39,16,32,49,55,81,-26,6,136
2967,2967,PN Type C Cell,44,21,48,59,65,107,-42,6,172
2968,2968,PN Type C Cell,39,16,39,40,55,79,-24,15,134
2969,2969,PN Type C Cell,47,22,35,48,69,83,-14,21,152
2970,2970,PN Type C Cell,47,17,33,46,64,79,-15,18,143
2971,2971,PN Type C Cell,46,16,41,51,62,92,-30,11,154
2972,2972,PN Type C Cell,40,21,28,57,61,85,-24,4,146
2973,2973,PN Type C Cell,41,20,27,49,61,76,-15,12,137
2974,2974,PN Type C Cell,41,24,37,58,65,95,-30,7,160
2975,2975,PN Type C Cell,49,12,36,65,61,101,-40,-4,162
2976,2976,PN Type C Cell,48,18,37,49,66,86,-20,17,152
2977,2977,PN Type C Cell,42,24,35,47,66,82,-16,19,148
2978,2978,PN Type C Cell,52,16,35,42,68,77,-9,26,145
2979,2979,PN Type C Cell,54,20,40,51,74,91,-17,23,165
2980,2980,PN Type C Cell,49,25,40,46,74,86,-12,28,160
2981,2981,PN Type C Cell,54,18,40,76,72,116,-44,-4,188
2982,2982,PN Type C Cell,49,16,33,61,65,94,-29,4,159
2983,2983,PN Type C Cell,43,19,31,47,62,78,-16,15,140
2984,2984,PN Type C Cell,38,26,35,56,64,91,-27,8,155
2985,2985,PN Type C Cell,45,18,42,48,63,90,-27,15,153
2986,2986,PN Type C Cell,41,12,31,53,53,84,-31,0,137
2987,2987,PN Type C Cell,48,15,35,45,63,80,-17,18,143
2988,2988,PN Type C Cell,53,16,42,38,69,80,-11,31,149
2989,2989,PN Type C Cell,34,19,32,61,53,93,-40,-8,146
2990,2990,PN Type C Cell,46,17,26,50,63,76,-13,13,139
2991,2991,PN Type C Cell,44,19,45,57,63,102,-39,6,165
2992,2992,PN Type C Cell,37,21,36,70,58,106,-48,-12,164
2993,2993,PN Type C Cell,49,17,40,41,66,81,-15,25,147
2994,2994,PN Type C Cell,47,16,45,52,63,97,-34,11,160
2995,2995,PN Type C Cell,49,23,42,55,72,97,-25,17,169
2996,2996,PN Type C Cell,50,25,36,57,75,93,-18,18,168
2997,2997,PN Type C Cell,45,19,43,51,64,94,-30,13,158
2998,2998,PN Type C Cell,43,19,38,55,62,93,-31,7,155
2999,2999,PN Type C Cell,47,7,37,52,54,89,-35,2,143
3000,3000,PN Type C Cell,36,8,48,59,44,107,-63,-15,151
3001,3001,PN Type C Cell,48,11,36,53,59,89,-30,6,148
3002,3002,PN Type C Cell,42,23,50,58,65,108,-43,7,173
3003,3003,PN Type C Cell,53,16,33,53,69,86,-17,16,155
3004,3004,PN Type C Cell,48,17,36,48,65,84,-19,17,149
3005,3005,PN Type C Cell,39,19,48,48,58,96,-38,10,154
3006,3006,PN Type C Cell,47,19,37,49,66,86,-20,17,152
3007,3007,PN Type C Cell,48,21,38,56,69,94,-25,13,163
3008,3008,PN Type C Cell,41,15,35,50,56,85,-29,6,141
3009,3009,PN Type C Cell,42,20,30,54,62,84,-22,8,146
3010,3010,PN Type C Cell,38,22,38,54,60,92,-32,6,152
3011,3011,PN Type C Cell,55,18,45,64,73,109,-36,9,182
3012,3012,PN Type C Cell,64,19,35,56,83,91,-8,27,174
3013,3013,PN Type C Cell,49,13,42,59,62,101,-39,3,163
3014,3014,PN Type C Cell,41,24,46,58,65,104,-39,7,169
3015,3015,PN Type C Cell,54,17,45,62,71,107,-36,9,178
3016,3016,PN Type C Cell,48,16,34,41,64,75,-11,23,139
3017,3017,PN Type C Cell,51,16,38,55,67,93,-26,12,160
3018,3018,PN Type C Cell,46,24,42,46,70,88,-18,24,158
3019,3019,PN Type C Cell,54,21,35,58,75,93,-18,17,168
3020,3020,PN Type C Cell,40,21,41,52,61,93,-32,9,154
3021,3021,PN Type C Cell,46,16,37,44,62,81,-19,18,143
3022,3022,PN Type C Cell,46,13,39,59,59,98,-39,0,157
3023,3023,PN Type C Cell,33,23,45,54,56,99,-43,2,155
3024,3024,PN Type C Cell,31,16,46,59,47,105,-58,-12,152
3025,3025,PN Type C Cell,43,18,34,56,61,90,-29,5,151
3026,3026,PN Type C Cell,40,23,35,57,63,92,-29,6,155
3027,3027,PN Type C Cell,55,15,35,57,70,92,-22,13,162
3028,3028,PN Type C Cell,47,15,45,43,62,88,-26,19,150
3029,3029,PN Type C Cell,46,10,33,52,56,85,-29,4,141
3030,3030,PN Type C Cell,53,18,33,43,71,76,-5,28,147
3031,3031,PN Type C Cell,53,9,36,52,62,88,-26,10,150
3032,3032,PN Type C Cell,49,15,35,70,64,105,-41,-6,169
3033,3033,PN Type C Cell,42,20,46,52,62,98,-36,10,160
3034,3034,PN Type C Cell,48,22,49,49,70,98,-28,21,168
3035,3035,PN Type C Cell,35,15,44,56,50,100,-50,-6,150
3036,3036,PN Type C Cell,46,21,41,50,67,91,-24,17,158
3037,3037,PN Type C Cell,43,12,41,48,55,89,-34,7,144
3038,3038,PN Type C Cell,52,19,47,47,71,94,-23,24,165
3039,3039,PN Type C Cell,56,20,38,36,76,74,2,40,150
3040,3040,PN Type C Cell,45,19,36,58,64,94,-30,6,158
3041,3041,PN Type C Cell,45,13,35,53,58,88,-30,5,146
3042,3042,PN Type C Cell,46,21,33,57,67,90,-23,10,157
3043,3043,PN Type C Cell,39,10,31,51,49,82,-33,-2,131
3044,3044,PN Type C Cell,39,20,34,65,59,99,-40,-6,158
3045,3045,PN Type C Cell,41,15,41,47,56,88,-32,9,144
3046,3046,PN Type C Cell,48,21,38,64,69,102,-33,5,171
3047,3047,PN Type C Cell,42,20,38,52,62,90,-28,10,152
3048,3048,PN Type C Cell,38,21,36,52,59,88,-29,7,147
3049,3049,PN Type C Cell,45,12,37,38,57,75,-18,19,132
3050,3050,PN Type C Cell,39,20,34,64,59,98,-39,-5,157
3051,3051,PN Type C Cell,57,18,37,43,75,80,-5,32,155
3052,3052,PN Type C Cell,39,19,38,54,58,92,-34,4,150
3053,3053,PN Type C Cell,49,24,38,63,73,101,-28,10,174
3054,3054,PN Type C Cell,45,13,47,53,58,100,-42,5,158
3055,3055,PN Type C Cell,53,22,35,66,75,101,-26,9,176
3056,3056,PN Type C Cell,49,20,38,52,69,90,-21,17,159
3057,3057,PN Type C Cell,51,18,39,56,69,95,-26,13,164
3058,3058,PN Type C Cell,48,19,45,40,67,85,-18,27,152
3059,3059,PN Type C Cell,47,12,37,48,59,85,-26,11,144
3060,3060,PN Type C Cell,33,19,31,60,52,91,-39,-8,143
3061,3061,PN Type C Cell,45,17,36,48,62,84,-22,14,146
3062,3062,PN Type C Cell,68,12,39,51,80,90,-10,29,170
3063,3063,PN Type C Cell,44,13,35,73,57,108,-51,-16,165
3064,3064,PN Type C Cell,52,14,28,51,66,79,-13,15,145
3065,3065,PN Type C Cell,48,16,39,45,64,84,-20,19,148
3066,3066,PN Type C Cell,49,11,43,40,60,83,-23,20,143
3067,3067,PN Type C Cell,49,14,39,47,63,86,-23,16,149
3068,3068,PN Type C Cell,47,16,42,48,63,90,-27,15,153
3069,3069,PN Type C Cell,38,15,34,55,53,89,-36,-2,142
3070,3070,PN Type C Cell,44,21,34,53,65,87,-22,12,152
3071,3071,PN Type C Cell,55,18,45,59,73,104,-31,14,177
3072,3072,PN Type C Cell,45,18,32,59,63,91,-28,4,154
3073,3073,PN Type C Cell,33,22,31,53,55,84,-29,2,139
3074,3074,PN Type C Cell,35,25,43,65,60,108,-48,-5,168
3075,3075,PN Type C Cell,45,24,34,64,69,98,-29,5,167
3076,3076,PN Type C Cell,52,21,39,52,73,91,-18,21,164
3077,3077,PN Type C Cell,58,17,40,54,75,94,-19,21,169
3078,3078,PN Type C Cell,41,9,38,48,50,86,-36,2,136
3079,3079,PN Type C Cell,45,19,43,54,64,97,-33,10,161
3080,3080,PN Type C Cell,36,16,41,56,52,97,-45,-4,149
3081,3081,PN Type C Cell,37,21,37,53,58,90,-32,5,148
3082,3082,PN Type C Cell,39,24,40,52,63,92,-29,11,155
3083,3083,PN Type C Cell,34,19,42,54,53,96,-43,-1,149
3084,3084,PN Type C Cell,43,14,45,52,57,97,-40,5,154
3085,3085,PN Type C Cell,53,23,53,61,76,114,-38,15,190
3086,3086,PN Type C Cell,52,15,39,43,67,82,-15,24,149
3087,3087,PN Type C Cell,49,12,44,48,61,92,-31,13,153
3088,3088,PN Type C Cell,43,16,42,42,59,84,-25,17,143
3089,3089,PN Type C Cell,46,17,33,51,63,84,-21,12,147
3090,3090,PN Type C Cell,55,24,52,51,79,103,-24,28,182
3091,3091,PN Type C Cell,38,16,36,61,54,97,-43,-7,151
3092,3092,PN Type C Cell,52,25,35,63,77,98,-21,14,175
3093,3093,PN Type C Cell,38,18,37,68,56,105,-49,-12,161
3094,3094,PN Type C Cell,43,18,39,43,61,82,-21,18,143
3095,3095,PN Type C Cell,56,13,36,57,69,93,-24,12,162
3096,3096,PN Type C Cell,46,16,45,60,62,105,-43,2,167
3097,3097,PN Type C Cell,55,21,35,58,76,93,-17,18,169
3098,3098,PN Type C Cell,49,15,45,51,64,96,-32,13,160
3099,3099,PN Type C Cell,53,19,41,58,72,99,-27,14,171
3100,3100,PN Type C Cell,46,11,32,49,57,81,-24,8,138
3101,3101,PN Type C Cell,42,15,34,49,57,83,-26,8,140
3102,3102,PN Type C Cell,49,21,40,53,70,93,-23,17,163
3103,3103,PN Type C Cell,38,28,33,50,66,83,-17,16,149
3104,3104,PN Type C Cell,46,15,39,55,61,94,-33,6,155
3105,3105,PN Type C Cell,50,19,40,60,69,100,-31,9,169
3106,3106,PN Type C Cell,42,20,40,49,62,89,-27,13,151
3107,3107,PN Type C Cell,44,12,41,42,56,83,-27,14,139
3108,3108,PN Type C Cell,51,19,38,48,70,86,-16,22,156
3109,3109,PN Type C Cell,40,16,52,57,56,109,-53,-1,165
3110,3110,PN Type C Cell,49,22,39,48,71,87,-16,23,158
3111,3111,PN Type C Cell,42,21,40,53,63,93,-30,10,156
3112,3112,PN Type C Cell,45,18,36,48,63,84,-21,15,147
3113,3113,PN Type C Cell,49,15,26,53,64,79,-15,11,143
3114,3114,PN Type C Cell,33,23,45,44,56,89,-33,12,145
3115,3115,PN Type C Cell,39,17,39,51,56,90,-34,5,146
3116,3116,PN Type C Cell,48,26,37,48,74,85,-11,26,159
3117,3117,PN Type C Cell,37,15,41,54,52,95,-43,-2,147
3118,3118,PN Type C Cell,55,15,39,50,70,89,-19,20,159
3119,3119,PN Type C Cell,45,18,29,46,63,75,-12,17,138
3120,3120,PN Type C Cell,40,17,42,52,57,94,-37,5,151
3121,3121,PN Type C Cell,47,17,41,55,64,96,-32,9,160
3122,3122,PN Type C Cell,44,12,36,47,56,83,-27,9,139
3123,3123,PN Type C Cell,39,17,43,42,56,85,-29,14,141
3124,3124,PN Type C Cell,57,18,39,41,75,80,-5,34,155
3125,3125,PN Type C Cell,54,18,53,50,72,103,-31,22,175
3126,3126,PN Type C Cell,43,19,37,41,62,78,-16,21,140
3127,3127,PN Type C Cell,38,20,31,49,58,80,-22,9,138
3128,3128,PN Type C Cell,46,13,45,53,59,98,-39,6,157
3129,3129,PN Type C Cell,55,22,45,55,77,100,-23,22,177
3130,3130,PN Type C Cell,49,10,32,48,59,80,-21,11,139
3131,3131,PN Type C Cell,46,21,34,47,67,81,-14,20,148
3132,3132,PN Type C Cell,49,18,22,53,67,75,-8,14,142
3133,3133,PN Type C Cell,46,22,36,47,68,83,-15,21,151
3134,3134,PN Type C Cell,50,16,38,50,66,88,-22,16,154
3135,3135,PN Type C Cell,52,15,42,48,67,90,-23,19,157
3136,3136,PN Type C Cell,38,10,27,62,48,89,-41,-14,137
3137,3137,PN Type C Cell,47,14,41,45,61,86,-25,16,147
3138,3138,PN Type C Cell,55,19,39,36,74,75,-1,38,149
3139,3139,PN Type C Cell,51,19,56,48,70,104,-34,22,174
3140,3140,PN Type C Cell,58,15,35,57,73,92,-19,16,165
3141,3141,PN Type C Cell,44,16,33,41,60,74,-14,19,134
3142,3142,PN Type C Cell,34,10,36,33,44,69,-25,11,113
3143,3143,PN Type C Cell,36,14,45,63,50,108,-58,-13,158
3144,3144,PN Type C Cell,42,17,40,31,59,71,-12,28,130
3145,3145,PN Type C Cell,46,23,46,53,69,99,-30,16,168
3146,3146,PN Type C Cell,42,13,38,63,55,101,-46,-8,156
3147,3147,PN Type C Cell,47,18,35,57,65,92,-27,8,157
3148,3148,PN Type C Cell,56,12,43,51,68,94,-26,17,162
3149,3149,PN Type C Cell,39,26,45,48,65,93,-28,17,158
3150,3150,PN Type C Cell,42,18,30,52,60,82,-22,8,142
3151,3151,PN Type C Cell,43,15,45,66,58,111,-53,-8,169
3152,3152,PN Type C Cell,49,16,29,43,65,72,-7,22,137
3153,3153,PN Type C Cell,33,18,35,47,51,82,-31,4,133
3154,3154,PN Type C Cell,52,23,34,54,75,88,-13,21,163
3155,3155,PN Type C Cell,47,22,44,50,69,94,-25,19,163
3156,3156,PN Type C Cell,39,12,35,52,51,87,-36,-1,138
3157,3157,PN Type C Cell,46,16,48,52,62,100,-38,10,162
3158,3158,PN Type C Cell,49,4,31,58,53,89,-36,-5,142
3159,3159,PN Type C Cell,38,15,50,50,53,100,-47,3,153
3160,3160,PN Type C Cell,36,19,41,47,55,88,-33,8,143
3161,3161,PN Type C Cell,42,18,49,52,60,101,-41,8,161
3162,3162,PN Type C Cell,45,15,43,46,60,89,-29,14,149
3163,3163,PN Type C Cell,59,26,43,54,85,97,-12,31,182
3164,3164,PN Type C Cell,44,14,39,50,58,89,-31,8,147
3165,3165,PN Type C Cell,49,27,40,58,76,98,-22,18,174
3166,3166,PN Type C Cell,44,17,30,55,61,85,-24,6,146
3167,3167,PN Type C Cell,58,21,43,63,79,106,-27,16,185
3168,3168,PN Type C Cell,56,14,36,59,70,95,-25,11,165
3169,3169,PN Type C Cell,53,21,48,51,74,99,-25,23,173
3170,3170,PN Type C Cell,57,15,42,52,72,94,-22,20,166
3171,3171,PN Type C Cell,55,21,33,56,76,89,-13,20,165
3172,3172,PN Type C Cell,36,22,30,56,58,86,-28,2,144
3173,3173,PN Type C Cell,36,18,41,49,54,90,-36,5,144
3174,3174,PN Type C Cell,43,24,33,59,67,92,-25,8,159
3175,3175,PN Type C Cell,52,15,34,38,67,72,-5,29,139
3176,3176,PN Type C Cell,49,18,38,58,67,96,-29,9,163
3177,3177,PN Type C Cell,51,18,40,54,69,94,-25,15,163
3178,3178,PN Type C Cell,41,20,50,51,61,101,-40,10,162
3179,3179,PN Type C Cell,46,15,30,52,61,82,-21,9,143
3180,3180,PN Type C Cell,59,27,36,50,86,86,0,36,172
3181,3181,PN Type C Cell,59,18,39,46,77,85,-8,31,162
3182,3182,PN Type C Cell,46,22,37,60,68,97,-29,8,165
3183,3183,PN Type C Cell,42,17,42,46,59,88,-29,13,147
3184,3184,PN Type C Cell,43,17,33,49,60,82,-22,11,142
3185,3185,PN Type C Cell,50,20,47,51,70,98,-28,19,168
3186,3186,PN Type C Cell,36,16,35,54,52,89,-37,-2,141
3187,3187,PN Type C Cell,40,11,33,52,51,85,-34,-1,136
3188,3188,PN Type C Cell,48,16,42,50,64,92,-28,14,156
3189,3189,PN Type C Cell,57,22,46,56,79,102,-23,23,181
3190,3190,PN Type C Cell,35,20,45,45,55,90,-35,10,145
3191,3191,PN Type C Cell,49,15,45,55,64,100,-36,9,164
3192,3192,PN Type C Cell,43,16,43,51,59,94,-35,8,153
3193,3193,PN Type C Cell,53,14,35,59,67,94,-27,8,161
3194,3194,PN Type C Cell,41,26,29,42,67,71,-4,25,138
3195,3195,PN Type C Cell,52,15,32,55,67,87,-20,12,154
3196,3196,PN Type C Cell,45,22,40,45,67,85,-18,22,152
3197,3197,PN Type C Cell,42,15,33,50,57,83,-26,7,140
3198,3198,PN Type C Cell,32,17,33,52,49,85,-36,-3,134
3199,3199,PN Type C Cell,46,18,46,48,64,94,-30,16,158
3200,3200,PV Cell,116,52,0,47,168,47,121,121,215
3201,3201,PV Cell,124,44,0,47,168,47,121,121,215
3202,3202,PV Cell,114,55,0,37,169,37,132,132,206
3203,3203,PV Cell,115,49,0,37,164,37,127,127,201
3204,3204,PV Cell,117,50,0,33,167,33,134,134,200
3205,3205,PV Cell,112,54,0,48,166,48,118,118,214
3206,3206,PV Cell,118,50,0,52,168,52,116,116,220
3207,3207,PV Cell,121,46,0,49,167,49,118,118,216
3208,3208,PV Cell,114,43,0,49,157,49,108,108,206
3209,3209,PV Cell,127,51,0,44,178,44,134,134,222
3210,3210,PV Cell,119,49,0,48,168,48,120,120,216
3211,3211,PV Cell,115,47,0,46,162,46,116,116,208
3212,3212,PV Cell,115,48,0,51,163,51,112,112,214
3213,3213,PV Cell,128,39,0,37,167,37,130,130,204
3214,3214,PV Cell,117,52,0,48,169,48,121,121,217
3215,3215,PV Cell,115,47,0,39,162,39,123,123,201
3216,3216,PV Cell,115,55,0,42,170,42,128,128,212
3217,3217,PV Cell,116,51,0,40,167,40,127,127,207
3218,3218,PV Cell,127,44,0,48,171,48,123,123,219
3219,3219,PV Cell,108,58,0,41,166,41,125,125,207
3220,3220,PV Cell,121,49,0,52,170,52,118,118,222
3221,3221,PV Cell,125,48,0,49,173,49,124,124,222
3222,3222,PV Cell,115,50,0,43,165,43,122,122,208
3223,3223,PV Cell,132,37,0,38,169,38,131,131,207
3224,3224,PV Cell,127,40,0,51,167,51,116,116,218
3225,3225,PV Cell,113,56,0,56,169,56,113,113,225
3226,3226,PV Cell,117,47,0,49,164,49,115,115,213
3227,3227,PV Cell,126,45,0,45,171,45,126,126,216
3228,3228,PV Cell,120,62,0,38,182,38,144,144,220
3229,3229,PV Cell,120,46,0,44,166,44,122,122,210
3230,3230,PV Cell,122,48,0,48,170,48,122,122,218
3231,3231,PV Cell,129,47,0,58,176,58,118,118,234
3232,3232,PV Cell,128,46,0,42,174,42,132,132,216
3233,3233,PV Cell,133,41,0,49,174,49,125,125,223
3234,3234,PV Cell,131,43,0,49,174,49,125,125,223
3235,3235,PV Cell,129,40,0,41,169,41,128,128,210
3236,3236,PV Cell,117,50,0,45,167,45,122,122,212
3237,3237,PV Cell,115,55,0,47,170,47,123,123,217
3238,3238,PV Cell,129,46,0,55,175,55,120,120,230
3239,3239,PV Cell,116,54,0,46,170,46,124,124,216
3240,3240,PV Cell,108,56,0,57,164,57,107,107,221
3241,3241,PV Cell,114,54,0,50,168,50,118,118,218
3242,3242,PV Cell,134,36,0,42,170,42,128,128,212
3243,3243,PV Cell,117,50,0,53,167,53,114,114,220
3244,3244,PV Cell,123,48,0,53,171,53,118,118,224
3245,3245,PV Cell,119,51,0,54,170,54,116,116,224
3246,3246,PV Cell,120,47,0,47,167,47,120,120,214
3247,3247,PV Cell,124,45,0,46,169,46,123,123,215
3248,3248,PV Cell,123,42,0,38,165,38,127,127,203
3249,3249,PV Cell,115,50,0,52,165,52,113,113,217
3250,3250,PV Cell,131,40,0,47,171,47,124,124,218
3251,3251,PV Cell,122,52,0,53,174,53,121,121,227
3252,3252,PV Cell,128,48,0,57,176,57,119,119,233
3253,3253,PV Cell,131,43,0,49,174,49,125,125,223
3254,3254,PV Cell,108,56,0,50,164,50,114,114,214
3255,3255,PV Cell,114,58,0,51,172,51,121,121,223
3256,3256,PV Cell,112,57,0,54,169,54,115,115,223
3257,3257,PV Cell,120,49,0,49,169,49,120,120,218
3258,3258,PV Cell,126,44,0,48,170,48,122,122,218
3259,3259,PV Cell,113,54,0,58,167,58,109,109,225
3260,3260,PV Cell,114,58,0,45,172,45,127,127,217
3261,3261,PV Cell,111,53,0,35,164,35,129,129,199
3262,3262,PV Cell,123,44,0,46,167,46,121,121,213
3263,3263,PV Cell,137,40,0,45,177,45,132,132,222
3264,3264,PV Cell,108,53,0,48,161,48,113,113,209
3265,3265,PV Cell,124,44,0,51,168,51,117,117,219
3266,3266,PV Cell,122,46,0,48,168,48,120,120,216
3267,3267,PV Cell,130,35,0,47,165,47,118,118,212
3268,3268,PV Cell,120,54,0,46,174,46,128,128,220
3269,3269,PV Cell,123,38,0,46,161,46,115,115,207
3270,3270,PV Cell,117,47,0,42,164,42,122,122,206
3271,3271,PV Cell,124,44,0,48,168,48,120,120,216
3272,3272,PV Cell,126,42,0,43,168,43,125,125,211
3273,3273,PV Cell,125,35,0,49,160,49,111,111,209
3274,3274,PV Cell,120,54,0,52,174,52,122,122,226
3275,3275,PV Cell,120,48,0,55,168,55,113,113,223
3276,3276,PV Cell,113,47,0,46,160,46,114,114,206
3277,3277,PV Cell,119,43,0,46,162,46,116,116,208
3278,3278,PV Cell,120,45,0,51,165,51,114,114,216
3279,3279,PV Cell,123,52,0,39,175,39,136,136,214
3280,3280,PV Cell,115,54,0,39,169,39,130,130,208
3281,3281,PV Cell,124,44,0,54,168,54,114,114,222
3282,3282,PV Cell,108,53,0,60,161,60,101,101,221
3283,3283,PV Cell,124,47,0,47,171,47,124,124,218
3284,3284,PV Cell,110,52,0,49,162,49,113,113,211
3285,3285,PV Cell,117,41,0,42,158,42,116,116,200
3286,3286,PV Cell,124,44,0,51,168,51,117,117,219
3287,3287,PV Cell,123,44,0,43,167,43,124,124,210
3288,3288,PV Cell,126,44,0,47,170,47,123,123,217
3289,3289,PV Cell,124,45,0,39,169,39,130,130,208
3290,3290,PV Cell,118,54,0,61,172,61,111,111,233
3291,3291,PV Cell,121,44,0,47,165,47,118,118,212
3292,3292,PV Cell,100,72,0,60,172,60,112,112,232
3293,3293,PV Cell,121,47,0,41,168,41,127,127,209
3294,3294,PV Cell,118,43,0,43,161,43,118,118,204
3295,3295,PV Cell,130,42,0,57,172,57,115,115,229
3296,3296,PV Cell,126,51,0,40,177,40,137,137,217
3297,3297,PV Cell,137,41,0,47,178,47,131,131,225
3298,3298,PV Cell,120,48,0,37,168,37,131,131,205
3299,3299,PV Cell,118,49,0,40,167,40,127,127,207
3300,3300,PV Cell,125,40,0,53,165,53,112,112,218
3301,3301,PV Cell,122,45,0,48,167,48,119,119,215
3302,3302,PV Cell,123,50,0,49,173,49,124,124,222
3303,3303,PV Cell,111,57,0,39,168,39,129,129,207
3304,3304,PV Cell,116,50,0,51,166,51,115,115,217
3305,3305,PV Cell,114,47,0,45,161,45,116,116,206
3306,3306,PV Cell,120,54,0,39,174,39,135,135,213
3307,3307,PV Cell,124,47,0,60,171,60,111,111,231
3308,3308,PV Cell,121,45,0,45,166,45,121,121,211
3309,3309,PV Cell,124,38,0,47,162,47,115,115,209
3310,3310,PV Cell,105,58,0,46,163,46,117,117,209
3311,3311,PV Cell,119,53,0,55,172,55,117,117,227
3312,3312,PV Cell,121,48,0,56,169,56,113,113,225
3313,3313,PV Cell,109,56,0,50,165,50,115,115,215
3314,3314,PV Cell,123,50,0,47,173,47,126,126,220
3315,3315,PV Cell,114,50,0,41,164,41,123,123,205
3316,3316,PV Cell,112,58,0,49,170,49,121,121,219
3317,3317,PV Cell,122,55,0,53,177,53,124,124,230
3318,3318,PV Cell,112,47,0,50,159,50,109,109,209
3319,3319,PV Cell,125,45,0,49,170,49,121,121,219
3320,3320,PV Cell,122,48,0,47,170,47,123,123,217
3321,3321,PV Cell,113,55,0,47,168,47,121,121,215
3322,3322,PV Cell,122,54,0,48,176,48,128,128,224
3323,3323,PV Cell,100,69,0,44,169,44,125,125,213
3324,3324,PV Cell,131,37,0,46,168,46,122,122,214
3325,3325,PV Cell,116,47,0,51,163,51,112,112,214
3326,3326,PV Cell,131,44,0,46,175,46,129,129,221
3327,3327,PV Cell,108,61,0,42,169,42,127,127,211
3328,3328,PV Cell,130,44,0,45,174,45,129,129,219
3329,3329,PV Cell,129,41,0,50,170,50,120,120,220
3330,3330,PV Cell,127,50,0,48,177,48,129,129,225
3331,3331,PV Cell,127,48,0,46,175,46,129,129,221
3332,3332,PV Cell,113,52,0,47,165,47,118,118,212
3333,3333,PV Cell,111,57,0,43,168,43,125,125,211
3334,3334,PV Cell,119,46,0,48,165,48,117,117,213
3335,3335,PV Cell,115,51,0,50,166,50,116,116,216
3336,3336,PV Cell,118,52,0,45,170,45,125,125,215
3337,3337,PV Cell,117,49,0,56,166,56,110,110,222
3338,3338,PV Cell,124,48,0,39,172,39,133,133,211
3339,3339,PV Cell,99,66,0,60,165,60,105,105,225
3340,3340,PV Cell,124,45,0,44,169,44,125,125,213
3341,3341,PV Cell,137,41,0,42,178,42,136,136,220
3342,3342,PV Cell,121,48,0,47,169,47,122,122,216
3343,3343,PV Cell,120,45,0,39,165,39,126,126,204
3344,3344,PV Cell,111,51,0,46,162,46,116,116,208
3345,3345,PV Cell,118,54,0,55,172,55,117,117,227
3346,3346,PV Cell,121,54,0,47,175,47,128,128,222
3347,3347,PV Cell,121,41,0,50,162,50,112,112,212
3348,3348,PV Cell,121,47,0,48,168,48,120,120,216
3349,3349,PV Cell,113,54,0,50,167,50,117,117,217
3350,3350,PV Cell,121,50,0,54,171,54,117,117,225
3351,3351,PV Cell,127,49,0,47,176,47,129,129,223
3352,3352,PV Cell,127,45,0,53,172,53,119,119,225
3353,3353,PV Cell,127,45,0,48,172,48,124,124,220
3354,3354,PV Cell,119,42,0,56,161,56,105,105,217
3355,3355,PV Cell,130,37,0,45,167,45,122,122,212
3356,3356,PV Cell,122,53,0,43,175,43,132,132,218
3357,3357,PV Cell,119,52,0,58,171,58,113,113,229
3358,3358,PV Cell,122,46,0,57,168,57,111,111,225
3359,3359,PV Cell,117,49,0,54,166,54,112,112,220
3360,3360,PV Cell,114,49,0,46,163,46,117,117,209
3361,3361,PV Cell,124,45,0,54,169,54,115,115,223
3362,3362,PV Cell,115,48,0,57,163,57,106,106,220
3363,3363,PV Cell,133,41,0,43,174,43,131,131,217
3364,3364,PV Cell,127,40,0,46,167,46,121,121,213
3365,3365,PV Cell,135,38,0,47,173,47,126,126,220
3366,3366,PV Cell,123,51,0,40,174,40,134,134,214
3367,3367,PV Cell,126,43,0,56,169,56,113,113,225
3368,3368,PV Cell,132,43,0,60,175,60,115,115,235
3369,3369,PV Cell,117,48,0,44,165,44,121,121,209
3370,3370,PV Cell,120,53,0,46,173,46,127,127,219
3371,3371,PV Cell,113,57,0,48,170,48,122,122,218
3372,3372,PV Cell,107,59,0,50,166,50,116,116,216
3373,3373,PV Cell,120,46,0,43,166,43,123,123,209
3374,3374,PV Cell,118,50,0,43,168,43,125,125,211
3375,3375,PV Cell,129,43,0,40,172,40,132,132,212
3376,3376,PV Cell,125,46,0,45,171,45,126,126,216
3377,3377,PV Cell,121,48,0,45,169,45,124,124,214
3378,3378,PV Cell,123,42,0,37,165,37,128,128,202
3379,3379,PV Cell,119,57,0,54,176,54,122,122,230
3380,3380,PV Cell,128,46,0,58,174,58,116,116,232
3381,3381,PV Cell,112,54,0,47,166,47,119,119,213
3382,3382,PV Cell,126,45,0,59,171,59,112,112,230
3383,3383,PV Cell,105,64,0,52,169,52,117,117,221
3384,3384,PV Cell,126,39,0,57,165,57,108,108,222
3385,3385,PV Cell,107,58,0,52,165,52,113,113,217
3386,3386,PV Cell,108,56,0,39,164,39,125,125,203
3387,3387,PV Cell,122,54,0,49,176,49,127,127,225
3388,3388,PV Cell,120,43,0,50,163,50,113,113,213
3389,3389,PV Cell,105,57,0,45,162,45,117,117,207
3390,3390,PV Cell,111,49,0,54,160,54,106,106,214
3391,3391,PV Cell,120,53,0,48,173,48,125,125,221
3392,3392,PV Cell,118,53,0,53,171,53,118,118,224
3393,3393,PV Cell,124,45,0,51,169,51,118,118,220
3394,3394,PV Cell,125,50,0,43,175,43,132,132,218
3395,3395,PV Cell,132,44,0,52,176,52,124,124,228
3396,3396,PV Cell,118,49,0,49,167,49,118,118,216
3397,3397,PV Cell,113,48,0,57,161,57,104,104,218
3398,3398,PV Cell,124,37,0,51,161,51,110,110,212
3399,3399,PV Cell,113,51,0,47,164,47,117,117,211
3400,3400,PV Cell,113,57,0,54,170,54,116,116,224
3401,3401,PV Cell,115,46,0,42,161,42,119,119,203
3402,3402,PV Cell,117,51,0,56,168,56,112,112,224
3403,3403,PV Cell,121,50,0,40,171,40,131,131,211
3404,3404,PV Cell,113,47,0,47,160,47,113,113,207
3405,3405,PV Cell,126,42,0,38,168,38,130,130,206
3406,3406,PV Cell,133,41,0,45,174,45,129,129,219
3407,3407,PV Cell,119,47,0,45,166,45,121,121,211
3408,3408,PV Cell,121,45,0,48,166,48,118,118,214
3409,3409,PV Cell,123,46,0,56,169,56,113,113,225
3410,3410,PV Cell,119,51,0,52,170,52,118,118,222
3411,3411,PV Cell,118,55,0,41,173,41,132,132,214
3412,3412,PV Cell,125,48,0,41,173,41,132,132,214
3413,3413,PV Cell,114,61,0,53,175,53,122,122,228
3414,3414,PV Cell,125,54,0,51,179,51,128,128,230
3415,3415,PV Cell,121,49,0,39,170,39,131,131,209
3416,3416,PV Cell,117,54,0,61,171,61,110,110,232
3417,3417,PV Cell,122,51,0,55,173,55,118,118,228
3418,3418,PV Cell,117,55,0,48,172,48,124,124,220
3419,3419,PV Cell,116,53,0,45,169,45,124,124,214
3420,3420,PV Cell,122,49,0,48,171,48,123,123,219
3421,3421,PV Cell,108,60,0,53,168,53,115,115,221
3422,3422,PV Cell,117,48,0,42,165,42,123,123,207
3423,3423,PV Cell,125,44,0,50,169,50,119,119,219
3424,3424,PV Cell,122,49,0,48,171,48,123,123,219
3425,3425,PV Cell,120,49,0,54,169,54,115,115,223
3426,3426,PV Cell,115,45,0,38,160,38,122,122,198
3427,3427,PV Cell,118,52,0,43,170,43,127,127,213
3428,3428,PV Cell,121,55,0,43,176,43,133,133,219
3429,3429,PV Cell,126,42,0,44,168,44,124,124,212
3430,3430,PV Cell,120,43,0,49,163,49,114,114,212
3431,3431,PV Cell,123,48,0,40,171,40,131,131,211
3432,3432,PV Cell,125,46,0,54,171,54,117,117,225
3433,3433,PV Cell,115,50,0,55,165,55,110,110,220
3434,3434,PV Cell,110,58,0,57,168,57,111,111,225
3435,3435,PV Cell,122,43,0,51,165,51,114,114,216
3436,3436,PV Cell,111,50,0,56,161,56,105,105,217
3437,3437,PV Cell,116,49,0,52,165,52,113,113,217
3438,3438,PV Cell,123,41,0,52,164,52,112,112,216
3439,3439,PV Cell,116,52,0,47,168,47,121,121,215
3440,3440,PV Cell,111,48,0,43,159,43,116,116,202
3441,3441,PV Cell,114,50,0,47,164,47,117,117,211
3442,3442,PV Cell,125,45,0,63,170,63,107,107,233
3443,3443,PV Cell,121,54,0,56,175,56,119,119,231
3444,3444,PV Cell,126,43,0,45,169,45,124,124,214
3445,3445,PV Cell,113,52,0,49,165,49,116,116,214
3446,3446,PV Cell,121,42,0,43,163,43,120,120,206
3447,3447,PV Cell,122,43,0,57,165,57,108,108,222
3448,3448,PV Cell,128,35,0,51,163,51,112,112,214
3449,3449,PV Cell,124,41,0,43,165,43,122,122,208
3450,3450,PV Cell,114,58,0,50,172,50,122,122,222
3451,3451,PV Cell,123,46,0,44,169,44,125,125,213
3452,3452,PV Cell,117,48,0,34,165,34,131,131,199
3453,3453,PV Cell,111,59,0,55,170,55,115,115,225
3454,3454,PV Cell,121,50,0,50,171,50,121,121,221
3455,3455,PV Cell,125,46,0,48,171,48,123,123,219
3456,3456,PV Cell,114,53,0,64,167,64,103,103,231
3457,3457,PV Cell,132,48,0,45,180,45,135,135,225
3458,3458,PV Cell,116,50,0,51,166,51,115,115,217
3459,3459,PV Cell,120,53,0,50,173,50,123,123,223
3460,3460,PV Cell,120,53,0,60,173,60,113,113,233
3461,3461,PV Cell,119,48,0,49,167,49,118,118,216
3462,3462,PV Cell,120,52,0,49,172,49,123,123,221
3463,3463,PV Cell,114,50,0,49,164,49,115,115,213
3464,3464,PV Cell,107,53,0,49,160,49,111,111,209
3465,3465,PV Cell,118,48,0,44,166,44,122,122,210
3466,3466,PV Cell,125,46,0,39,171,39,132,132,210
3467,3467,PV Cell,122,51,0,53,173,53,120,120,226
3468,3468,PV Cell,118,47,0,42,165,42,123,123,207
3469,3469,PV Cell,126,44,0,47,170,47,123,123,217
3470,3470,PV Cell,108,50,0,46,158,46,112,112,204
3471,3471,PV Cell,123,43,0,51,166,51,115,115,217
3472,3472,PV Cell,115,52,0,55,167,55,112,112,222
3473,3473,PV Cell,124,43,0,51,167,51,116,116,218
3474,3474,PV Cell,120,51,0,62,171,62,109,109,233
3475,3475,PV Cell,110,58,0,49,168,49,119,119,217
3476,3476,PV Cell,109,59,0,46,168,46,122,122,214
3477,3477,PV Cell,114,55,0,61,169,61,108,108,230
3478,3478,PV Cell,119,58,0,48,177,48,129,129,225
3479,3479,PV Cell,119,48,0,44,167,44,123,123,211
3480,3480,PV Cell,112,57,0,45,169,45,124,124,214
3481,3481,PV Cell,118,49,0,58,167,58,109,109,225
3482,3482,PV Cell,129,41,0,59,170,59,111,111,229
3483,3483,PV Cell,124,45,0,47,169,47,122,122,216
3484,3484,PV Cell,123,52,0,46,175,46,129,129,221
3485,3485,PV Cell,121,49,0,44,170,44,126,126,214
3486,3486,PV Cell,124,51,0,49,175,49,126,126,224
3487,3487,PV Cell,108,59,0,44,167,44,123,123,211
3488,3488,PV Cell,123,41,0,49,164,49,115,115,213
3489,3489,PV Cell,132,38,0,38,170,38,132,132,208
3490,3490,PV Cell,117,52,0,45,169,45,124,124,214
3491,3491,PV Cell,127,38,0,33,165,33,132,132,198
3492,3492,PV Cell,112,59,0,40,171,40,131,131,211
3493,3493,PV Cell,118,49,0,59,167,59,108,108,226
3494,3494,PV Cell,122,52,0,36,174,36,138,138,210
3495,3495,PV Cell,123,49,0,54,172,54,118,118,226
3496,3496,PV Cell,119,44,0,47,163,47,116,116,210
3497,3497,PV Cell,114,56,0,46,170,46,124,124,216
3498,3498,PV Cell,126,43,0,56,169,56,113,113,225
3499,3499,PV Cell,110,54,0,40,164,40,124,124,204
3500,3500,PV Cell,115,55,0,51,170,51,119,119,221
3501,3501,PV Cell,111,50,0,49,161,49,112,112,210
3502,3502,PV Cell,112,56,0,50,168,50,118,118,218
3503,3503,PV Cell,125,51,0,45,176,45,131,131,221
3504,3504,PV Cell,128,39,0,47,167,47,120,120,214
3505,3505,PV Cell,112,50,0,50,162,50,112,112,212
3506,3506,PV Cell,111,50,0,37,161,37,124,124,198
3507,3507,PV Cell,133,42,0,49,175,49,126,126,224
3508,3508,PV Cell,108,50,0,48,158,48,110,110,206
3509,3509,PV Cell,125,41,0,53,166,53,113,113,219
3510,3510,PV Cell,118,48,0,52,166,52,114,114,218
3511,3511,PV Cell,124,40,0,44,164,44,120,120,208
3512,3512,PV Cell,119,58,0,52,177,52,125,125,229
3513,3513,PV Cell,118,48,0,51,166,51,115,115,217
3514,3514,PV Cell,124,53,0,49,177,49,128,128,226
3515,3515,PV Cell,115,48,0,42,163,42,121,121,205
3516,3516,PV Cell,115,50,0,42,165,42,123,123,207
3517,3517,PV Cell,128,36,0,36,164,36,128,128,200
3518,3518,PV Cell,112,54,0,43,166,43,123,123,209
3519,3519,PV Cell,104,58,0,61,162,61,101,101,223
3520,3520,PV Cell,110,53,0,45,163,45,118,118,208
3521,3521,PV Cell,121,54,0,48,175,48,127,127,223
3522,3522,PV Cell,112,55,0,51,167,51,116,116,218
3523,3523,PV Cell,116,53,0,57,169,57,112,112,226
3524,3524,PV Cell,120,50,0,43,170,43,127,127,213
3525,3525,PV Cell,111,54,0,48,165,48,117,117,213
3526,3526,PV Cell,123,46,0,58,169,58,111,111,227
3527,3527,PV Cell,125,41,0,45,166,45,121,121,211
3528,3528,PV Cell,124,47,0,44,171,44,127,127,215
3529,3529,PV Cell,121,52,0,53,173,53,120,120,226
3530,3530,PV Cell,112,54,0,56,166,56,110,110,222
3531,3531,PV Cell,119,52,0,48,171,48,123,123,219
3532,3532,PV Cell,130,41,0,52,171,52,119,119,223
3533,3533,PV Cell,119,47,0,43,166,43,123,123,209
3534,3534,PV Cell,127,42,0,56,169,56,113,113,225
3535,3535,PV Cell,122,42,0,49,164,49,115,115,213
3536,3536,PV Cell,121,45,0,54,166,54,112,112,220
3537,3537,PV Cell,110,52,0,52,162,52,110,110,214
3538,3538,PV Cell,125,43,0,48,168,48,120,120,216
3539,3539,PV Cell,113,53,0,53,166,53,113,113,219
3540,3540,PV Cell,118,54,0,42,172,42,130,130,214
3541,3541,PV Cell,112,55,0,54,167,54,113,113,221
3542,3542,PV Cell,113,53,0,42,166,42,124,124,208
3543,3543,PV Cell,120,49,0,55,169,55,114,114,224
3544,3544,PV Cell,110,58,0,69,168,69,99,99,237
3545,3545,PV Cell,120,45,0,44,165,44,121,121,209
3546,3546,PV Cell,123,49,0,52,172,52,120,120,224
3547,3547,PV Cell,117,49,0,58,166,58,108,108,224
3548,3548,PV Cell,117,51,0,52,168,52,116,116,220
3549,3549,PV Cell,120,48,0,49,168,49,119,119,217
3550,3550,PV Cell,117,46,0,33,163,33,130,130,196
3551,3551,PV Cell,123,43,0,43,166,43,123,123,209
3552,3552,PV Cell,111,59,0,61,170,61,109,109,231
3553,3553,PV Cell,122,46,0,45,168,45,123,123,213
3554,3554,PV Cell,127,45,0,36,172,36,136,136,208
3555,3555,PV Cell,116,53,0,44,169,44,125,125,213
3556,3556,PV Cell,119,44,0,46,163,46,117,117,209
3557,3557,PV Cell,122,42,0,58,164,58,106,106,222
3558,3558,PV Cell,128,41,0,55,169,55,114,114,224
3559,3559,PV Cell,117,48,0,55,165,55,110,110,220
3560,3560,PV Cell,109,67,0,48,176,48,128,128,224
3561,3561,PV Cell,104,60,0,49,164,49,115,115,213
3562,3562,PV Cell,115,51,0,44,166,44,122,122,210
3563,3563,PV Cell,119,48,0,50,167,50,117,117,217
3564,3564,PV Cell,120,55,0,41,175,41,134,134,216
3565,3565,PV Cell,118,51,0,46,169,46,123,123,215
3566,3566,PV Cell,127,44,0,50,171,50,121,121,221
3567,3567,PV Cell,118,53,0,51,171,51,120,120,222
3568,3568,PV Cell,119,51,0,44,170,44,126,126,214
3569,3569,PV Cell,115,55,0,48,170,48,122,122,218
3570,3570,PV Cell,128,45,0,57,173,57,116,116,230
3571,3571,PV Cell,129,43,0,56,172,56,116,116,228
3572,3572,SOM Cell,164,81,0,15,245,15,230,230,260
3573,3573,SOM Cell,155,64,0,18,219,18,201,201,237
3574,3574,SOM Cell,173,55,0,19,228,19,209,209,247
3575,3575,SOM Cell,159,67,0,21,226,21,205,205,247
3576,3576,SOM Cell,148,68,0,22,216,22,194,194,238
3577,3577,SOM Cell,173,70,0,24,243,24,219,219,267
3578,3578,SOM Cell,159,68,0,21,227,21,206,206,248
3579,3579,SOM Cell,155,52,0,26,207,26,181,181,233
3580,3580,SOM Cell,161,76,0,16,237,16,221,221,253
3581,3581,SOM Cell,169,76,0,16,245,16,229,229,261
3582,3582,SOM Cell,172,64,0,23,236,23,213,213,259
3583,3583,SOM Cell,167,66,0,17,233,17,216,216,250
3584,3584,SOM Cell,178,53,0,18,231,18,213,213,249
3585,3585,SOM Cell,169,65,0,21,234,21,213,213,255
3586,3586,SOM Cell,164,73,0,20,237,20,217,217,257
3587,3587,SOM Cell,163,57,0,31,220,31,189,189,251
3588,3588,SOM Cell,156,68,0,25,224,25,199,199,249
3589,3589,SOM Cell,174,53,0,17,227,17,210,210,244
3590,3590,SOM Cell,164,63,0,21,227,21,206,206,248
3591,3591,SOM Cell,166,63,0,11,229,11,218,218,240
3592,3592,SOM Cell,178,65,0,22,243,22,221,221,265
3593,3593,SOM Cell,173,60,0,16,233,16,217,217,249
3594,3594,SOM Cell,164,69,0,28,233,28,205,205,261
3595,3595,SOM Cell,162,76,0,14,238,14,224,224,252
3596,3596,SOM Cell,168,85,0,14,253,14,239,239,267
3597,3597,SOM Cell,152,50,0,15,202,15,187,187,217
3598,3598,SOM Cell,173,81,0,29,254,29,225,225,283
3599,3599,SOM Cell,169,80,0,18,249,18,231,231,267
3600,3600,SOM Cell,183,70,0,21,253,21,232,232,274
3601,3601,SOM Cell,161,64,0,13,225,13,212,212,238
3602,3602,SOM Cell,167,67,0,15,234,15,219,219,249
3603,3603,SOM Cell,163,69,0,16,232,16,216,216,248
3604,3604,SOM Cell,163,69,0,17,232,17,215,215,249
3605,3605,SOM Cell,180,79,0,23,259,23,236,236,282
3606,3606,SOM Cell,179,70,0,29,249,29,220,220,278
3607,3607,SOM Cell,175,50,0,23,225,23,202,202,248
3608,3608,SOM Cell,151,59,0,16,210,16,194,194,226
3609,3609,SOM Cell,162,70,0,19,232,19,213,213,251
3610,3610,SOM Cell,193,58,0,22,251,22,229,229,273
3611,3611,SOM Cell,167,70,0,22,237,22,215,215,259
3612,3612,SOM Cell,166,55,0,27,221,27,194,194,248
3613,3613,SOM Cell,166,66,0,20,232,20,212,212,252
3614,3614,SOM Cell,163,62,0,13,225,13,212,212,238
3615,3615,SOM Cell,163,73,0,25,236,25,211,211,261
3616,3616,SOM Cell,143,54,0,13,197,13,184,184,210
3617,3617,SOM Cell,188,67,0,17,255,17,238,238,272
3618,3618,SOM Cell,155,60,0,16,215,16,199,199,231
3619,3619,SOM Cell,175,54,0,19,229,19,210,210,248
3620,3620,SOM Cell,171,69,0,18,240,18,222,222,258
3621,3621,SOM Cell,157,57,0,21,214,21,193,193,235
3622,3622,SOM Cell,166,67,0,17,233,17,216,216,250
3623,3623,SOM Cell,169,60,0,17,229,17,212,212,246
3624,3624,SOM Cell,154,56,0,17,210,17,193,193,227
3625,3625,SOM Cell,156,60,0,18,216,18,198,198,234
3626,3626,SOM Cell,166,63,0,21,229,21,208,208,250
3627,3627,SOM Cell,165,68,0,26,233,26,207,207,259
3628,3628,SOM Cell,140,65,0,17,205,17,188,188,222
3629,3629,SOM Cell,192,41,0,15,233,15,218,218,248
3630,3630,SOM Cell,176,60,0,23,236,23,213,213,259
3631,3631,SOM Cell,166,74,0,14,240,14,226,226,254
3632,3632,SOM Cell,166,60,0,22,226,22,204,204,248
3633,3633,SOM Cell,169,77,0,11,246,11,235,235,257
3634,3634,SOM Cell,173,74,0,19,247,19,228,228,266
3635,3635,SOM Cell,148,66,0,19,214,19,195,195,233
3636,3636,SOM Cell,172,67,0,16,239,16,223,223,255
3637,3637,SOM Cell,177,50,0,18,227,18,209,209,245
3638,3638,SOM Cell,178,64,0,13,242,13,229,229,255
3639,3639,SOM Cell,149,71,0,18,220,18,202,202,238
3640,3640,SOM Cell,168,76,0,14,244,14,230,230,258
3641,3641,SOM Cell,189,69,0,18,258,18,240,240,276
3642,3642,SOM Cell,179,63,0,13,242,13,229,229,255
3643,3643,SOM Cell,167,61,0,18,228,18,210,210,246
3644,3644,SOM Cell,187,62,0,19,249,19,230,230,268
3645,3645,SOM Cell,154,62,0,19,216,19,197,197,235
3646,3646,SOM Cell,171,66,0,23,237,23,214,214,260
3647,3647,SOM Cell,172,75,0,18,247,18,229,229,265
3648,3648,SOM Cell,166,83,0,25,249,25,224,224,274
3649,3649,SOM Cell,184,54,0,20,238,20,218,218,258
3650,3650,SOM Cell,171,89,0,13,260,13,247,247,273
3651,3651,SOM Cell,151,62,0,21,213,21,192,192,234
3652,3652,SOM Cell,176,62,0,22,238,22,216,216,260
3653,3653,SOM Cell,157,61,0,16,218,16,202,202,234
3654,3654,SOM Cell,147,70,0,18,217,18,199,199,235
3655,3655,SOM Cell,178,67,0,13,245,13,232,232,258
3656,3656,SOM Cell,165,80,0,28,245,28,217,217,273
3657,3657,SOM Cell,154,74,0,26,228,26,202,202,254
3658,3658,SOM Cell,144,66,0,21,210,21,189,189,231
3659,3659,SOM Cell,166,66,0,17,232,17,215,215,249
3660,3660,SOM Cell,173,58,0,16,231,16,215,215,247
3661,3661,SOM Cell,157,73,0,22,230,22,208,208,252
3662,3662,SOM Cell,164,77,0,19,241,19,222,222,260
3663,3663,SOM Cell,164,66,0,18,230,18,212,212,248
3664,3664,SOM Cell,173,65,0,11,238,11,227,227,249
3665,3665,SOM Cell,140,73,0,18,213,18,195,195,231
3666,3666,SOM Cell,158,70,0,18,228,18,210,210,246
3667,3667,SOM Cell,171,69,0,19,240,19,221,221,259
3668,3668,SOM Cell,157,63,0,16,220,16,204,204,236
3669,3669,SOM Cell,179,63,0,5,242,5,237,237,247
3670,3670,SOM Cell,170,63,0,22,233,22,211,211,255
3671,3671,SOM Cell,173,73,0,17,246,17,229,229,263
3672,3672,SOM Cell,162,62,0,23,224,23,201,201,247
3673,3673,SOM Cell,169,71,0,27,240,27,213,213,267
3674,3674,SOM Cell,138,76,0,19,214,19,195,195,233
3675,3675,SOM Cell,183,78,0,19,261,19,242,242,280
3676,3676,SOM Cell,151,55,0,19,206,19,187,187,225
3677,3677,SOM Cell,166,58,0,19,224,19,205,205,243
3678,3678,SOM Cell,192,68,0,13,260,13,247,247,273
3679,3679,SOM Cell,192,58,0,20,250,20,230,230,270
3680,3680,SOM Cell,177,68,0,19,245,19,226,226,264
3681,3681,SOM Cell,180,61,0,21,241,21,220,220,262
3682,3682,SOM Cell,165,74,0,25,239,25,214,214,264
3683,3683,SOM Cell,181,75,0,19,256,19,237,237,275
3684,3684,SOM Cell,193,63,0,14,256,14,242,242,270
3685,3685,SOM Cell,175,68,0,18,243,18,225,225,261
3686,3686,SOM Cell,160,61,0,18,221,18,203,203,239
3687,3687,SOM Cell,176,52,0,15,228,15,213,213,243
3688,3688,SOM Cell,175,67,0,26,242,26,216,216,268
3689,3689,SOM Cell,153,67,0,10,220,10,210,210,230
3690,3690,SOM Cell,161,58,0,23,219,23,196,196,242
3691,3691,SOM Cell,162,69,0,14,231,14,217,217,245
3692,3692,SOM Cell,184,63,0,17,247,17,230,230,264
3693,3693,SOM Cell,150,62,0,14,212,14,198,198,226
3694,3694,SOM Cell,171,60,0,19,231,19,212,212,250
3695,3695,SOM Cell,167,74,0,13,241,13,228,228,254
3696,3696,SOM Cell,147,48,0,14,195,14,181,181,209
3697,3697,SOM Cell,194,74,0,19,268,19,249,249,287
3698,3698,SOM Cell,184,62,0,14,246,14,232,232,260
3699,3699,SOM Cell,158,63,0,24,221,24,197,197,245
3700,3700,SOM Cell,162,63,0,19,225,19,206,206,244
3701,3701,SOM Cell,166,53,0,19,219,19,200,200,238
3702,3702,SOM Cell,142,60,0,21,202,21,181,181,223
3703,3703,SOM Cell,155,75,0,17,230,17,213,213,247
3704,3704,SOM Cell,177,67,0,20,244,20,224,224,264
3705,3705,SOM Cell,162,59,0,16,221,16,205,205,237
3706,3706,SOM Cell,147,79,0,18,226,18,208,208,244
3707,3707,SOM Cell,175,72,0,14,247,14,233,233,261
3708,3708,SOM Cell,199,76,0,14,275,14,261,261,289
3709,3709,SOM Cell,155,69,0,21,224,21,203,203,245
3710,3710,SOM Cell,174,75,0,16,249,16,233,233,265
3711,3711,SOM Cell,147,70,0,22,217,22,195,195,239
3712,3712,SOM Cell,172,72,0,10,244,10,234,234,254
3713,3713,SOM Cell,187,66,0,30,253,30,223,223,283
3714,3714,SOM Cell,163,77,0,23,240,23,217,217,263
3715,3715,SOM Cell,153,60,0,16,213,16,197,197,229
3716,3716,SOM Cell,160,61,0,19,221,19,202,202,240
3717,3717,SOM Cell,172,57,0,19,229,19,210,210,248
3718,3718,SOM Cell,177,67,0,16,244,16,228,228,260
3719,3719,SOM Cell,160,61,0,19,221,19,202,202,240
3720,3720,SOM Cell,155,55,0,18,210,18,192,192,228
3721,3721,SOM Cell,169,73,0,17,242,17,225,225,259
3722,3722,SOM Cell,178,72,0,23,250,23,227,227,273
3723,3723,SOM Cell,158,67,0,15,225,15,210,210,240
3724,3724,SOM Cell,148,62,0,22,210,22,188,188,232
3725,3725,SOM Cell,157,71,0,28,228,28,200,200,256
3726,3726,SOM Cell,172,76,0,12,248,12,236,236,260
3727,3727,SOM Cell,159,73,0,21,232,21,211,211,253
3728,3728,SOM Cell,187,64,0,19,251,19,232,232,270
3729,3729,SOM Cell,149,72,0,16,221,16,205,205,237
3730,3730,SOM Cell,182,77,0,12,259,12,247,247,271
3731,3731,SOM Cell,177,70,0,18,247,18,229,229,265
3732,3732,SOM Cell,181,57,0,23,238,23,215,215,261
3733,3733,SOM Cell,157,59,0,15,216,15,201,201,231
3734,3734,SOM Cell,157,79,0,19,236,19,217,217,255
3735,3735,SOM Cell,175,70,0,11,245,11,234,234,256
3736,3736,SOM Cell,172,65,0,23,237,23,214,214,260
3737,3737,SOM Cell,142,68,0,22,210,22,188,188,232
3738,3738,SOM Cell,173,73,0,27,246,27,219,219,273
3739,3739,SOM Cell,189,76,0,17,265,17,248,248,282
3740,3740,SOM Cell,153,78,0,12,231,12,219,219,243
3741,3741,SOM Cell,172,63,0,20,235,20,215,215,255
3742,3742,SOM Cell,152,65,0,15,217,15,202,202,232
3743,3743,SOM Cell,181,64,0,18,245,18,227,227,263
3744,3744,SOM Cell,178,59,0,16,237,16,221,221,253
3745,3745,SOM Cell,170,71,0,18,241,18,223,223,259
3746,3746,SOM Cell,171,59,0,18,230,18,212,212,248
3747,3747,SOM Cell,160,62,0,14,222,14,208,208,236
3748,3748,SOM Cell,171,52,0,24,223,24,199,199,247
3749,3749,SOM Cell,164,71,0,19,235,19,216,216,254
3750,3750,SOM Cell,156,57,0,15,213,15,198,198,228
3751,3751,SOM Cell,152,68,0,20,220,20,200,200,240
3752,3752,SOM Cell,179,57,0,19,236,19,217,217,255
3753,3753,SOM Cell,147,54,0,15,201,15,186,186,216
3754,3754,SOM Cell,154,55,0,20,209,20,189,189,229
3755,3755,SOM Cell,164,80,0,13,244,13,231,231,257
3756,3756,SOM Cell,158,68,0,20,226,20,206,206,246
3757,3757,SOM Cell,135,74,0,14,209,14,195,195,223
3758,3758,SOM Cell,139,63,0,18,202,18,184,184,220
3759,3759,SOM Cell,157,70,0,18,227,18,209,209,245
3760,3760,SOM Cell,176,93,0,10,269,10,259,259,279
3761,3761,SOM Cell,183,68,0,20,251,20,231,231,271
3762,3762,SOM Cell,167,64,0,19,231,19,212,212,250
3763,3763,SOM Cell,155,63,0,27,218,27,191,191,245
3764,3764,SOM Cell,153,57,0,17,210,17,193,193,227
3765,3765,SOM Cell,179,78,0,22,257,22,235,235,279
3766,3766,SOM Cell,157,66,0,11,223,11,212,212,234
3767,3767,SOM Cell,186,56,0,18,242,18,224,224,260
3768,3768,SOM Cell,158,75,0,18,233,18,215,215,251
3769,3769,SOM Cell,149,73,0,11,222,11,211,211,233
3770,3770,SOM Cell,161,67,0,23,228,23,205,205,251
3771,3771,SOM Cell,162,84,0,23,246,23,223,223,269
3772,3772,SOM Cell,153,86,0,22,239,22,217,217,261
3773,3773,SOM Cell,147,71,0,19,218,19,199,199,237
3774,3774,SOM Cell,146,59,0,15,205,15,190,190,220
3775,3775,SOM Cell,156,61,0,13,217,13,204,204,230
3776,3776,SOM Cell,170,50,0,24,220,24,196,196,244
3777,3777,SOM Cell,191,57,0,20,248,20,228,228,268
3778,3778,SOM Cell,139,66,0,13,205,13,192,192,218
3779,3779,SOM Cell,160,73,0,12,233,12,221,221,245
3780,3780,SOM Cell,152,70,0,18,222,18,204,204,240
3781,3781,SOM Cell,173,63,0,13,236,13,223,223,249
3782,3782,SOM Cell,155,66,0,19,221,19,202,202,240
3783,3783,SOM Cell,175,75,0,19,250,19,231,231,269
3784,3784,SOM Cell,165,80,0,15,245,15,230,230,260
3785,3785,SOM Cell,155,68,0,11,223,11,212,212,234
3786,3786,SOM Cell,162,59,0,4,221,4,217,217,225
3787,3787,SOM Cell,179,67,0,22,246,22,224,224,268
3788,3788,SOM Cell,142,55,0,25,197,25,172,172,222
3789,3789,SOM Cell,156,70,0,23,226,23,203,203,249
3790,3790,SOM Cell,144,61,0,17,205,17,188,188,222
3791,3791,SOM Cell,170,79,0,17,249,17,232,232,266
3792,3792,SOM Cell,181,57,0,20,238,20,218,218,258
3793,3793,SOM Cell,176,71,0,16,247,16,231,231,263
3794,3794,SOM Cell,219,54,0,20,273,20,253,253,293
3795,3795,SOM Cell,169,72,0,17,241,17,224,224,258
3796,3796,SOM Cell,147,86,0,21,233,21,212,212,254
3797,3797,SOM Cell,173,68,0,21,241,21,220,220,262
3798,3798,SOM Cell,154,64,0,19,218,19,199,199,237
3799,3799,SOM Cell,156,70,0,16,226,16,210,210,242
3800,3800,SOM Cell,193,70,0,27,263,27,236,236,290
3801,3801,SOM Cell,157,68,0,13,225,13,212,212,238
3802,3802,SOM Cell,159,75,0,22,234,22,212,212,256
3803,3803,SOM Cell,161,78,0,26,239,26,213,213,265
3804,3804,SOM Cell,169,80,0,23,249,23,226,226,272
3805,3805,SOM Cell,185,69,0,18,254,18,236,236,272
3806,3806,SOM Cell,165,63,0,18,228,18,210,210,246
3807,3807,SOM Cell,174,58,0,26,232,26,206,206,258
3808,3808,SOM Cell,172,69,0,25,241,25,216,216,266
3809,3809,SOM Cell,145,66,0,16,211,16,195,195,227
3810,3810,SOM Cell,159,60,0,18,219,18,201,201,237
3811,3811,SOM Cell,185,88,0,21,273,21,252,252,294
3812,3812,SOM Cell,172,67,0,14,239,14,225,225,253
3813,3813,SOM Cell,146,83,0,16,229,16,213,213,245
3814,3814,SOM Cell,166,68,0,19,234,19,215,215,253
3815,3815,SOM Cell,166,58,0,16,224,16,208,208,240
3816,3816,SOM Cell,156,63,0,22,219,22,197,197,241
3817,3817,SOM Cell,164,67,0,11,231,11,220,220,242
3818,3818,SOM Cell,188,72,0,15,260,15,245,245,275
3819,3819,SOM Cell,167,60,0,20,227,20,207,207,247
3820,3820,SOM Cell,145,64,0,17,209,17,192,192,226
3821,3821,SOM Cell,174,71,0,20,245,20,225,225,265
3822,3822,SOM Cell,153,75,0,20,228,20,208,208,248
3823,3823,SOM Cell,167,63,0,14,230,14,216,216,244
3824,3824,SOM Cell,170,76,0,17,246,17,229,229,263
3825,3825,SOM Cell,157,64,0,17,221,17,204,204,238
3826,3826,SOM Cell,162,77,0,23,239,23,216,216,262
3827,3827,SOM Cell,181,56,0,25,237,25,212,212,262
3828,3828,SOM Cell,160,62,0,15,222,15,207,207,237
3829,3829,SOM Cell,165,59,0,17,224,17,207,207,241
3830,3830,SOM Cell,149,55,0,19,204,19,185,185,223
3831,3831,SOM Cell,146,68,0,16,214,16,198,198,230
3832,3832,SOM Cell,157,64,0,18,221,18,203,203,239
3833,3833,SOM Cell,167,79,0,18,246,18,228,228,264
3834,3834,SOM Cell,165,62,0,24,227,24,203,203,251
3835,3835,SOM Cell,142,70,0,17,212,17,195,195,229
3836,3836,SOM Cell,157,69,0,19,226,19,207,207,245
3837,3837,SOM Cell,174,73,0,12,247,12,235,235,259
3838,3838,SOM Cell,155,68,0,19,223,19,204,204,242
3839,3839,SOM Cell,155,55,0,20,210,20,190,190,230
3840,3840,SOM Cell,162,90,0,23,252,23,229,229,275
3841,3841,SOM Cell,159,75,0,24,234,24,210,210,258
3842,3842,SOM Cell,161,66,0,16,227,16,211,211,243
3843,3843,SOM Cell,170,60,0,15,230,15,215,215,245
3844,3844,SOM Cell,140,68,0,22,208,22,186,186,230
3845,3845,SOM Cell,182,59,0,26,241,26,215,215,267
3846,3846,SOM Cell,172,75,0,18,247,18,229,229,265
3847,3847,SOM Cell,179,69,0,15,248,15,233,233,263
3848,3848,SOM Cell,161,57,0,17,218,17,201,201,235
3849,3849,SOM Cell,170,55,0,16,225,16,209,209,241
3850,3850,SOM Cell,180,75,0,20,255,20,235,235,275
3851,3851,SOM Cell,166,78,0,11,244,11,233,233,255
3852,3852,SOM Cell,171,59,0,16,230,16,214,214,246
3853,3853,SOM Cell,181,71,0,18,252,18,234,234,270
3854,3854,SOM Cell,174,51,0,19,225,19,206,206,244
3855,3855,SOM Cell,176,68,0,26,244,26,218,218,270
3856,3856,SOM Cell,179,80,0,15,259,15,244,244,274
3857,3857,SOM Cell,152,79,0,15,231,15,216,216,246
3858,3858,SOM Cell,175,81,0,13,256,13,243,243,269
3859,3859,SOM Cell,169,55,0,27,224,27,197,197,251
3860,3860,SOM Cell,173,67,0,17,240,17,223,223,257
3861,3861,SOM Cell,182,76,0,20,258,20,238,238,278
3862,3862,SOM Cell,172,70,0,13,242,13,229,229,255
3863,3863,SOM Cell,168,63,0,16,231,16,215,215,247
3864,3864,SOM Cell,182,82,0,16,264,16,248,248,280
3865,3865,SOM Cell,199,81,0,19,280,19,261,261,299
3866,3866,SOM Cell,161,57,0,20,218,20,198,198,238
3867,3867,SOM Cell,153,70,0,17,223,17,206,206,240
3868,3868,SOM Cell,165,72,0,14,237,14,223,223,251
3869,3869,SOM Cell,176,62,0,19,238,19,219,219,257
3870,3870,SOM Cell,155,73,0,20,228,20,208,208,248
3871,3871,SOM Cell,163,78,0,12,241,12,229,229,253
3872,3872,SOM Cell,165,67,0,18,232,18,214,214,250
3873,3873,SOM Cell,177,70,0,16,247,16,231,231,263
3874,3874,SOM Cell,194,70,0,18,264,18,246,246,282
3875,3875,SOM Cell,172,60,0,19,232,19,213,213,251
3876,3876,SOM Cell,166,60,0,10,226,10,216,216,236
3877,3877,SOM Cell,170,65,0,25,235,25,210,210,260
3878,3878,SOM Cell,190,57,0,15,247,15,232,232,262
3879,3879,SOM Cell,179,75,0,20,254,20,234,234,274
3880,3880,SOM Cell,181,72,0,18,253,18,235,235,271
3881,3881,SOM Cell,186,77,0,28,263,28,235,235,291
3882,3882,SOM Cell,139,70,0,15,209,15,194,194,224
3883,3883,SOM Cell,154,77,0,17,231,17,214,214,248
3884,3884,SOM Cell,176,64,0,9,240,9,231,231,249
3885,3885,SOM Cell,174,64,0,14,238,14,224,224,252
3886,3886,SOM Cell,164,63,0,21,227,21,206,206,248
3887,3887,SOM Cell,186,83,0,21,269,21,248,248,290
3888,3888,SOM Cell,158,84,0,23,242,23,219,219,265
3889,3889,SOM Cell,163,67,0,20,230,20,210,210,250
3890,3890,SOM Cell,163,71,0,18,234,18,216,216,252
3891,3891,SOM Cell,155,63,0,22,218,22,196,196,240
3892,3892,SOM Cell,171,66,0,21,237,21,216,216,258
3893,3893,SOM Cell,185,61,0,10,246,10,236,236,256
3894,3894,SOM Cell,171,67,0,23,238,23,215,215,261
3895,3895,SOM Cell,180,66,0,13,246,13,233,233,259
3896,3896,SOM Cell,169,68,0,13,237,13,224,224,250
3897,3897,SOM Cell,158,62,0,20,220,20,200,200,240
3898,3898,SOM Cell,162,62,0,21,224,21,203,203,245
3899,3899,SOM Cell,187,56,0,17,243,17,226,226,260
3900,3900,SOM Cell,173,81,0,17,254,17,237,237,271
3901,3901,SOM Cell,174,61,0,19,235,19,216,216,254
3902,3902,SOM Cell,155,64,0,28,219,28,191,191,247
3903,3903,SOM Cell,159,66,0,16,225,16,209,209,241
3904,3904,SOM Cell,191,67,0,17,258,17,241,241,275
3905,3905,SOM Cell,139,81,0,16,220,16,204,204,236
3906,3906,SOM Cell,190,62,0,22,252,22,230,230,274
3907,3907,SOM Cell,152,71,0,18,223,18,205,205,241
3908,3908,SOM Cell,195,64,0,18,259,18,241,241,277
3909,3909,SOM Cell,175,74,0,19,249,19,230,230,268
3910,3910,SOM Cell,183,74,0,15,257,15,242,242,272
3911,3911,SOM Cell,144,66,0,14,210,14,196,196,224
3912,3912,SOM Cell,150,61,0,15,211,15,196,196,226
3913,3913,SOM Cell,169,56,0,15,225,15,210,210,240
3914,3914,SOM Cell,167,77,0,19,244,19,225,225,263
3915,3915,SOM Cell,172,61,0,19,233,19,214,214,252
3916,3916,SOM Cell,173,72,0,22,245,22,223,223,267
3917,3917,SOM Cell,158,75,0,9,233,9,224,224,242
3918,3918,SOM Cell,176,75,0,21,251,21,230,230,272
3919,3919,SOM Cell,151,73,0,16,224,16,208,208,240
3920,3920,SOM Cell,175,73,0,22,248,22,226,226,270
3921,3921,SOM Cell,170,67,0,15,237,15,222,222,252
3922,3922,SOM Cell,159,70,0,14,229,14,215,215,243
3923,3923,SOM Cell,157,73,0,16,230,16,214,214,246
3924,3924,SOM Cell,172,72,0,26,244,26,218,218,270
3925,3925,SOM Cell,167,73,0,27,240,27,213,213,267
3926,3926,SOM Cell,175,60,0,20,235,20,215,215,255
3927,3927,SOM Cell,176,57,0,12,233,12,221,221,245
3928,3928,SOM Cell,163,55,0,17,218,17,201,201,235
3929,3929,SOM Cell,149,62,0,20,211,20,191,191,231
3930,3930,SOM Cell,168,78,0,17,246,17,229,229,263
3931,3931,SOM Cell,161,68,0,24,229,24,205,205,253
3932,3932,SOM Cell,163,71,0,19,234,19,215,215,253
3933,3933,SOM Cell,168,65,0,18,233,18,215,215,251
3934,3934,SOM Cell,168,69,0,22,237,22,215,215,259
3935,3935,SOM Cell,171,65,0,14,236,14,222,222,250
3936,3936,SOM Cell,149,74,0,26,223,26,197,197,249
3937,3937,SOM Cell,150,70,0,14,220,14,206,206,234
3938,3938,SOM Cell,172,75,0,23,247,23,224,224,270
3939,3939,SOM Cell,178,60,0,20,238,20,218,218,258
3940,3940,SOM Cell,159,71,0,21,230,21,209,209,251
3941,3941,SOM Cell,173,64,0,25,237,25,212,212,262
3942,3942,SOM Cell,167,70,0,14,237,14,223,223,251
3943,3943,SOM Cell,153,65,0,31,218,31,187,187,249
3944,3944,SOM Cell,162,67,0,19,229,19,210,210,248
3945,3945,SOM Cell,180,69,0,16,249,16,233,233,265
3946,3946,SOM Cell,168,60,0,17,228,17,211,211,245
3947,3947,SOM Cell,196,81,0,17,277,17,260,260,294
3948,3948,SOM Cell,161,63,0,16,224,16,208,208,240
3949,3949,SOM Cell,153,74,0,29,227,29,198,198,256
3950,3950,SOM Cell,137,74,0,26,211,26,185,185,237
3951,3951,SOM Cell,169,61,0,18,230,18,212,212,248
3952,3952,SOM Cell,166,70,0,13,236,13,223,223,249
3953,3953,SOM Cell,169,79,0,21,248,21,227,227,269
3954,3954,SOM Cell,179,64,0,20,243,20,223,223,263
3955,3955,SOM Cell,180,64,0,13,244,13,231,231,257
3956,3956,SOM Cell,148,69,0,21,217,21,196,196,238
3957,3957,SOM Cell,149,54,0,14,203,14,189,189,217
3958,3958,SOM Cell,155,56,0,21,211,21,190,190,232
3959,3959,SOM Cell,184,79,0,23,263,23,240,240,286
3960,3960,SOM Cell,162,64,0,14,226,14,212,212,240
3961,3961,SOM Cell,144,68,0,17,212,17,195,195,229
3962,3962,SOM Cell,168,67,0,14,235,14,221,221,249
3963,3963,SOM Cell,178,64,0,18,242,18,224,224,260
3964,3964,SOM Cell,178,73,0,19,251,19,232,232,270
3965,3965,SOM Cell,160,62,0,16,222,16,206,206,238
3966,3966,SOM Cell,170,67,0,18,237,18,219,219,255
3967,3967,SOM Cell,164,66,0,22,230,22,208,208,252
3968,3968,SOM Cell,182,71,0,21,253,21,232,232,274
3969,3969,SOM Cell,160,55,0,21,215,21,194,194,236
3970,3970,SOM Cell,152,64,0,25,216,25,191,191,241
3971,3971,SOM Cell,149,74,0,26,223,26,197,197,249
3972,3972,SOM Cell,170,58,0,19,228,19,209,209,247
3973,3973,SOM Cell,174,61,0,10,235,10,225,225,245
3974,3974,SOM Cell,180,56,0,20,236,20,216,216,256
3975,3975,SOM Cell,173,65,0,20,238,20,218,218,258
3976,3976,SOM Cell,163,65,0,18,228,18,210,210,246
3977,3977,SOM Cell,172,67,0,27,239,27,212,212,266
3978,3978,SOM Cell,142,62,0,19,204,19,185,185,223
3979,3979,SOM Cell,169,65,0,19,234,19,215,215,253
3980,3980,SOM Cell,169,66,0,19,235,19,216,216,254
3981,3981,SOM Cell,169,78,0,17,247,17,230,230,264
3982,3982,SOM Cell,150,54,0,23,204,23,181,181,227
3983,3983,SOM Cell,169,66,0,19,235,19,216,216,254
3984,3984,SOM Cell,185,69,0,8,254,8,246,246,262
3985,3985,SOM Cell,146,53,0,14,199,14,185,185,213
3986,3986,SOM Cell,177,61,0,26,238,26,212,212,264
3987,3987,SOM Cell,163,89,0,19,252,19,233,233,271
3988,3988,SOM Cell,172,79,0,20,251,20,231,231,271
3989,3989,SOM Cell,155,73,0,25,228,25,203,203,253
3990,3990,SOM Cell,166,77,0,20,243,20,223,223,263
3991,3991,SOM Cell,154,62,0,23,216,23,193,193,239
3992,3992,SOM Cell,146,62,0,21,208,21,187,187,229
3993,3993,SOM Cell,170,57,0,13,227,13,214,214,240
3994,3994,SOM Cell,170,65,0,17,235,17,218,218,252
3995,3995,SOM Cell,165,70,0,25,235,25,210,210,260
3996,3996,SOM Cell,152,59,0,17,211,17,194,194,228
3997,3997,SOM Cell,164,66,0,21,230,21,209,209,251
3998,3998,SOM Cell,166,52,0,17,218,17,201,201,235
3999,3999,SOM Cell,157,68,0,17,225,17,208,208,242
