,cell id,Cell Type,PN_A Convergence,PN_C Convergence,SOM Convergence,PV Convergence,Total Exc Convergence,Total Inh Convergence,Net Exc,net Exc only PV,Total number of connections
0,0,PN Type A Cell,188,87,118,202,275,320,-45,73,595
1,1,PN Type A Cell,219,88,140,191,307,331,-24,116,638
2,2,PN Type A Cell,213,80,149,193,293,342,-49,100,635
3,3,PN Type A Cell,199,77,152,204,276,356,-80,72,632
4,4,PN Type A Cell,224,90,149,185,314,334,-20,129,648
5,5,PN Type A Cell,212,78,148,186,290,334,-44,104,624
6,6,PN Type A Cell,180,78,143,188,258,331,-73,70,589
7,7,PN Type A Cell,221,91,141,175,312,316,-4,137,628
8,8,PN Type A Cell,190,81,154,181,271,335,-64,90,606
9,9,PN Type A Cell,213,84,128,199,297,327,-30,98,624
10,10,PN Type A Cell,204,81,149,195,285,344,-59,90,629
11,11,PN Type A Cell,205,81,136,185,286,321,-35,101,607
12,12,PN Type A Cell,198,98,147,199,296,346,-50,97,642
13,13,PN Type A Cell,207,86,151,204,293,355,-62,89,648
14,14,PN Type A Cell,194,101,169,182,295,351,-56,113,646
15,15,PN Type A Cell,196,90,141,198,286,339,-53,88,625
16,16,PN Type A Cell,190,70,150,206,260,356,-96,54,616
17,17,PN Type A Cell,215,92,149,206,307,355,-48,101,662
18,18,PN Type A Cell,236,82,151,195,318,346,-28,123,664
19,19,PN Type A Cell,201,92,137,212,293,349,-56,81,642
20,20,PN Type A Cell,201,95,148,188,296,336,-40,108,632
21,21,PN Type A Cell,204,81,158,199,285,357,-72,86,642
22,22,PN Type A Cell,196,86,131,210,282,341,-59,72,623
23,23,PN Type A Cell,208,80,146,188,288,334,-46,100,622
24,24,PN Type A Cell,219,92,148,194,311,342,-31,117,653
25,25,PN Type A Cell,196,88,141,193,284,334,-50,91,618
26,26,PN Type A Cell,203,87,134,196,290,330,-40,94,620
27,27,PN Type A Cell,193,95,162,199,288,361,-73,89,649
28,28,PN Type A Cell,206,78,143,188,284,331,-47,96,615
29,29,PN Type A Cell,210,84,164,195,294,359,-65,99,653
30,30,PN Type A Cell,198,91,166,198,289,364,-75,91,653
31,31,PN Type A Cell,235,93,150,195,328,345,-17,133,673
32,32,PN Type A Cell,184,94,157,202,278,359,-81,76,637
33,33,PN Type A Cell,211,78,146,179,289,325,-36,110,614
34,34,PN Type A Cell,193,99,156,182,292,338,-46,110,630
35,35,PN Type A Cell,210,89,146,189,299,335,-36,110,634
36,36,PN Type A Cell,190,89,147,202,279,349,-70,77,628
37,37,PN Type A Cell,232,87,132,192,319,324,-5,127,643
38,38,PN Type A Cell,198,74,140,190,272,330,-58,82,602
39,39,PN Type A Cell,218,112,142,186,330,328,2,144,658
40,40,PN Type A Cell,225,78,148,189,303,337,-34,114,640
41,41,PN Type A Cell,197,82,157,181,279,338,-59,98,617
42,42,PN Type A Cell,215,82,150,198,297,348,-51,99,645
43,43,PN Type A Cell,199,93,156,196,292,352,-60,96,644
44,44,PN Type A Cell,192,89,152,211,281,363,-82,70,644
45,45,PN Type A Cell,207,78,159,198,285,357,-72,87,642
46,46,PN Type A Cell,188,114,149,194,302,343,-41,108,645
47,47,PN Type A Cell,206,69,152,195,275,347,-72,80,622
48,48,PN Type A Cell,244,81,145,209,325,354,-29,116,679
49,49,PN Type A Cell,200,95,143,174,295,317,-22,121,612
50,50,PN Type A Cell,213,88,153,186,301,339,-38,115,640
51,51,PN Type A Cell,208,71,145,189,279,334,-55,90,613
52,52,PN Type A Cell,192,93,137,190,285,327,-42,95,612
53,53,PN Type A Cell,212,72,151,205,284,356,-72,79,640
54,54,PN Type A Cell,217,76,160,220,293,380,-87,73,673
55,55,PN Type A Cell,204,81,150,183,285,333,-48,102,618
56,56,PN Type A Cell,169,81,150,192,250,342,-92,58,592
57,57,PN Type A Cell,230,97,148,188,327,336,-9,139,663
58,58,PN Type A Cell,203,76,145,171,279,316,-37,108,595
59,59,PN Type A Cell,221,86,149,201,307,350,-43,106,657
60,60,PN Type A Cell,171,65,156,191,236,347,-111,45,583
61,61,PN Type A Cell,193,83,143,207,276,350,-74,69,626
62,62,PN Type A Cell,193,80,132,198,273,330,-57,75,603
63,63,PN Type A Cell,216,97,142,201,313,343,-30,112,656
64,64,PN Type A Cell,208,70,140,192,278,332,-54,86,610
65,65,PN Type A Cell,193,80,149,194,273,343,-70,79,616
66,66,PN Type A Cell,207,87,144,185,294,329,-35,109,623
67,67,PN Type A Cell,210,97,167,177,307,344,-37,130,651
68,68,PN Type A Cell,199,88,142,187,287,329,-42,100,616
69,69,PN Type A Cell,192,78,150,186,270,336,-66,84,606
70,70,PN Type A Cell,204,90,152,229,294,381,-87,65,675
71,71,PN Type A Cell,195,77,136,205,272,341,-69,67,613
72,72,PN Type A Cell,207,82,142,209,289,351,-62,80,640
73,73,PN Type A Cell,204,88,144,202,292,346,-54,90,638
74,74,PN Type A Cell,200,82,148,214,282,362,-80,68,644
75,75,PN Type A Cell,193,80,138,202,273,340,-67,71,613
76,76,PN Type A Cell,199,79,155,172,278,327,-49,106,605
77,77,PN Type A Cell,230,84,134,195,314,329,-15,119,643
78,78,PN Type A Cell,201,85,160,195,286,355,-69,91,641
79,79,PN Type A Cell,235,68,135,190,303,325,-22,113,628
80,80,PN Type A Cell,211,72,154,196,283,350,-67,87,633
81,81,PN Type A Cell,202,78,166,203,280,369,-89,77,649
82,82,PN Type A Cell,214,71,158,185,285,343,-58,100,628
83,83,PN Type A Cell,225,80,158,193,305,351,-46,112,656
84,84,PN Type A Cell,206,81,149,207,287,356,-69,80,643
85,85,PN Type A Cell,200,76,143,186,276,329,-53,90,605
86,86,PN Type A Cell,214,86,164,197,300,361,-61,103,661
87,87,PN Type A Cell,193,93,151,186,286,337,-51,100,623
88,88,PN Type A Cell,210,81,139,200,291,339,-48,91,630
89,89,PN Type A Cell,213,87,146,186,300,332,-32,114,632
90,90,PN Type A Cell,217,100,140,209,317,349,-32,108,666
91,91,PN Type A Cell,218,80,141,186,298,327,-29,112,625
92,92,PN Type A Cell,208,82,147,189,290,336,-46,101,626
93,93,PN Type A Cell,201,96,147,200,297,347,-50,97,644
94,94,PN Type A Cell,195,74,150,218,269,368,-99,51,637
95,95,PN Type A Cell,204,87,158,178,291,336,-45,113,627
96,96,PN Type A Cell,192,84,154,180,276,334,-58,96,610
97,97,PN Type A Cell,202,78,147,196,280,343,-63,84,623
98,98,PN Type A Cell,204,79,152,207,283,359,-76,76,642
99,99,PN Type A Cell,205,85,130,195,290,325,-35,95,615
100,100,PN Type A Cell,199,86,154,200,285,354,-69,85,639
101,101,PN Type A Cell,171,75,148,183,246,331,-85,63,577
102,102,PN Type A Cell,227,98,154,195,325,349,-24,130,674
103,103,PN Type A Cell,211,77,159,193,288,352,-64,95,640
104,104,PN Type A Cell,201,74,141,207,275,348,-73,68,623
105,105,PN Type A Cell,211,79,127,189,290,316,-26,101,606
106,106,PN Type A Cell,208,80,154,190,288,344,-56,98,632
107,107,PN Type A Cell,193,90,149,214,283,363,-80,69,646
108,108,PN Type A Cell,205,79,155,193,284,348,-64,91,632
109,109,PN Type A Cell,204,76,149,199,280,348,-68,81,628
110,110,PN Type A Cell,208,75,156,187,283,343,-60,96,626
111,111,PN Type A Cell,205,94,144,175,299,319,-20,124,618
112,112,PN Type A Cell,191,87,135,204,278,339,-61,74,617
113,113,PN Type A Cell,189,82,163,185,271,348,-77,86,619
114,114,PN Type A Cell,233,85,150,199,318,349,-31,119,667
115,115,PN Type A Cell,216,75,162,211,291,373,-82,80,664
116,116,PN Type A Cell,212,77,141,186,289,327,-38,103,616
117,117,PN Type A Cell,189,88,158,189,277,347,-70,88,624
118,118,PN Type A Cell,197,78,149,189,275,338,-63,86,613
119,119,PN Type A Cell,205,88,143,196,293,339,-46,97,632
120,120,PN Type A Cell,197,97,150,203,294,353,-59,91,647
121,121,PN Type A Cell,218,83,148,183,301,331,-30,118,632
122,122,PN Type A Cell,217,77,158,191,294,349,-55,103,643
123,123,PN Type A Cell,182,92,141,187,274,328,-54,87,602
124,124,PN Type A Cell,208,79,157,199,287,356,-69,88,643
125,125,PN Type A Cell,198,94,158,194,292,352,-60,98,644
126,126,PN Type A Cell,207,73,163,196,280,359,-79,84,639
127,127,PN Type A Cell,199,80,157,206,279,363,-84,73,642
128,128,PN Type A Cell,194,88,142,193,282,335,-53,89,617
129,129,PN Type A Cell,227,77,157,178,304,335,-31,126,639
130,130,PN Type A Cell,203,71,149,197,274,346,-72,77,620
131,131,PN Type A Cell,187,91,131,206,278,337,-59,72,615
132,132,PN Type A Cell,214,74,143,200,288,343,-55,88,631
133,133,PN Type A Cell,224,95,142,208,319,350,-31,111,669
134,134,PN Type A Cell,195,89,150,209,284,359,-75,75,643
135,135,PN Type A Cell,203,77,137,207,280,344,-64,73,624
136,136,PN Type A Cell,189,103,167,196,292,363,-71,96,655
137,137,PN Type A Cell,207,83,161,193,290,354,-64,97,644
138,138,PN Type A Cell,210,83,145,189,293,334,-41,104,627
139,139,PN Type A Cell,214,86,153,200,300,353,-53,100,653
140,140,PN Type A Cell,213,86,160,207,299,367,-68,92,666
141,141,PN Type A Cell,217,71,145,204,288,349,-61,84,637
142,142,PN Type A Cell,201,78,163,185,279,348,-69,94,627
143,143,PN Type A Cell,189,75,155,179,264,334,-70,85,598
144,144,PN Type A Cell,182,72,143,217,254,360,-106,37,614
145,145,PN Type A Cell,199,79,129,173,278,302,-24,105,580
146,146,PN Type A Cell,223,90,154,190,313,344,-31,123,657
147,147,PN Type A Cell,214,72,152,179,286,331,-45,107,617
148,148,PN Type A Cell,218,76,141,190,294,331,-37,104,625
149,149,PN Type A Cell,211,91,136,206,302,342,-40,96,644
150,150,PN Type A Cell,201,85,147,211,286,358,-72,75,644
151,151,PN Type A Cell,203,83,138,185,286,323,-37,101,609
152,152,PN Type A Cell,193,83,157,203,276,360,-84,73,636
153,153,PN Type A Cell,213,85,170,193,298,363,-65,105,661
154,154,PN Type A Cell,180,79,145,194,259,339,-80,65,598
155,155,PN Type A Cell,227,78,153,184,305,337,-32,121,642
156,156,PN Type A Cell,209,70,149,190,279,339,-60,89,618
157,157,PN Type A Cell,191,87,156,190,278,346,-68,88,624
158,158,PN Type A Cell,213,90,142,203,303,345,-42,100,648
159,159,PN Type A Cell,192,77,145,189,269,334,-65,80,603
160,160,PN Type A Cell,180,95,147,189,275,336,-61,86,611
161,161,PN Type A Cell,211,83,153,198,294,351,-57,96,645
162,162,PN Type A Cell,191,77,135,173,268,308,-40,95,576
163,163,PN Type A Cell,186,73,176,188,259,364,-105,71,623
164,164,PN Type A Cell,198,94,156,175,292,331,-39,117,623
165,165,PN Type A Cell,228,103,152,188,331,340,-9,143,671
166,166,PN Type A Cell,217,77,143,196,294,339,-45,98,633
167,167,PN Type A Cell,221,69,132,185,290,317,-27,105,607
168,168,PN Type A Cell,189,90,148,194,279,342,-63,85,621
169,169,PN Type A Cell,201,73,157,201,274,358,-84,73,632
170,170,PN Type A Cell,203,96,147,194,299,341,-42,105,640
171,171,PN Type A Cell,216,76,143,179,292,322,-30,113,614
172,172,PN Type A Cell,207,90,143,199,297,342,-45,98,639
173,173,PN Type A Cell,199,73,167,207,272,374,-102,65,646
174,174,PN Type A Cell,191,80,158,193,271,351,-80,78,622
175,175,PN Type A Cell,234,96,160,192,330,352,-22,138,682
176,176,PN Type A Cell,236,76,133,211,312,344,-32,101,656
177,177,PN Type A Cell,219,96,167,183,315,350,-35,132,665
178,178,PN Type A Cell,184,89,154,187,273,341,-68,86,614
179,179,PN Type A Cell,198,85,146,181,283,327,-44,102,610
180,180,PN Type A Cell,178,89,144,207,267,351,-84,60,618
181,181,PN Type A Cell,177,77,138,190,254,328,-74,64,582
182,182,PN Type A Cell,196,90,141,204,286,345,-59,82,631
183,183,PN Type A Cell,200,72,153,193,272,346,-74,79,618
184,184,PN Type A Cell,184,82,145,193,266,338,-72,73,604
185,185,PN Type A Cell,200,77,163,201,277,364,-87,76,641
186,186,PN Type A Cell,194,78,155,203,272,358,-86,69,630
187,187,PN Type A Cell,194,82,148,195,276,343,-67,81,619
188,188,PN Type A Cell,219,76,165,210,295,375,-80,85,670
189,189,PN Type A Cell,204,75,157,202,279,359,-80,77,638
190,190,PN Type A Cell,193,85,166,199,278,365,-87,79,643
191,191,PN Type A Cell,192,83,149,197,275,346,-71,78,621
192,192,PN Type A Cell,214,96,136,199,310,335,-25,111,645
193,193,PN Type A Cell,205,80,154,193,285,347,-62,92,632
194,194,PN Type A Cell,208,80,155,188,288,343,-55,100,631
195,195,PN Type A Cell,188,109,162,191,297,353,-56,106,650
196,196,PN Type A Cell,199,83,150,202,282,352,-70,80,634
197,197,PN Type A Cell,196,67,168,201,263,369,-106,62,632
198,198,PN Type A Cell,225,101,143,180,326,323,3,146,649
199,199,PN Type A Cell,213,86,164,206,299,370,-71,93,669
200,200,PN Type A Cell,244,90,158,195,334,353,-19,139,687
201,201,PN Type A Cell,212,85,136,198,297,334,-37,99,631
202,202,PN Type A Cell,189,82,140,212,271,352,-81,59,623
203,203,PN Type A Cell,215,61,162,195,276,357,-81,81,633
204,204,PN Type A Cell,218,64,149,190,282,339,-57,92,621
205,205,PN Type A Cell,211,94,141,185,305,326,-21,120,631
206,206,PN Type A Cell,214,76,163,209,290,372,-82,81,662
207,207,PN Type A Cell,211,86,140,205,297,345,-48,92,642
208,208,PN Type A Cell,209,70,155,198,279,353,-74,81,632
209,209,PN Type A Cell,199,88,164,188,287,352,-65,99,639
210,210,PN Type A Cell,200,94,153,199,294,352,-58,95,646
211,211,PN Type A Cell,187,88,152,182,275,334,-59,93,609
212,212,PN Type A Cell,210,82,152,195,292,347,-55,97,639
213,213,PN Type A Cell,192,85,139,199,277,338,-61,78,615
214,214,PN Type A Cell,212,80,156,214,292,370,-78,78,662
215,215,PN Type A Cell,197,87,150,197,284,347,-63,87,631
216,216,PN Type A Cell,214,80,155,193,294,348,-54,101,642
217,217,PN Type A Cell,191,71,148,189,262,337,-75,73,599
218,218,PN Type A Cell,180,72,146,191,252,337,-85,61,589
219,219,PN Type A Cell,184,85,156,192,269,348,-79,77,617
220,220,PN Type A Cell,210,80,143,186,290,329,-39,104,619
221,221,PN Type A Cell,202,72,163,192,274,355,-81,82,629
222,222,PN Type A Cell,210,108,151,202,318,353,-35,116,671
223,223,PN Type A Cell,207,94,141,202,301,343,-42,99,644
224,224,PN Type A Cell,186,97,146,199,283,345,-62,84,628
225,225,PN Type A Cell,194,82,139,186,276,325,-49,90,601
226,226,PN Type A Cell,214,79,146,201,293,347,-54,92,640
227,227,PN Type A Cell,199,78,148,213,277,361,-84,64,638
228,228,PN Type A Cell,221,71,147,195,292,342,-50,97,634
229,229,PN Type A Cell,178,69,157,172,247,329,-82,75,576
230,230,PN Type A Cell,203,83,145,203,286,348,-62,83,634
231,231,PN Type A Cell,211,88,151,184,299,335,-36,115,634
232,232,PN Type A Cell,193,74,154,174,267,328,-61,93,595
233,233,PN Type A Cell,207,93,144,191,300,335,-35,109,635
234,234,PN Type A Cell,184,64,166,199,248,365,-117,49,613
235,235,PN Type A Cell,221,84,149,186,305,335,-30,119,640
236,236,PN Type A Cell,215,92,146,192,307,338,-31,115,645
237,237,PN Type A Cell,208,95,150,187,303,337,-34,116,640
238,238,PN Type A Cell,203,64,140,197,267,337,-70,70,604
239,239,PN Type A Cell,221,83,141,204,304,345,-41,100,649
240,240,PN Type A Cell,189,75,154,196,264,350,-86,68,614
241,241,PN Type A Cell,208,71,148,196,279,344,-65,83,623
242,242,PN Type A Cell,208,64,159,201,272,360,-88,71,632
243,243,PN Type A Cell,215,91,145,198,306,343,-37,108,649
244,244,PN Type A Cell,195,89,140,194,284,334,-50,90,618
245,245,PN Type A Cell,220,96,167,186,316,353,-37,130,669
246,246,PN Type A Cell,212,85,154,186,297,340,-43,111,637
247,247,PN Type A Cell,220,85,163,181,305,344,-39,124,649
248,248,PN Type A Cell,188,85,152,192,273,344,-71,81,617
249,249,PN Type A Cell,203,92,149,214,295,363,-68,81,658
250,250,PN Type A Cell,178,98,155,202,276,357,-81,74,633
251,251,PN Type A Cell,189,81,145,217,270,362,-92,53,632
252,252,PN Type A Cell,224,77,159,187,301,346,-45,114,647
253,253,PN Type A Cell,216,87,155,186,303,341,-38,117,644
254,254,PN Type A Cell,191,82,151,174,273,325,-52,99,598
255,255,PN Type A Cell,197,72,136,195,269,331,-62,74,600
256,256,PN Type A Cell,200,73,159,179,273,338,-65,94,611
257,257,PN Type A Cell,223,87,146,192,310,338,-28,118,648
258,258,PN Type A Cell,221,77,155,189,298,344,-46,109,642
259,259,PN Type A Cell,209,74,154,191,283,345,-62,92,628
260,260,PN Type A Cell,193,87,154,213,280,367,-87,67,647
261,261,PN Type A Cell,207,78,133,204,285,337,-52,81,622
262,262,PN Type A Cell,206,99,141,202,305,343,-38,103,648
263,263,PN Type A Cell,199,88,144,196,287,340,-53,91,627
264,264,PN Type A Cell,191,92,159,184,283,343,-60,99,626
265,265,PN Type A Cell,210,81,158,205,291,363,-72,86,654
266,266,PN Type A Cell,197,85,149,194,282,343,-61,88,625
267,267,PN Type A Cell,212,78,143,200,290,343,-53,90,633
268,268,PN Type A Cell,185,78,160,203,263,363,-100,60,626
269,269,PN Type A Cell,190,88,138,191,278,329,-51,87,607
270,270,PN Type A Cell,237,78,145,193,315,338,-23,122,653
271,271,PN Type A Cell,202,76,169,172,278,341,-63,106,619
272,272,PN Type A Cell,206,87,135,201,293,336,-43,92,629
273,273,PN Type A Cell,194,87,138,180,281,318,-37,101,599
274,274,PN Type A Cell,196,87,158,181,283,339,-56,102,622
275,275,PN Type A Cell,196,79,161,191,275,352,-77,84,627
276,276,PN Type A Cell,198,80,145,202,278,347,-69,76,625
277,277,PN Type A Cell,195,88,143,195,283,338,-55,88,621
278,278,PN Type A Cell,219,73,159,180,292,339,-47,112,631
279,279,PN Type A Cell,220,82,121,187,302,308,-6,115,610
280,280,PN Type A Cell,220,84,176,182,304,358,-54,122,662
281,281,PN Type A Cell,228,99,164,177,327,341,-14,150,668
282,282,PN Type A Cell,204,80,146,196,284,342,-58,88,626
283,283,PN Type A Cell,193,79,169,198,272,367,-95,74,639
284,284,PN Type A Cell,209,88,174,198,297,372,-75,99,669
285,285,PN Type A Cell,200,82,164,192,282,356,-74,90,638
286,286,PN Type A Cell,191,79,161,202,270,363,-93,68,633
287,287,PN Type A Cell,200,86,155,207,286,362,-76,79,648
288,288,PN Type A Cell,195,61,141,204,256,345,-89,52,601
289,289,PN Type A Cell,201,72,137,192,273,329,-56,81,602
290,290,PN Type A Cell,171,76,161,188,247,349,-102,59,596
291,291,PN Type A Cell,213,91,157,179,304,336,-32,125,640
292,292,PN Type A Cell,184,88,140,202,272,342,-70,70,614
293,293,PN Type A Cell,207,90,151,198,297,349,-52,99,646
294,294,PN Type A Cell,226,63,157,182,289,339,-50,107,628
295,295,PN Type A Cell,220,80,138,188,300,326,-26,112,626
296,296,PN Type A Cell,205,73,161,198,278,359,-81,80,637
297,297,PN Type A Cell,189,77,152,192,266,344,-78,74,610
298,298,PN Type A Cell,196,91,148,192,287,340,-53,95,627
299,299,PN Type A Cell,222,85,139,204,307,343,-36,103,650
300,300,PN Type A Cell,218,106,145,207,324,352,-28,117,676
301,301,PN Type A Cell,195,75,158,186,270,344,-74,84,614
302,302,PN Type A Cell,183,105,151,172,288,323,-35,116,611
303,303,PN Type A Cell,180,73,146,196,253,342,-89,57,595
304,304,PN Type A Cell,199,92,150,200,291,350,-59,91,641
305,305,PN Type A Cell,236,88,149,183,324,332,-8,141,656
306,306,PN Type A Cell,222,78,138,202,300,340,-40,98,640
307,307,PN Type A Cell,205,78,156,180,283,336,-53,103,619
308,308,PN Type A Cell,196,96,161,180,292,341,-49,112,633
309,309,PN Type A Cell,222,75,174,183,297,357,-60,114,654
310,310,PN Type A Cell,185,81,173,171,266,344,-78,95,610
311,311,PN Type A Cell,205,91,170,209,296,379,-83,87,675
312,312,PN Type A Cell,178,84,162,203,262,365,-103,59,627
313,313,PN Type A Cell,207,92,142,196,299,338,-39,103,637
314,314,PN Type A Cell,216,78,151,180,294,331,-37,114,625
315,315,PN Type A Cell,202,73,153,182,275,335,-60,93,610
316,316,PN Type A Cell,207,65,157,215,272,372,-100,57,644
317,317,PN Type A Cell,186,76,152,196,262,348,-86,66,610
318,318,PN Type A Cell,218,92,143,182,310,325,-15,128,635
319,319,PN Type A Cell,176,86,162,189,262,351,-89,73,613
320,320,PN Type A Cell,186,78,137,200,264,337,-73,64,601
321,321,PN Type A Cell,206,83,176,196,289,372,-83,93,661
322,322,PN Type A Cell,197,72,151,212,269,363,-94,57,632
323,323,PN Type A Cell,195,74,133,188,269,321,-52,81,590
324,324,PN Type A Cell,217,90,156,183,307,339,-32,124,646
325,325,PN Type A Cell,213,74,165,193,287,358,-71,94,645
326,326,PN Type A Cell,202,85,146,191,287,337,-50,96,624
327,327,PN Type A Cell,201,97,158,178,298,336,-38,120,634
328,328,PN Type A Cell,193,86,154,199,279,353,-74,80,632
329,329,PN Type A Cell,195,101,161,192,296,353,-57,104,649
330,330,PN Type A Cell,183,89,155,194,272,349,-77,78,621
331,331,PN Type A Cell,190,90,138,192,280,330,-50,88,610
332,332,PN Type A Cell,220,83,153,169,303,322,-19,134,625
333,333,PN Type A Cell,231,88,139,185,319,324,-5,134,643
334,334,PN Type A Cell,194,86,145,212,280,357,-77,68,637
335,335,PN Type A Cell,205,74,161,201,279,362,-83,78,641
336,336,PN Type A Cell,203,82,171,201,285,372,-87,84,657
337,337,PN Type A Cell,197,86,135,176,283,311,-28,107,594
338,338,PN Type A Cell,190,81,150,194,271,344,-73,77,615
339,339,PN Type A Cell,179,84,150,211,263,361,-98,52,624
340,340,PN Type A Cell,189,82,145,201,271,346,-75,70,617
341,341,PN Type A Cell,214,81,154,191,295,345,-50,104,640
342,342,PN Type A Cell,205,86,148,196,291,344,-53,95,635
343,343,PN Type A Cell,209,83,163,187,292,350,-58,105,642
344,344,PN Type A Cell,212,108,164,208,320,372,-52,112,692
345,345,PN Type A Cell,177,97,143,174,274,317,-43,100,591
346,346,PN Type A Cell,235,90,161,197,325,358,-33,128,683
347,347,PN Type A Cell,208,82,157,199,290,356,-66,91,646
348,348,PN Type A Cell,210,89,153,195,299,348,-49,104,647
349,349,PN Type A Cell,196,86,152,196,282,348,-66,86,630
350,350,PN Type A Cell,183,95,163,188,278,351,-73,90,629
351,351,PN Type A Cell,228,75,170,194,303,364,-61,109,667
352,352,PN Type A Cell,202,71,151,177,273,328,-55,96,601
353,353,PN Type A Cell,172,78,162,187,250,349,-99,63,599
354,354,PN Type A Cell,203,76,143,183,279,326,-47,96,605
355,355,PN Type A Cell,185,80,150,195,265,345,-80,70,610
356,356,PN Type A Cell,188,75,157,208,263,365,-102,55,628
357,357,PN Type A Cell,200,91,143,177,291,320,-29,114,611
358,358,PN Type A Cell,230,78,160,201,308,361,-53,107,669
359,359,PN Type A Cell,240,86,129,202,326,331,-5,124,657
360,360,PN Type A Cell,222,80,154,200,302,354,-52,102,656
361,361,PN Type A Cell,238,79,144,180,317,324,-7,137,641
362,362,PN Type A Cell,220,87,157,218,307,375,-68,89,682
363,363,PN Type A Cell,224,94,161,181,318,342,-24,137,660
364,364,PN Type A Cell,204,89,153,189,293,342,-49,104,635
365,365,PN Type A Cell,203,105,156,201,308,357,-49,107,665
366,366,PN Type A Cell,190,90,165,209,280,374,-94,71,654
367,367,PN Type A Cell,194,93,135,217,287,352,-65,70,639
368,368,PN Type A Cell,193,85,158,201,278,359,-81,77,637
369,369,PN Type A Cell,207,80,144,205,287,349,-62,82,636
370,370,PN Type A Cell,194,83,158,195,277,353,-76,82,630
371,371,PN Type A Cell,180,90,156,195,270,351,-81,75,621
372,372,PN Type A Cell,184,82,152,187,266,339,-73,79,605
373,373,PN Type A Cell,188,90,150,196,278,346,-68,82,624
374,374,PN Type A Cell,198,99,165,207,297,372,-75,90,669
375,375,PN Type A Cell,202,86,139,201,288,340,-52,87,628
376,376,PN Type A Cell,200,74,123,203,274,326,-52,71,600
377,377,PN Type A Cell,212,82,150,183,294,333,-39,111,627
378,378,PN Type A Cell,212,114,173,195,326,368,-42,131,694
379,379,PN Type A Cell,179,89,145,205,268,350,-82,63,618
380,380,PN Type A Cell,196,97,155,197,293,352,-59,96,645
381,381,PN Type A Cell,219,84,156,206,303,362,-59,97,665
382,382,PN Type A Cell,193,79,157,181,272,338,-66,91,610
383,383,PN Type A Cell,193,98,145,179,291,324,-33,112,615
384,384,PN Type A Cell,209,79,152,224,288,376,-88,64,664
385,385,PN Type A Cell,209,94,167,197,303,364,-61,106,667
386,386,PN Type A Cell,224,72,137,190,296,327,-31,106,623
387,387,PN Type A Cell,205,90,156,207,295,363,-68,88,658
388,388,PN Type A Cell,175,74,149,204,249,353,-104,45,602
389,389,PN Type A Cell,214,79,150,195,293,345,-52,98,638
390,390,PN Type A Cell,216,96,159,199,312,358,-46,113,670
391,391,PN Type A Cell,199,90,151,191,289,342,-53,98,631
392,392,PN Type A Cell,201,80,151,204,281,355,-74,77,636
393,393,PN Type A Cell,188,89,157,176,277,333,-56,101,610
394,394,PN Type A Cell,221,85,155,214,306,369,-63,92,675
395,395,PN Type A Cell,201,92,145,212,293,357,-64,81,650
396,396,PN Type A Cell,207,82,171,187,289,358,-69,102,647
397,397,PN Type A Cell,207,82,147,194,289,341,-52,95,630
398,398,PN Type A Cell,189,74,166,188,263,354,-91,75,617
399,399,PN Type A Cell,214,89,144,191,303,335,-32,112,638
400,400,PN Type A Cell,224,68,146,187,292,333,-41,105,625
401,401,PN Type A Cell,197,86,145,187,283,332,-49,96,615
402,402,PN Type A Cell,200,79,146,209,279,355,-76,70,634
403,403,PN Type A Cell,216,79,131,210,295,341,-46,85,636
404,404,PN Type A Cell,211,76,138,196,287,334,-47,91,621
405,405,PN Type A Cell,202,77,158,177,279,335,-56,102,614
406,406,PN Type A Cell,195,90,143,206,285,349,-64,79,634
407,407,PN Type A Cell,176,83,141,210,259,351,-92,49,610
408,408,PN Type A Cell,204,90,149,194,294,343,-49,100,637
409,409,PN Type A Cell,207,78,148,203,285,351,-66,82,636
410,410,PN Type A Cell,238,80,147,198,318,345,-27,120,663
411,411,PN Type A Cell,229,100,155,203,329,358,-29,126,687
412,412,PN Type A Cell,206,96,158,196,302,354,-52,106,656
413,413,PN Type A Cell,213,69,140,192,282,332,-50,90,614
414,414,PN Type A Cell,246,83,162,198,329,360,-31,131,689
415,415,PN Type A Cell,213,87,146,193,300,339,-39,107,639
416,416,PN Type A Cell,208,80,149,187,288,336,-48,101,624
417,417,PN Type A Cell,213,99,154,200,312,354,-42,112,666
418,418,PN Type A Cell,203,92,134,194,295,328,-33,101,623
419,419,PN Type A Cell,174,80,150,210,254,360,-106,44,614
420,420,PN Type A Cell,227,102,140,194,329,334,-5,135,663
421,421,PN Type A Cell,183,74,151,177,257,328,-71,80,585
422,422,PN Type A Cell,215,71,139,197,286,336,-50,89,622
423,423,PN Type A Cell,182,80,158,203,262,361,-99,59,623
424,424,PN Type A Cell,222,91,160,195,313,355,-42,118,668
425,425,PN Type A Cell,203,71,164,196,274,360,-86,78,634
426,426,PN Type A Cell,201,89,141,198,290,339,-49,92,629
427,427,PN Type A Cell,212,79,162,199,291,361,-70,92,652
428,428,PN Type A Cell,184,100,144,181,284,325,-41,103,609
429,429,PN Type A Cell,195,89,138,186,284,324,-40,98,608
430,430,PN Type A Cell,193,75,146,196,268,342,-74,72,610
431,431,PN Type A Cell,182,86,148,202,268,350,-82,66,618
432,432,PN Type A Cell,203,93,142,194,296,336,-40,102,632
433,433,PN Type A Cell,196,88,162,186,284,348,-64,98,632
434,434,PN Type A Cell,204,79,143,187,283,330,-47,96,613
435,435,PN Type A Cell,208,90,150,206,298,356,-58,92,654
436,436,PN Type A Cell,203,78,139,197,281,336,-55,84,617
437,437,PN Type A Cell,198,83,162,195,281,357,-76,86,638
438,438,PN Type A Cell,193,93,145,192,286,337,-51,94,623
439,439,PN Type A Cell,204,73,153,205,277,358,-81,72,635
440,440,PN Type A Cell,212,67,153,192,279,345,-66,87,624
441,441,PN Type A Cell,178,71,150,210,249,360,-111,39,609
442,442,PN Type A Cell,195,90,152,186,285,338,-53,99,623
443,443,PN Type A Cell,198,91,167,194,289,361,-72,95,650
444,444,PN Type A Cell,188,91,162,200,279,362,-83,79,641
445,445,PN Type A Cell,193,85,156,201,278,357,-79,77,635
446,446,PN Type A Cell,202,96,129,199,298,328,-30,99,626
447,447,PN Type A Cell,229,73,141,196,302,337,-35,106,639
448,448,PN Type A Cell,203,79,152,196,282,348,-66,86,630
449,449,PN Type A Cell,208,84,152,185,292,337,-45,107,629
450,450,PN Type A Cell,208,71,144,191,279,335,-56,88,614
451,451,PN Type A Cell,186,86,142,193,272,335,-63,79,607
452,452,PN Type A Cell,209,94,166,184,303,350,-47,119,653
453,453,PN Type A Cell,212,68,184,181,280,365,-85,99,645
454,454,PN Type A Cell,206,87,153,188,293,341,-48,105,634
455,455,PN Type A Cell,193,89,145,189,282,334,-52,93,616
456,456,PN Type A Cell,195,71,155,204,266,359,-93,62,625
457,457,PN Type A Cell,223,67,158,194,290,352,-62,96,642
458,458,PN Type A Cell,204,78,167,191,282,358,-76,91,640
459,459,PN Type A Cell,221,95,154,199,316,353,-37,117,669
460,460,PN Type A Cell,203,86,168,177,289,345,-56,112,634
461,461,PN Type A Cell,223,62,162,194,285,356,-71,91,641
462,462,PN Type A Cell,227,86,168,201,313,369,-56,112,682
463,463,PN Type A Cell,248,87,143,200,335,343,-8,135,678
464,464,PN Type A Cell,200,98,148,196,298,344,-46,102,642
465,465,PN Type A Cell,205,81,161,177,286,338,-52,109,624
466,466,PN Type A Cell,217,85,154,200,302,354,-52,102,656
467,467,PN Type A Cell,198,71,152,197,269,349,-80,72,618
468,468,PN Type A Cell,203,84,148,188,287,336,-49,99,623
469,469,PN Type A Cell,189,82,163,196,271,359,-88,75,630
470,470,PN Type A Cell,197,82,141,203,279,344,-65,76,623
471,471,PN Type A Cell,191,75,153,209,266,362,-96,57,628
472,472,PN Type A Cell,210,90,145,190,300,335,-35,110,635
473,473,PN Type A Cell,183,84,154,189,267,343,-76,78,610
474,474,PN Type A Cell,205,79,146,198,284,344,-60,86,628
475,475,PN Type A Cell,194,86,139,186,280,325,-45,94,605
476,476,PN Type A Cell,234,84,154,196,318,350,-32,122,668
477,477,PN Type A Cell,188,80,155,195,268,350,-82,73,618
478,478,PN Type A Cell,209,75,144,192,284,336,-52,92,620
479,479,PN Type A Cell,193,74,149,191,267,340,-73,76,607
480,480,PN Type A Cell,207,81,156,187,288,343,-55,101,631
481,481,PN Type A Cell,205,87,149,208,292,357,-65,84,649
482,482,PN Type A Cell,202,87,148,194,289,342,-53,95,631
483,483,PN Type A Cell,182,74,144,192,256,336,-80,64,592
484,484,PN Type A Cell,210,74,147,190,284,337,-53,94,621
485,485,PN Type A Cell,207,72,162,190,279,352,-73,89,631
486,486,PN Type A Cell,203,77,135,189,280,324,-44,91,604
487,487,PN Type A Cell,205,95,154,198,300,352,-52,102,652
488,488,PN Type A Cell,206,77,156,190,283,346,-63,93,629
489,489,PN Type A Cell,196,68,167,193,264,360,-96,71,624
490,490,PN Type A Cell,201,70,144,219,271,363,-92,52,634
491,491,PN Type A Cell,220,85,143,192,305,335,-30,113,640
492,492,PN Type A Cell,189,89,143,185,278,328,-50,93,606
493,493,PN Type A Cell,205,97,136,195,302,331,-29,107,633
494,494,PN Type A Cell,197,70,162,205,267,367,-100,62,634
495,495,PN Type A Cell,191,77,144,180,268,324,-56,88,592
496,496,PN Type A Cell,211,78,159,202,289,361,-72,87,650
497,497,PN Type A Cell,218,86,169,197,304,366,-62,107,670
498,498,PN Type A Cell,214,93,144,195,307,339,-32,112,646
499,499,PN Type A Cell,197,78,131,194,275,325,-50,81,600
500,500,PN Type A Cell,221,61,137,175,282,312,-30,107,594
501,501,PN Type A Cell,206,85,140,202,291,342,-51,89,633
502,502,PN Type A Cell,187,81,153,211,268,364,-96,57,632
503,503,PN Type A Cell,188,89,165,194,277,359,-82,83,636
504,504,PN Type A Cell,201,106,133,195,307,328,-21,112,635
505,505,PN Type A Cell,217,89,153,210,306,363,-57,96,669
506,506,PN Type A Cell,223,78,164,193,301,357,-56,108,658
507,507,PN Type A Cell,213,74,133,193,287,326,-39,94,613
508,508,PN Type A Cell,199,93,159,198,292,357,-65,94,649
509,509,PN Type A Cell,198,67,143,191,265,334,-69,74,599
510,510,PN Type A Cell,191,80,170,200,271,370,-99,71,641
511,511,PN Type A Cell,198,83,159,191,281,350,-69,90,631
512,512,PN Type A Cell,207,80,139,193,287,332,-45,94,619
513,513,PN Type A Cell,189,88,154,195,277,349,-72,82,626
514,514,PN Type A Cell,216,70,146,189,286,335,-49,97,621
515,515,PN Type A Cell,203,72,153,205,275,358,-83,70,633
516,516,PN Type A Cell,208,80,153,175,288,328,-40,113,616
517,517,PN Type A Cell,242,78,150,200,320,350,-30,120,670
518,518,PN Type A Cell,202,78,134,197,280,331,-51,83,611
519,519,PN Type A Cell,221,73,143,183,294,326,-32,111,620
520,520,PN Type A Cell,231,90,141,206,321,347,-26,115,668
521,521,PN Type A Cell,198,88,136,216,286,352,-66,70,638
522,522,PN Type A Cell,228,88,152,194,316,346,-30,122,662
523,523,PN Type A Cell,214,95,155,191,309,346,-37,118,655
524,524,PN Type A Cell,198,85,155,209,283,364,-81,74,647
525,525,PN Type A Cell,190,90,146,193,280,339,-59,87,619
526,526,PN Type A Cell,199,78,148,195,277,343,-66,82,620
527,527,PN Type A Cell,226,83,166,195,309,361,-52,114,670
528,528,PN Type A Cell,200,91,156,194,291,350,-59,97,641
529,529,PN Type A Cell,166,86,151,201,252,352,-100,51,604
530,530,PN Type A Cell,200,89,145,214,289,359,-70,75,648
531,531,PN Type A Cell,187,82,157,190,269,347,-78,79,616
532,532,PN Type A Cell,191,79,139,183,270,322,-52,87,592
533,533,PN Type A Cell,209,90,126,187,299,313,-14,112,612
534,534,PN Type A Cell,191,69,146,182,260,328,-68,78,588
535,535,PN Type A Cell,214,77,174,195,291,369,-78,96,660
536,536,PN Type A Cell,225,87,152,193,312,345,-33,119,657
537,537,PN Type A Cell,207,90,163,203,297,366,-69,94,663
538,538,PN Type A Cell,179,89,154,172,268,326,-58,96,594
539,539,PN Type A Cell,197,92,144,194,289,338,-49,95,627
540,540,PN Type A Cell,215,77,151,193,292,344,-52,99,636
541,541,PN Type A Cell,187,85,156,191,272,347,-75,81,619
542,542,PN Type A Cell,217,79,137,195,296,332,-36,101,628
543,543,PN Type A Cell,209,102,152,195,311,347,-36,116,658
544,544,PN Type A Cell,214,97,159,196,311,355,-44,115,666
545,545,PN Type A Cell,196,84,146,199,280,345,-65,81,625
546,546,PN Type A Cell,224,92,149,194,316,343,-27,122,659
547,547,PN Type A Cell,201,90,145,196,291,341,-50,95,632
548,548,PN Type A Cell,222,88,152,192,310,344,-34,118,654
549,549,PN Type A Cell,205,85,157,205,290,362,-72,85,652
550,550,PN Type A Cell,226,90,144,195,316,339,-23,121,655
551,551,PN Type A Cell,208,81,153,190,289,343,-54,99,632
552,552,PN Type A Cell,191,82,152,186,273,338,-65,87,611
553,553,PN Type A Cell,200,77,132,206,277,338,-61,71,615
554,554,PN Type A Cell,227,83,150,191,310,341,-31,119,651
555,555,PN Type A Cell,206,72,132,180,278,312,-34,98,590
556,556,PN Type A Cell,214,88,156,176,302,332,-30,126,634
557,557,PN Type A Cell,206,79,154,170,285,324,-39,115,609
558,558,PN Type A Cell,199,99,148,199,298,347,-49,99,645
559,559,PN Type A Cell,215,77,143,192,292,335,-43,100,627
560,560,PN Type A Cell,189,74,152,204,263,356,-93,59,619
561,561,PN Type A Cell,192,92,129,185,284,314,-30,99,598
562,562,PN Type A Cell,239,88,154,194,327,348,-21,133,675
563,563,PN Type A Cell,206,98,153,207,304,360,-56,97,664
564,564,PN Type A Cell,213,75,165,208,288,373,-85,80,661
565,565,PN Type A Cell,176,92,140,186,268,326,-58,82,594
566,566,PN Type A Cell,203,76,161,182,279,343,-64,97,622
567,567,PN Type A Cell,188,80,151,200,268,351,-83,68,619
568,568,PN Type A Cell,187,83,137,205,270,342,-72,65,612
569,569,PN Type A Cell,200,77,143,210,277,353,-76,67,630
570,570,PN Type A Cell,211,89,153,181,300,334,-34,119,634
571,571,PN Type A Cell,238,98,151,205,336,356,-20,131,692
572,572,PN Type A Cell,219,74,141,199,293,340,-47,94,633
573,573,PN Type A Cell,198,82,150,208,280,358,-78,72,638
574,574,PN Type A Cell,207,91,143,193,298,336,-38,105,634
575,575,PN Type A Cell,192,93,173,197,285,370,-85,88,655
576,576,PN Type A Cell,202,87,140,200,289,340,-51,89,629
577,577,PN Type A Cell,178,84,170,198,262,368,-106,64,630
578,578,PN Type A Cell,216,88,141,197,304,338,-34,107,642
579,579,PN Type A Cell,205,80,146,200,285,346,-61,85,631
580,580,PN Type A Cell,204,74,146,201,278,347,-69,77,625
581,581,PN Type A Cell,202,94,141,178,296,319,-23,118,615
582,582,PN Type A Cell,191,74,170,201,265,371,-106,64,636
583,583,PN Type A Cell,209,85,146,203,294,349,-55,91,643
584,584,PN Type A Cell,188,102,138,201,290,339,-49,89,629
585,585,PN Type A Cell,205,85,149,195,290,344,-54,95,634
586,586,PN Type A Cell,230,81,158,183,311,341,-30,128,652
587,587,PN Type A Cell,184,75,150,187,259,337,-78,72,596
588,588,PN Type A Cell,194,93,160,200,287,360,-73,87,647
589,589,PN Type A Cell,218,79,160,196,297,356,-59,101,653
590,590,PN Type A Cell,192,86,145,208,278,353,-75,70,631
591,591,PN Type A Cell,200,88,163,203,288,366,-78,85,654
592,592,PN Type A Cell,208,75,154,198,283,352,-69,85,635
593,593,PN Type A Cell,206,80,157,175,286,332,-46,111,618
594,594,PN Type A Cell,182,82,133,196,264,329,-65,68,593
595,595,PN Type A Cell,192,72,156,185,264,341,-77,79,605
596,596,PN Type A Cell,198,82,155,187,280,342,-62,93,622
597,597,PN Type A Cell,203,74,153,185,277,338,-61,92,615
598,598,PN Type A Cell,207,85,141,198,292,339,-47,94,631
599,599,PN Type A Cell,211,75,150,212,286,362,-76,74,648
600,600,PN Type A Cell,199,85,154,199,284,353,-69,85,637
601,601,PN Type A Cell,204,90,143,189,294,332,-38,105,626
602,602,PN Type A Cell,227,84,159,181,311,340,-29,130,651
603,603,PN Type A Cell,206,85,148,197,291,345,-54,94,636
604,604,PN Type A Cell,197,85,151,197,282,348,-66,85,630
605,605,PN Type A Cell,196,79,158,191,275,349,-74,84,624
606,606,PN Type A Cell,188,78,155,193,266,348,-82,73,614
607,607,PN Type A Cell,202,72,170,185,274,355,-81,89,629
608,608,PN Type A Cell,212,80,146,191,292,337,-45,101,629
609,609,PN Type A Cell,202,78,160,200,280,360,-80,80,640
610,610,PN Type A Cell,197,66,144,193,263,337,-74,70,600
611,611,PN Type A Cell,203,97,141,203,300,344,-44,97,644
612,612,PN Type A Cell,205,87,138,185,292,323,-31,107,615
613,613,PN Type A Cell,207,92,134,192,299,326,-27,107,625
614,614,PN Type A Cell,211,92,160,213,303,373,-70,90,676
615,615,PN Type A Cell,194,84,143,179,278,322,-44,99,600
616,616,PN Type A Cell,218,83,161,189,301,350,-49,112,651
617,617,PN Type A Cell,215,66,160,192,281,352,-71,89,633
618,618,PN Type A Cell,200,84,157,184,284,341,-57,100,625
619,619,PN Type A Cell,191,90,139,191,281,330,-49,90,611
620,620,PN Type A Cell,211,75,164,192,286,356,-70,94,642
621,621,PN Type A Cell,202,69,133,192,271,325,-54,79,596
622,622,PN Type A Cell,211,81,158,184,292,342,-50,108,634
623,623,PN Type A Cell,208,87,143,196,295,339,-44,99,634
624,624,PN Type A Cell,207,77,142,204,284,346,-62,80,630
625,625,PN Type A Cell,220,82,144,194,302,338,-36,108,640
626,626,PN Type A Cell,189,77,135,189,266,324,-58,77,590
627,627,PN Type A Cell,233,84,156,199,317,355,-38,118,672
628,628,PN Type A Cell,195,81,146,208,276,354,-78,68,630
629,629,PN Type A Cell,227,73,163,203,300,366,-66,97,666
630,630,PN Type A Cell,226,89,171,189,315,360,-45,126,675
631,631,PN Type A Cell,205,92,156,203,297,359,-62,94,656
632,632,PN Type A Cell,217,81,138,188,298,326,-28,110,624
633,633,PN Type A Cell,212,75,150,192,287,342,-55,95,629
634,634,PN Type A Cell,185,74,145,205,259,350,-91,54,609
635,635,PN Type A Cell,199,86,133,189,285,322,-37,96,607
636,636,PN Type A Cell,182,89,138,200,271,338,-67,71,609
637,637,PN Type A Cell,215,90,152,193,305,345,-40,112,650
638,638,PN Type A Cell,201,74,148,191,275,339,-64,84,614
639,639,PN Type A Cell,209,86,153,226,295,379,-84,69,674
640,640,PN Type A Cell,231,87,163,178,318,341,-23,140,659
641,641,PN Type A Cell,216,95,153,208,311,361,-50,103,672
642,642,PN Type A Cell,215,90,147,203,305,350,-45,102,655
643,643,PN Type A Cell,190,86,143,183,276,326,-50,93,602
644,644,PN Type A Cell,208,78,157,210,286,367,-81,76,653
645,645,PN Type A Cell,186,84,131,191,270,322,-52,79,592
646,646,PN Type A Cell,215,90,149,212,305,361,-56,93,666
647,647,PN Type A Cell,215,92,154,173,307,327,-20,134,634
648,648,PN Type A Cell,208,84,147,180,292,327,-35,112,619
649,649,PN Type A Cell,227,75,144,198,302,342,-40,104,644
650,650,PN Type A Cell,215,93,156,204,308,360,-52,104,668
651,651,PN Type A Cell,204,75,146,187,279,333,-54,92,612
652,652,PN Type A Cell,205,81,151,194,286,345,-59,92,631
653,653,PN Type A Cell,201,72,129,196,273,325,-52,77,598
654,654,PN Type A Cell,207,78,158,181,285,339,-54,104,624
655,655,PN Type A Cell,186,76,152,204,262,356,-94,58,618
656,656,PN Type A Cell,205,83,152,202,288,354,-66,86,642
657,657,PN Type A Cell,210,86,163,191,296,354,-58,105,650
658,658,PN Type A Cell,224,87,150,197,311,347,-36,114,658
659,659,PN Type A Cell,208,79,146,199,287,345,-58,88,632
660,660,PN Type A Cell,198,83,142,197,281,339,-58,84,620
661,661,PN Type A Cell,170,75,169,188,245,357,-112,57,602
662,662,PN Type A Cell,189,84,131,213,273,344,-71,60,617
663,663,PN Type A Cell,210,76,147,190,286,337,-51,96,623
664,664,PN Type A Cell,214,85,145,189,299,334,-35,110,633
665,665,PN Type A Cell,194,80,142,190,274,332,-58,84,606
666,666,PN Type A Cell,195,89,156,190,284,346,-62,94,630
667,667,PN Type A Cell,191,84,161,204,275,365,-90,71,640
668,668,PN Type A Cell,212,95,140,181,307,321,-14,126,628
669,669,PN Type A Cell,181,89,167,202,270,369,-99,68,639
670,670,PN Type A Cell,204,84,152,207,288,359,-71,81,647
671,671,PN Type A Cell,221,74,144,198,295,342,-47,97,637
672,672,PN Type A Cell,237,68,147,200,305,347,-42,105,652
673,673,PN Type A Cell,209,79,150,196,288,346,-58,92,634
674,674,PN Type A Cell,202,78,147,200,280,347,-67,80,627
675,675,PN Type A Cell,205,80,157,193,285,350,-65,92,635
676,676,PN Type A Cell,209,81,140,202,290,342,-52,88,632
677,677,PN Type A Cell,192,85,147,188,277,335,-58,89,612
678,678,PN Type A Cell,219,66,130,188,285,318,-33,97,603
679,679,PN Type A Cell,204,89,145,197,293,342,-49,96,635
680,680,PN Type A Cell,201,86,146,178,287,324,-37,109,611
681,681,PN Type A Cell,198,79,138,181,277,319,-42,96,596
682,682,PN Type A Cell,195,73,154,190,268,344,-76,78,612
683,683,PN Type A Cell,202,69,146,198,271,344,-73,73,615
684,684,PN Type A Cell,226,85,131,198,311,329,-18,113,640
685,685,PN Type A Cell,204,79,144,192,283,336,-53,91,619
686,686,PN Type A Cell,216,82,160,185,298,345,-47,113,643
687,687,PN Type A Cell,196,72,142,178,268,320,-52,90,588
688,688,PN Type A Cell,237,93,151,191,330,342,-12,139,672
689,689,PN Type A Cell,193,80,154,181,273,335,-62,92,608
690,690,PN Type A Cell,212,68,160,179,280,339,-59,101,619
691,691,PN Type A Cell,207,71,152,202,278,354,-76,76,632
692,692,PN Type A Cell,216,75,154,183,291,337,-46,108,628
693,693,PN Type A Cell,205,81,164,190,286,354,-68,96,640
694,694,PN Type A Cell,181,86,165,192,267,357,-90,75,624
695,695,PN Type A Cell,186,82,141,210,268,351,-83,58,619
696,696,PN Type A Cell,211,80,131,186,291,317,-26,105,608
697,697,PN Type A Cell,215,86,152,185,301,337,-36,116,638
698,698,PN Type A Cell,214,82,170,197,296,367,-71,99,663
699,699,PN Type A Cell,205,82,155,210,287,365,-78,77,652
700,700,PN Type A Cell,193,87,134,210,280,344,-64,70,624
701,701,PN Type A Cell,215,97,136,201,312,337,-25,111,649
702,702,PN Type A Cell,172,96,149,192,268,341,-73,76,609
703,703,PN Type A Cell,226,85,156,196,311,352,-41,115,663
704,704,PN Type A Cell,227,83,159,190,310,349,-39,120,659
705,705,PN Type A Cell,198,95,143,194,293,337,-44,99,630
706,706,PN Type A Cell,184,73,155,217,257,372,-115,40,629
707,707,PN Type A Cell,214,81,151,186,295,337,-42,109,632
708,708,PN Type A Cell,211,77,144,210,288,354,-66,78,642
709,709,PN Type A Cell,233,82,157,202,315,359,-44,113,674
710,710,PN Type A Cell,183,89,148,190,272,338,-66,82,610
711,711,PN Type A Cell,197,81,151,208,278,359,-81,70,637
712,712,PN Type A Cell,208,69,154,202,277,356,-79,75,633
713,713,PN Type A Cell,225,79,145,205,304,350,-46,99,654
714,714,PN Type A Cell,214,104,149,194,318,343,-25,124,661
715,715,PN Type A Cell,209,91,144,205,300,349,-49,95,649
716,716,PN Type A Cell,216,74,148,189,290,337,-47,101,627
717,717,PN Type A Cell,214,93,147,184,307,331,-24,123,638
718,718,PN Type A Cell,242,83,163,205,325,368,-43,120,693
719,719,PN Type A Cell,202,74,141,171,276,312,-36,105,588
720,720,PN Type A Cell,193,84,148,197,277,345,-68,80,622
721,721,PN Type A Cell,203,77,168,180,280,348,-68,100,628
722,722,PN Type A Cell,227,89,133,203,316,336,-20,113,652
723,723,PN Type A Cell,193,72,152,194,265,346,-81,71,611
724,724,PN Type A Cell,196,81,157,207,277,364,-87,70,641
725,725,PN Type A Cell,200,100,163,190,300,353,-53,110,653
726,726,PN Type A Cell,209,93,144,194,302,338,-36,108,640
727,727,PN Type A Cell,220,79,149,182,299,331,-32,117,630
728,728,PN Type A Cell,211,92,151,206,303,357,-54,97,660
729,729,PN Type A Cell,178,86,164,197,264,361,-97,67,625
730,730,PN Type A Cell,232,78,142,186,310,328,-18,124,638
731,731,PN Type A Cell,223,92,158,183,315,341,-26,132,656
732,732,PN Type A Cell,206,86,142,176,292,318,-26,116,610
733,733,PN Type A Cell,201,83,168,189,284,357,-73,95,641
734,734,PN Type A Cell,218,72,168,204,290,372,-82,86,662
735,735,PN Type A Cell,196,87,132,192,283,324,-41,91,607
736,736,PN Type A Cell,206,89,154,204,295,358,-63,91,653
737,737,PN Type A Cell,197,80,144,185,277,329,-52,92,606
738,738,PN Type A Cell,210,100,173,210,310,383,-73,100,693
739,739,PN Type A Cell,181,92,147,201,273,348,-75,72,621
740,740,PN Type A Cell,217,89,152,185,306,337,-31,121,643
741,741,PN Type A Cell,191,77,142,204,268,346,-78,64,614
742,742,PN Type A Cell,195,81,157,185,276,342,-66,91,618
743,743,PN Type A Cell,199,80,158,186,279,344,-65,93,623
744,744,PN Type A Cell,221,85,132,184,306,316,-10,122,622
745,745,PN Type A Cell,198,83,143,199,281,342,-61,82,623
746,746,PN Type A Cell,213,73,155,192,286,347,-61,94,633
747,747,PN Type A Cell,237,72,146,188,309,334,-25,121,643
748,748,PN Type A Cell,194,79,152,178,273,330,-57,95,603
749,749,PN Type A Cell,203,80,125,212,283,337,-54,71,620
750,750,PN Type A Cell,184,84,154,187,268,341,-73,81,609
751,751,PN Type A Cell,204,82,172,201,286,373,-87,85,659
752,752,PN Type A Cell,189,87,141,205,276,346,-70,71,622
753,753,PN Type A Cell,213,83,152,197,296,349,-53,99,645
754,754,PN Type A Cell,195,75,148,183,270,331,-61,87,601
755,755,PN Type A Cell,206,78,137,200,284,337,-53,84,621
756,756,PN Type A Cell,207,75,143,207,282,350,-68,75,632
757,757,PN Type A Cell,193,81,162,211,274,373,-99,63,647
758,758,PN Type A Cell,198,83,159,202,281,361,-80,79,642
759,759,PN Type A Cell,220,87,151,166,307,317,-10,141,624
760,760,PN Type A Cell,226,71,168,209,297,377,-80,88,674
761,761,PN Type A Cell,189,76,151,192,265,343,-78,73,608
762,762,PN Type A Cell,197,72,139,191,269,330,-61,78,599
763,763,PN Type A Cell,200,63,150,181,263,331,-68,82,594
764,764,PN Type A Cell,211,89,156,193,300,349,-49,107,649
765,765,PN Type A Cell,202,72,146,193,274,339,-65,81,613
766,766,PN Type A Cell,200,77,141,197,277,338,-61,80,615
767,767,PN Type A Cell,229,65,153,196,294,349,-55,98,643
768,768,PN Type A Cell,190,89,154,195,279,349,-70,84,628
769,769,PN Type A Cell,188,89,140,191,277,331,-54,86,608
770,770,PN Type A Cell,204,91,138,196,295,334,-39,99,629
771,771,PN Type A Cell,195,82,140,184,277,324,-47,93,601
772,772,PN Type A Cell,216,85,159,205,301,364,-63,96,665
773,773,PN Type A Cell,214,78,149,197,292,346,-54,95,638
774,774,PN Type A Cell,217,67,146,182,284,328,-44,102,612
775,775,PN Type A Cell,201,87,138,183,288,321,-33,105,609
776,776,PN Type A Cell,212,69,159,200,281,359,-78,81,640
777,777,PN Type A Cell,215,87,138,200,302,338,-36,102,640
778,778,PN Type A Cell,199,81,153,176,280,329,-49,104,609
779,779,PN Type A Cell,192,72,145,199,264,344,-80,65,608
780,780,PN Type A Cell,197,81,154,189,278,343,-65,89,621
781,781,PN Type A Cell,208,74,159,192,282,351,-69,90,633
782,782,PN Type A Cell,197,85,150,206,282,356,-74,76,638
783,783,PN Type A Cell,237,85,141,194,322,335,-13,128,657
784,784,PN Type A Cell,234,90,150,184,324,334,-10,140,658
785,785,PN Type A Cell,203,79,144,195,282,339,-57,87,621
786,786,PN Type A Cell,225,98,146,187,323,333,-10,136,656
787,787,PN Type A Cell,202,66,158,180,268,338,-70,88,606
788,788,PN Type A Cell,195,89,138,182,284,320,-36,102,604
789,789,PN Type A Cell,201,81,162,206,282,368,-86,76,650
790,790,PN Type A Cell,212,95,143,192,307,335,-28,115,642
791,791,PN Type A Cell,216,80,156,188,296,344,-48,108,640
792,792,PN Type A Cell,199,90,160,203,289,363,-74,86,652
793,793,PN Type A Cell,199,91,140,208,290,348,-58,82,638
794,794,PN Type A Cell,236,79,151,206,315,357,-42,109,672
795,795,PN Type A Cell,190,72,161,194,262,355,-93,68,617
796,796,PN Type A Cell,207,76,152,195,283,347,-64,88,630
797,797,PN Type A Cell,200,94,144,210,294,354,-60,84,648
798,798,PN Type A Cell,185,73,151,203,258,354,-96,55,612
799,799,PN Type A Cell,228,95,159,199,323,358,-35,124,681
800,800,PN Type A Cell,207,78,149,195,285,344,-59,90,629
801,801,PN Type A Cell,193,76,157,203,269,360,-91,66,629
802,802,PN Type A Cell,200,76,141,206,276,347,-71,70,623
803,803,PN Type A Cell,211,84,152,184,295,336,-41,111,631
804,804,PN Type A Cell,203,80,166,190,283,356,-73,93,639
805,805,PN Type A Cell,199,97,156,195,296,351,-55,101,647
806,806,PN Type A Cell,211,90,142,198,301,340,-39,103,641
807,807,PN Type A Cell,181,91,139,188,272,327,-55,84,599
808,808,PN Type A Cell,194,93,155,200,287,355,-68,87,642
809,809,PN Type A Cell,209,91,150,170,300,320,-20,130,620
810,810,PN Type A Cell,203,65,130,207,268,337,-69,61,605
811,811,PN Type A Cell,184,67,163,185,251,348,-97,66,599
812,812,PN Type A Cell,203,90,143,191,293,334,-41,102,627
813,813,PN Type A Cell,185,75,137,175,260,312,-52,85,572
814,814,PN Type A Cell,219,74,148,189,293,337,-44,104,630
815,815,PN Type A Cell,196,74,159,201,270,360,-90,69,630
816,816,PN Type A Cell,213,80,152,182,293,334,-41,111,627
817,817,PN Type A Cell,208,82,146,203,290,349,-59,87,639
818,818,PN Type A Cell,198,73,152,203,271,355,-84,68,626
819,819,PN Type A Cell,187,89,155,192,276,347,-71,84,623
820,820,PN Type A Cell,204,88,151,199,292,350,-58,93,642
821,821,PN Type A Cell,224,80,167,184,304,351,-47,120,655
822,822,PN Type A Cell,208,93,159,203,301,362,-61,98,663
823,823,PN Type A Cell,181,92,150,201,273,351,-78,72,624
824,824,PN Type A Cell,183,102,146,196,285,342,-57,89,627
825,825,PN Type A Cell,211,69,158,193,280,351,-71,87,631
826,826,PN Type A Cell,210,81,162,188,291,350,-59,103,641
827,827,PN Type A Cell,196,98,154,177,294,331,-37,117,625
828,828,PN Type A Cell,245,89,149,181,334,330,4,153,664
829,829,PN Type A Cell,207,95,162,192,302,354,-52,110,656
830,830,PN Type A Cell,205,96,141,209,301,350,-49,92,651
831,831,PN Type A Cell,181,86,161,194,267,355,-88,73,622
832,832,PN Type A Cell,218,81,138,176,299,314,-15,123,613
833,833,PN Type A Cell,201,98,138,179,299,317,-18,120,616
834,834,PN Type A Cell,216,80,161,176,296,337,-41,120,633
835,835,PN Type A Cell,207,76,137,188,283,325,-42,95,608
836,836,PN Type A Cell,197,97,155,205,294,360,-66,89,654
837,837,PN Type A Cell,225,75,139,184,300,323,-23,116,623
838,838,PN Type A Cell,224,82,153,200,306,353,-47,106,659
839,839,PN Type A Cell,201,71,149,189,272,338,-66,83,610
840,840,PN Type A Cell,201,78,183,182,279,365,-86,97,644
841,841,PN Type A Cell,219,87,148,196,306,344,-38,110,650
842,842,PN Type A Cell,198,80,160,178,278,338,-60,100,616
843,843,PN Type A Cell,217,73,160,202,290,362,-72,88,652
844,844,PN Type A Cell,192,84,150,206,276,356,-80,70,632
845,845,PN Type A Cell,202,79,152,194,281,346,-65,87,627
846,846,PN Type A Cell,195,74,154,196,269,350,-81,73,619
847,847,PN Type A Cell,197,80,159,200,277,359,-82,77,636
848,848,PN Type A Cell,217,92,148,196,309,344,-35,113,653
849,849,PN Type A Cell,205,74,149,196,279,345,-66,83,624
850,850,PN Type A Cell,207,85,144,188,292,332,-40,104,624
851,851,PN Type A Cell,199,93,153,196,292,349,-57,96,641
852,852,PN Type A Cell,242,83,136,186,325,322,3,139,647
853,853,PN Type A Cell,192,87,141,203,279,344,-65,76,623
854,854,PN Type A Cell,230,89,149,188,319,337,-18,131,656
855,855,PN Type A Cell,225,97,149,193,322,342,-20,129,664
856,856,PN Type A Cell,203,66,138,200,269,338,-69,69,607
857,857,PN Type A Cell,209,100,161,190,309,351,-42,119,660
858,858,PN Type A Cell,204,69,140,183,273,323,-50,90,596
859,859,PN Type A Cell,174,78,157,186,252,343,-91,66,595
860,860,PN Type A Cell,203,83,140,194,286,334,-48,92,620
861,861,PN Type A Cell,211,89,159,205,300,364,-64,95,664
862,862,PN Type A Cell,199,84,151,190,283,341,-58,93,624
863,863,PN Type A Cell,210,78,150,210,288,360,-72,78,648
864,864,PN Type A Cell,176,74,143,198,250,341,-91,52,591
865,865,PN Type A Cell,207,70,132,203,277,335,-58,74,612
866,866,PN Type A Cell,200,81,144,175,281,319,-38,106,600
867,867,PN Type A Cell,190,55,132,201,245,333,-88,44,578
868,868,PN Type A Cell,182,96,150,201,278,351,-73,77,629
869,869,PN Type A Cell,226,90,175,204,316,379,-63,112,695
870,870,PN Type A Cell,194,75,149,212,269,361,-92,57,630
871,871,PN Type A Cell,191,87,153,204,278,357,-79,74,635
872,872,PN Type A Cell,189,85,153,195,274,348,-74,79,622
873,873,PN Type A Cell,200,89,145,184,289,329,-40,105,618
874,874,PN Type A Cell,201,95,149,183,296,332,-36,113,628
875,875,PN Type A Cell,201,87,155,200,288,355,-67,88,643
876,876,PN Type A Cell,219,95,162,184,314,346,-32,130,660
877,877,PN Type A Cell,199,73,151,194,272,345,-73,78,617
878,878,PN Type A Cell,192,84,158,196,276,354,-78,80,630
879,879,PN Type A Cell,195,94,140,205,289,345,-56,84,634
880,880,PN Type A Cell,192,98,154,189,290,343,-53,101,633
881,881,PN Type A Cell,201,69,144,192,270,336,-66,78,606
882,882,PN Type A Cell,209,90,175,202,299,377,-78,97,676
883,883,PN Type A Cell,215,82,148,193,297,341,-44,104,638
884,884,PN Type A Cell,229,84,153,187,313,340,-27,126,653
885,885,PN Type A Cell,230,88,150,187,318,337,-19,131,655
886,886,PN Type A Cell,202,81,156,210,283,366,-83,73,649
887,887,PN Type A Cell,209,86,152,181,295,333,-38,114,628
888,888,PN Type A Cell,203,75,147,198,278,345,-67,80,623
889,889,PN Type A Cell,193,83,149,178,276,327,-51,98,603
890,890,PN Type A Cell,215,88,156,201,303,357,-54,102,660
891,891,PN Type A Cell,239,84,152,186,323,338,-15,137,661
892,892,PN Type A Cell,176,80,145,192,256,337,-81,64,593
893,893,PN Type A Cell,213,89,174,184,302,358,-56,118,660
894,894,PN Type A Cell,204,85,150,194,289,344,-55,95,633
895,895,PN Type A Cell,193,90,147,189,283,336,-53,94,619
896,896,PN Type A Cell,186,86,153,193,272,346,-74,79,618
897,897,PN Type A Cell,210,87,153,183,297,336,-39,114,633
898,898,PN Type A Cell,207,90,147,208,297,355,-58,89,652
899,899,PN Type A Cell,198,85,148,201,283,349,-66,82,632
900,900,PN Type A Cell,209,94,142,189,303,331,-28,114,634
901,901,PN Type A Cell,203,91,163,203,294,366,-72,91,660
902,902,PN Type A Cell,215,89,153,204,304,357,-53,100,661
903,903,PN Type A Cell,211,82,146,191,293,337,-44,102,630
904,904,PN Type A Cell,197,96,170,204,293,374,-81,89,667
905,905,PN Type A Cell,188,72,144,192,260,336,-76,68,596
906,906,PN Type A Cell,210,101,166,205,311,371,-60,106,682
907,907,PN Type A Cell,205,90,161,202,295,363,-68,93,658
908,908,PN Type A Cell,198,64,156,186,262,342,-80,76,604
909,909,PN Type A Cell,207,79,132,204,286,336,-50,82,622
910,910,PN Type A Cell,188,79,141,199,267,340,-73,68,607
911,911,PN Type A Cell,201,80,173,182,281,355,-74,99,636
912,912,PN Type A Cell,206,75,153,192,281,345,-64,89,626
913,913,PN Type A Cell,205,77,135,185,282,320,-38,97,602
914,914,PN Type A Cell,219,67,165,182,286,347,-61,104,633
915,915,PN Type A Cell,195,87,148,184,282,332,-50,98,614
916,916,PN Type A Cell,177,95,157,190,272,347,-75,82,619
917,917,PN Type A Cell,180,81,141,197,261,338,-77,64,599
918,918,PN Type A Cell,192,82,163,196,274,359,-85,78,633
919,919,PN Type A Cell,177,79,144,193,256,337,-81,63,593
920,920,PN Type A Cell,186,83,159,201,269,360,-91,68,629
921,921,PN Type A Cell,199,85,153,197,284,350,-66,87,634
922,922,PN Type A Cell,206,82,157,205,288,362,-74,83,650
923,923,PN Type A Cell,212,91,160,213,303,373,-70,90,676
924,924,PN Type A Cell,203,84,137,204,287,341,-54,83,628
925,925,PN Type A Cell,192,92,166,190,284,356,-72,94,640
926,926,PN Type A Cell,196,83,174,173,279,347,-68,106,626
927,927,PN Type A Cell,201,77,134,198,278,332,-54,80,610
928,928,PN Type A Cell,194,89,149,202,283,351,-68,81,634
929,929,PN Type A Cell,207,77,151,207,284,358,-74,77,642
930,930,PN Type A Cell,224,78,157,199,302,356,-54,103,658
931,931,PN Type A Cell,188,75,162,185,263,347,-84,78,610
932,932,PN Type A Cell,212,79,137,194,291,331,-40,97,622
933,933,PN Type A Cell,192,97,145,209,289,354,-65,80,643
934,934,PN Type A Cell,225,82,152,195,307,347,-40,112,654
935,935,PN Type A Cell,218,80,165,177,298,342,-44,121,640
936,936,PN Type A Cell,217,85,156,189,302,345,-43,113,647
937,937,PN Type A Cell,200,81,144,201,281,345,-64,80,626
938,938,PN Type A Cell,194,78,170,193,272,363,-91,79,635
939,939,PN Type A Cell,208,72,147,200,280,347,-67,80,627
940,940,PN Type A Cell,219,85,158,200,304,358,-54,104,662
941,941,PN Type A Cell,202,82,146,207,284,353,-69,77,637
942,942,PN Type A Cell,185,81,160,196,266,356,-90,70,622
943,943,PN Type A Cell,206,83,147,199,289,346,-57,90,635
944,944,PN Type A Cell,188,86,186,188,274,374,-100,86,648
945,945,PN Type A Cell,173,90,134,198,263,332,-69,65,595
946,946,PN Type A Cell,211,82,153,201,293,354,-61,92,647
947,947,PN Type A Cell,200,95,152,183,295,335,-40,112,630
948,948,PN Type A Cell,213,87,135,178,300,313,-13,122,613
949,949,PN Type A Cell,225,80,145,196,305,341,-36,109,646
950,950,PN Type A Cell,222,79,151,186,301,337,-36,115,638
951,951,PN Type A Cell,226,86,144,192,312,336,-24,120,648
952,952,PN Type A Cell,203,74,155,205,277,360,-83,72,637
953,953,PN Type A Cell,207,78,170,199,285,369,-84,86,654
954,954,PN Type A Cell,209,79,142,192,288,334,-46,96,622
955,955,PN Type A Cell,190,80,134,180,270,314,-44,90,584
956,956,PN Type A Cell,215,100,152,204,315,356,-41,111,671
957,957,PN Type A Cell,205,71,154,192,276,346,-70,84,622
958,958,PN Type A Cell,209,89,143,186,298,329,-31,112,627
959,959,PN Type A Cell,193,82,148,189,275,337,-62,86,612
960,960,PN Type A Cell,205,78,159,194,283,353,-70,89,636
961,961,PN Type A Cell,201,86,138,167,287,305,-18,120,592
962,962,PN Type A Cell,193,87,154,192,280,346,-66,88,626
963,963,PN Type A Cell,190,80,152,190,270,342,-72,80,612
964,964,PN Type A Cell,189,76,139,194,265,333,-68,71,598
965,965,PN Type A Cell,225,88,168,192,313,360,-47,121,673
966,966,PN Type A Cell,204,86,140,198,290,338,-48,92,628
967,967,PN Type A Cell,207,65,146,191,272,337,-65,81,609
968,968,PN Type A Cell,201,74,146,195,275,341,-66,80,616
969,969,PN Type A Cell,185,93,151,187,278,338,-60,91,616
970,970,PN Type A Cell,215,86,140,190,301,330,-29,111,631
971,971,PN Type A Cell,213,78,149,197,291,346,-55,94,637
972,972,PN Type A Cell,197,76,148,201,273,349,-76,72,622
973,973,PN Type A Cell,182,81,150,186,263,336,-73,77,599
974,974,PN Type A Cell,228,72,160,204,300,364,-64,96,664
975,975,PN Type A Cell,195,77,136,209,272,345,-73,63,617
976,976,PN Type A Cell,220,88,152,208,308,360,-52,100,668
977,977,PN Type A Cell,205,90,140,189,295,329,-34,106,624
978,978,PN Type A Cell,201,75,160,190,276,350,-74,86,626
979,979,PN Type A Cell,200,73,147,202,273,349,-76,71,622
980,980,PN Type A Cell,204,76,134,188,280,322,-42,92,602
981,981,PN Type A Cell,207,85,143,176,292,319,-27,116,611
982,982,PN Type A Cell,223,88,149,219,311,368,-57,92,679
983,983,PN Type A Cell,221,97,154,206,318,360,-42,112,678
984,984,PN Type A Cell,203,66,158,207,269,365,-96,62,634
985,985,PN Type A Cell,215,81,145,192,296,337,-41,104,633
986,986,PN Type A Cell,187,78,144,206,265,350,-85,59,615
987,987,PN Type A Cell,216,80,154,196,296,350,-54,100,646
988,988,PN Type A Cell,229,100,142,207,329,349,-20,122,678
989,989,PN Type A Cell,200,74,135,187,274,322,-48,87,596
990,990,PN Type A Cell,219,97,157,172,316,329,-13,144,645
991,991,PN Type A Cell,206,95,147,183,301,330,-29,118,631
992,992,PN Type A Cell,194,80,152,187,274,339,-65,87,613
993,993,PN Type A Cell,227,77,158,205,304,363,-59,99,667
994,994,PN Type A Cell,168,88,151,202,256,353,-97,54,609
995,995,PN Type A Cell,214,93,147,205,307,352,-45,102,659
996,996,PN Type A Cell,187,89,160,203,276,363,-87,73,639
997,997,PN Type A Cell,202,100,150,193,302,343,-41,109,645
998,998,PN Type A Cell,196,74,149,200,270,349,-79,70,619
999,999,PN Type A Cell,233,94,168,183,327,351,-24,144,678
1000,1000,PN Type A Cell,216,70,149,197,286,346,-60,89,632
1001,1001,PN Type A Cell,234,98,161,188,332,349,-17,144,681
1002,1002,PN Type A Cell,199,92,147,197,291,344,-53,94,635
1003,1003,PN Type A Cell,202,76,143,201,278,344,-66,77,622
1004,1004,PN Type A Cell,203,85,135,198,288,333,-45,90,621
1005,1005,PN Type A Cell,195,90,143,202,285,345,-60,83,630
1006,1006,PN Type A Cell,199,95,159,197,294,356,-62,97,650
1007,1007,PN Type A Cell,208,91,159,182,299,341,-42,117,640
1008,1008,PN Type A Cell,229,87,171,190,316,361,-45,126,677
1009,1009,PN Type A Cell,207,96,149,191,303,340,-37,112,643
1010,1010,PN Type A Cell,211,71,151,195,282,346,-64,87,628
1011,1011,PN Type A Cell,209,72,160,202,281,362,-81,79,643
1012,1012,PN Type A Cell,184,87,156,184,271,340,-69,87,611
1013,1013,PN Type A Cell,213,79,152,203,292,355,-63,89,647
1014,1014,PN Type A Cell,206,87,152,205,293,357,-64,88,650
1015,1015,PN Type A Cell,213,79,141,182,292,323,-31,110,615
1016,1016,PN Type A Cell,186,85,170,205,271,375,-104,66,646
1017,1017,PN Type A Cell,207,84,154,186,291,340,-49,105,631
1018,1018,PN Type A Cell,219,93,149,209,312,358,-46,103,670
1019,1019,PN Type A Cell,186,82,150,190,268,340,-72,78,608
1020,1020,PN Type A Cell,186,88,142,180,274,322,-48,94,596
1021,1021,PN Type A Cell,201,75,147,185,276,332,-56,91,608
1022,1022,PN Type A Cell,199,71,146,205,270,351,-81,65,621
1023,1023,PN Type A Cell,225,79,154,209,304,363,-59,95,667
1024,1024,PN Type A Cell,183,74,145,179,257,324,-67,78,581
1025,1025,PN Type A Cell,204,89,145,195,293,340,-47,98,633
1026,1026,PN Type A Cell,199,96,156,202,295,358,-63,93,653
1027,1027,PN Type A Cell,180,82,151,197,262,348,-86,65,610
1028,1028,PN Type A Cell,193,86,159,176,279,335,-56,103,614
1029,1029,PN Type A Cell,193,82,158,184,275,342,-67,91,617
1030,1030,PN Type A Cell,205,86,144,190,291,334,-43,101,625
1031,1031,PN Type A Cell,217,90,149,171,307,320,-13,136,627
1032,1032,PN Type A Cell,188,88,162,186,276,348,-72,90,624
1033,1033,PN Type A Cell,261,84,164,188,345,352,-7,157,697
1034,1034,PN Type A Cell,195,85,147,169,280,316,-36,111,596
1035,1035,PN Type A Cell,233,99,165,209,332,374,-42,123,706
1036,1036,PN Type A Cell,203,96,135,193,299,328,-29,106,627
1037,1037,PN Type A Cell,209,66,157,190,275,347,-72,85,622
1038,1038,PN Type A Cell,174,85,153,198,259,351,-92,61,610
1039,1039,PN Type A Cell,218,88,158,201,306,359,-53,105,665
1040,1040,PN Type A Cell,204,75,149,178,279,327,-48,101,606
1041,1041,PN Type A Cell,206,88,149,198,294,347,-53,96,641
1042,1042,PN Type A Cell,226,81,160,169,307,329,-22,138,636
1043,1043,PN Type A Cell,196,91,153,200,287,353,-66,87,640
1044,1044,PN Type A Cell,206,93,144,204,299,348,-49,95,647
1045,1045,PN Type A Cell,210,69,139,181,279,320,-41,98,599
1046,1046,PN Type A Cell,178,76,138,184,254,322,-68,70,576
1047,1047,PN Type A Cell,200,81,144,205,281,349,-68,76,630
1048,1048,PN Type A Cell,208,77,160,194,285,354,-69,91,639
1049,1049,PN Type A Cell,204,91,163,200,295,363,-68,95,658
1050,1050,PN Type A Cell,191,92,133,185,283,318,-35,98,601
1051,1051,PN Type A Cell,187,74,160,190,261,350,-89,71,611
1052,1052,PN Type A Cell,214,87,157,202,301,359,-58,99,660
1053,1053,PN Type A Cell,188,84,145,191,272,336,-64,81,608
1054,1054,PN Type A Cell,198,88,143,188,286,331,-45,98,617
1055,1055,PN Type A Cell,206,82,141,204,288,345,-57,84,633
1056,1056,PN Type A Cell,194,79,151,190,273,341,-68,83,614
1057,1057,PN Type A Cell,187,74,148,195,261,343,-82,66,604
1058,1058,PN Type A Cell,205,66,158,196,271,354,-83,75,625
1059,1059,PN Type A Cell,212,82,129,205,294,334,-40,89,628
1060,1060,PN Type A Cell,194,82,155,198,276,353,-77,78,629
1061,1061,PN Type A Cell,213,77,168,203,290,371,-81,87,661
1062,1062,PN Type A Cell,198,93,153,191,291,344,-53,100,635
1063,1063,PN Type A Cell,205,66,149,210,271,359,-88,61,630
1064,1064,PN Type A Cell,215,99,145,194,314,339,-25,120,653
1065,1065,PN Type A Cell,210,96,156,184,306,340,-34,122,646
1066,1066,PN Type A Cell,208,95,143,210,303,353,-50,93,656
1067,1067,PN Type A Cell,209,89,150,211,298,361,-63,87,659
1068,1068,PN Type A Cell,207,88,150,200,295,350,-55,95,645
1069,1069,PN Type A Cell,188,80,163,210,268,373,-105,58,641
1070,1070,PN Type A Cell,195,88,162,188,283,350,-67,95,633
1071,1071,PN Type A Cell,190,70,141,191,260,332,-72,69,592
1072,1072,PN Type A Cell,186,86,131,182,272,313,-41,90,585
1073,1073,PN Type A Cell,193,85,147,186,278,333,-55,92,611
1074,1074,PN Type A Cell,201,86,154,180,287,334,-47,107,621
1075,1075,PN Type A Cell,218,78,153,208,296,361,-65,88,657
1076,1076,PN Type A Cell,188,78,150,195,266,345,-79,71,611
1077,1077,PN Type A Cell,213,86,137,192,299,329,-30,107,628
1078,1078,PN Type A Cell,216,93,129,196,309,325,-16,113,634
1079,1079,PN Type A Cell,216,88,152,192,304,344,-40,112,648
1080,1080,PN Type A Cell,196,81,152,182,277,334,-57,95,611
1081,1081,PN Type A Cell,200,82,158,192,282,350,-68,90,632
1082,1082,PN Type A Cell,198,68,146,198,266,344,-78,68,610
1083,1083,PN Type A Cell,230,97,161,208,327,369,-42,119,696
1084,1084,PN Type A Cell,203,84,140,201,287,341,-54,86,628
1085,1085,PN Type A Cell,206,88,146,194,294,340,-46,100,634
1086,1086,PN Type A Cell,197,85,149,196,282,345,-63,86,627
1087,1087,PN Type A Cell,175,89,162,190,264,352,-88,74,616
1088,1088,PN Type A Cell,197,88,159,191,285,350,-65,94,635
1089,1089,PN Type A Cell,193,89,162,209,282,371,-89,73,653
1090,1090,PN Type A Cell,222,70,151,179,292,330,-38,113,622
1091,1091,PN Type A Cell,187,82,138,198,269,336,-67,71,605
1092,1092,PN Type A Cell,204,85,145,181,289,326,-37,108,615
1093,1093,PN Type A Cell,206,85,148,181,291,329,-38,110,620
1094,1094,PN Type A Cell,196,80,177,192,276,369,-93,84,645
1095,1095,PN Type A Cell,224,88,137,193,312,330,-18,119,642
1096,1096,PN Type A Cell,219,90,139,202,309,341,-32,107,650
1097,1097,PN Type A Cell,208,81,140,187,289,327,-38,102,616
1098,1098,PN Type A Cell,219,97,154,194,316,348,-32,122,664
1099,1099,PN Type A Cell,189,73,163,188,262,351,-89,74,613
1100,1100,PN Type A Cell,192,86,147,202,278,349,-71,76,627
1101,1101,PN Type A Cell,198,89,143,184,287,327,-40,103,614
1102,1102,PN Type A Cell,204,91,153,191,295,344,-49,104,639
1103,1103,PN Type A Cell,191,72,154,185,263,339,-76,78,602
1104,1104,PN Type A Cell,207,78,142,201,285,343,-58,84,628
1105,1105,PN Type A Cell,205,83,146,193,288,339,-51,95,627
1106,1106,PN Type A Cell,194,86,148,178,280,326,-46,102,606
1107,1107,PN Type A Cell,218,69,136,195,287,331,-44,92,618
1108,1108,PN Type A Cell,201,76,130,210,277,340,-63,67,617
1109,1109,PN Type A Cell,192,81,172,188,273,360,-87,85,633
1110,1110,PN Type A Cell,198,80,153,172,278,325,-47,106,603
1111,1111,PN Type A Cell,215,70,165,199,285,364,-79,86,649
1112,1112,PN Type A Cell,205,93,136,203,298,339,-41,95,637
1113,1113,PN Type A Cell,212,89,153,202,301,355,-54,99,656
1114,1114,PN Type A Cell,225,73,139,200,298,339,-41,98,637
1115,1115,PN Type A Cell,198,87,156,191,285,347,-62,94,632
1116,1116,PN Type A Cell,175,87,128,184,262,312,-50,78,574
1117,1117,PN Type A Cell,208,88,140,208,296,348,-52,88,644
1118,1118,PN Type A Cell,211,72,151,187,283,338,-55,96,621
1119,1119,PN Type A Cell,199,85,153,198,284,351,-67,86,635
1120,1120,PN Type A Cell,178,66,130,195,244,325,-81,49,569
1121,1121,PN Type A Cell,175,83,148,180,258,328,-70,78,586
1122,1122,PN Type A Cell,214,89,152,193,303,345,-42,110,648
1123,1123,PN Type A Cell,210,83,146,195,293,341,-48,98,634
1124,1124,PN Type A Cell,228,75,153,186,303,339,-36,117,642
1125,1125,PN Type A Cell,191,89,151,194,280,345,-65,86,625
1126,1126,PN Type A Cell,222,84,141,169,306,310,-4,137,616
1127,1127,PN Type A Cell,195,89,130,190,284,320,-36,94,604
1128,1128,PN Type A Cell,222,94,162,189,316,351,-35,127,667
1129,1129,PN Type A Cell,189,85,132,198,274,330,-56,76,604
1130,1130,PN Type A Cell,208,86,174,201,294,375,-81,93,669
1131,1131,PN Type A Cell,198,73,136,196,271,332,-61,75,603
1132,1132,PN Type A Cell,200,80,164,189,280,353,-73,91,633
1133,1133,PN Type A Cell,177,93,157,192,270,349,-79,78,619
1134,1134,PN Type A Cell,218,92,165,181,310,346,-36,129,656
1135,1135,PN Type A Cell,212,69,148,187,281,335,-54,94,616
1136,1136,PN Type A Cell,206,66,152,193,272,345,-73,79,617
1137,1137,PN Type A Cell,202,95,145,202,297,347,-50,95,644
1138,1138,PN Type A Cell,203,83,140,220,286,360,-74,66,646
1139,1139,PN Type A Cell,192,89,152,198,281,350,-69,83,631
1140,1140,PN Type A Cell,185,74,138,178,259,316,-57,81,575
1141,1141,PN Type A Cell,214,86,146,192,300,338,-38,108,638
1142,1142,PN Type A Cell,232,83,148,191,315,339,-24,124,654
1143,1143,PN Type A Cell,196,77,157,201,273,358,-85,72,631
1144,1144,PN Type A Cell,209,81,141,205,290,346,-56,85,636
1145,1145,PN Type A Cell,213,93,142,188,306,330,-24,118,636
1146,1146,PN Type A Cell,210,92,154,210,302,364,-62,92,666
1147,1147,PN Type A Cell,204,98,144,204,302,348,-46,98,650
1148,1148,PN Type A Cell,180,76,154,196,256,350,-94,60,606
1149,1149,PN Type A Cell,189,82,157,195,271,352,-81,76,623
1150,1150,PN Type A Cell,175,77,157,186,252,343,-91,66,595
1151,1151,PN Type A Cell,197,91,155,187,288,342,-54,101,630
1152,1152,PN Type A Cell,197,86,147,192,283,339,-56,91,622
1153,1153,PN Type A Cell,214,83,148,176,297,324,-27,121,621
1154,1154,PN Type A Cell,207,86,144,191,293,335,-42,102,628
1155,1155,PN Type A Cell,179,88,150,203,267,353,-86,64,620
1156,1156,PN Type A Cell,203,101,150,193,304,343,-39,111,647
1157,1157,PN Type A Cell,199,82,171,181,281,352,-71,100,633
1158,1158,PN Type A Cell,218,79,154,184,297,338,-41,113,635
1159,1159,PN Type A Cell,193,77,138,200,270,338,-68,70,608
1160,1160,PN Type A Cell,217,80,160,194,297,354,-57,103,651
1161,1161,PN Type A Cell,208,83,156,210,291,366,-75,81,657
1162,1162,PN Type A Cell,210,84,147,184,294,331,-37,110,625
1163,1163,PN Type A Cell,214,83,151,198,297,349,-52,99,646
1164,1164,PN Type A Cell,186,73,151,207,259,358,-99,52,617
1165,1165,PN Type A Cell,211,82,150,189,293,339,-46,104,632
1166,1166,PN Type A Cell,206,77,162,219,283,381,-98,64,664
1167,1167,PN Type A Cell,233,79,135,204,312,339,-27,108,651
1168,1168,PN Type A Cell,194,99,137,200,293,337,-44,93,630
1169,1169,PN Type A Cell,204,74,148,186,278,334,-56,92,612
1170,1170,PN Type A Cell,182,78,138,188,260,326,-66,72,586
1171,1171,PN Type A Cell,199,85,152,196,284,348,-64,88,632
1172,1172,PN Type A Cell,200,87,176,202,287,378,-91,85,665
1173,1173,PN Type A Cell,228,84,133,201,312,334,-22,111,646
1174,1174,PN Type A Cell,207,89,139,195,296,334,-38,101,630
1175,1175,PN Type A Cell,206,98,156,205,304,361,-57,99,665
1176,1176,PN Type A Cell,182,74,155,200,256,355,-99,56,611
1177,1177,PN Type A Cell,206,82,141,204,288,345,-57,84,633
1178,1178,PN Type A Cell,211,87,133,185,298,318,-20,113,616
1179,1179,PN Type A Cell,214,71,157,173,285,330,-45,112,615
1180,1180,PN Type A Cell,204,63,140,183,267,323,-56,84,590
1181,1181,PN Type A Cell,215,87,141,186,302,327,-25,116,629
1182,1182,PN Type A Cell,213,93,142,190,306,332,-26,116,638
1183,1183,PN Type A Cell,222,102,150,185,324,335,-11,139,659
1184,1184,PN Type A Cell,217,91,160,203,308,363,-55,105,671
1185,1185,PN Type A Cell,196,76,154,174,272,328,-56,98,600
1186,1186,PN Type A Cell,187,92,159,192,279,351,-72,87,630
1187,1187,PN Type A Cell,211,90,148,180,301,328,-27,121,629
1188,1188,PN Type A Cell,214,72,159,200,286,359,-73,86,645
1189,1189,PN Type A Cell,198,70,145,196,268,341,-73,72,609
1190,1190,PN Type A Cell,205,83,134,182,288,316,-28,106,604
1191,1191,PN Type A Cell,209,79,156,194,288,350,-62,94,638
1192,1192,PN Type A Cell,215,75,154,218,290,372,-82,72,662
1193,1193,PN Type A Cell,196,89,138,195,285,333,-48,90,618
1194,1194,PN Type A Cell,211,87,153,216,298,369,-71,82,667
1195,1195,PN Type A Cell,186,79,152,187,265,339,-74,78,604
1196,1196,PN Type A Cell,199,69,155,175,268,330,-62,93,598
1197,1197,PN Type A Cell,206,80,146,190,286,336,-50,96,622
1198,1198,PN Type A Cell,189,72,156,187,261,343,-82,74,604
1199,1199,PN Type A Cell,222,83,158,195,305,353,-48,110,658
1200,1200,PN Type A Cell,191,97,144,188,288,332,-44,100,620
1201,1201,PN Type A Cell,212,90,118,188,302,306,-4,114,608
1202,1202,PN Type A Cell,206,83,155,192,289,347,-58,97,636
1203,1203,PN Type A Cell,227,72,160,193,299,353,-54,106,652
1204,1204,PN Type A Cell,228,77,147,171,305,318,-13,134,623
1205,1205,PN Type A Cell,198,94,154,170,292,324,-32,122,616
1206,1206,PN Type A Cell,211,97,143,188,308,331,-23,120,639
1207,1207,PN Type A Cell,216,95,141,196,311,337,-26,115,648
1208,1208,PN Type A Cell,227,76,138,179,303,317,-14,124,620
1209,1209,PN Type A Cell,209,74,147,198,283,345,-62,85,628
1210,1210,PN Type A Cell,201,84,140,199,285,339,-54,86,624
1211,1211,PN Type A Cell,192,91,143,193,283,336,-53,90,619
1212,1212,PN Type A Cell,209,77,145,194,286,339,-53,92,625
1213,1213,PN Type A Cell,183,75,173,193,258,366,-108,65,624
1214,1214,PN Type A Cell,204,79,153,213,283,366,-83,70,649
1215,1215,PN Type A Cell,193,88,135,200,281,335,-54,81,616
1216,1216,PN Type A Cell,221,84,160,220,305,380,-75,85,685
1217,1217,PN Type A Cell,203,85,153,186,288,339,-51,102,627
1218,1218,PN Type A Cell,204,82,164,195,286,359,-73,91,645
1219,1219,PN Type A Cell,195,80,146,179,275,325,-50,96,600
1220,1220,PN Type A Cell,207,79,144,188,286,332,-46,98,618
1221,1221,PN Type A Cell,212,65,157,191,277,348,-71,86,625
1222,1222,PN Type A Cell,205,85,149,191,290,340,-50,99,630
1223,1223,PN Type A Cell,217,76,149,197,293,346,-53,96,639
1224,1224,PN Type A Cell,188,86,160,187,274,347,-73,87,621
1225,1225,PN Type A Cell,215,79,165,210,294,375,-81,84,669
1226,1226,PN Type A Cell,179,80,149,195,259,344,-85,64,603
1227,1227,PN Type A Cell,216,88,136,205,304,341,-37,99,645
1228,1228,PN Type A Cell,216,81,147,190,297,337,-40,107,634
1229,1229,PN Type A Cell,220,83,157,178,303,335,-32,125,638
1230,1230,PN Type A Cell,208,92,151,179,300,330,-30,121,630
1231,1231,PN Type A Cell,223,71,148,196,294,344,-50,98,638
1232,1232,PN Type A Cell,204,82,148,189,286,337,-51,97,623
1233,1233,PN Type A Cell,201,77,167,190,278,357,-79,88,635
1234,1234,PN Type A Cell,226,79,144,190,305,334,-29,115,639
1235,1235,PN Type A Cell,212,80,157,198,292,355,-63,94,647
1236,1236,PN Type A Cell,194,79,163,191,273,354,-81,82,627
1237,1237,PN Type A Cell,210,79,154,195,289,349,-60,94,638
1238,1238,PN Type A Cell,216,82,160,202,298,362,-64,96,660
1239,1239,PN Type A Cell,209,101,143,195,310,338,-28,115,648
1240,1240,PN Type A Cell,205,86,169,197,291,366,-75,94,657
1241,1241,PN Type A Cell,203,81,166,195,284,361,-77,89,645
1242,1242,PN Type A Cell,215,80,149,186,295,335,-40,109,630
1243,1243,PN Type A Cell,200,79,152,194,279,346,-67,85,625
1244,1244,PN Type A Cell,200,94,138,188,294,326,-32,106,620
1245,1245,PN Type A Cell,183,82,149,195,265,344,-79,70,609
1246,1246,PN Type A Cell,223,77,149,194,300,343,-43,106,643
1247,1247,PN Type A Cell,221,82,142,203,303,345,-42,100,648
1248,1248,PN Type A Cell,189,90,137,183,279,320,-41,96,599
1249,1249,PN Type A Cell,194,94,167,189,288,356,-68,99,644
1250,1250,PN Type A Cell,191,65,160,196,256,356,-100,60,612
1251,1251,PN Type A Cell,215,68,139,204,283,343,-60,79,626
1252,1252,PN Type A Cell,212,78,162,197,290,359,-69,93,649
1253,1253,PN Type A Cell,203,82,143,185,285,328,-43,100,613
1254,1254,PN Type A Cell,186,89,121,186,275,307,-32,89,582
1255,1255,PN Type A Cell,213,88,142,210,301,352,-51,91,653
1256,1256,PN Type A Cell,188,84,145,200,272,345,-73,72,617
1257,1257,PN Type A Cell,210,90,157,199,300,356,-56,101,656
1258,1258,PN Type A Cell,172,82,155,199,254,354,-100,55,608
1259,1259,PN Type A Cell,220,89,157,183,309,340,-31,126,649
1260,1260,PN Type A Cell,191,70,138,200,261,338,-77,61,599
1261,1261,PN Type A Cell,206,76,136,197,282,333,-51,85,615
1262,1262,PN Type A Cell,181,94,157,203,275,360,-85,72,635
1263,1263,PN Type A Cell,207,80,146,186,287,332,-45,101,619
1264,1264,PN Type A Cell,221,76,140,193,297,333,-36,104,630
1265,1265,PN Type A Cell,199,82,172,200,281,372,-91,81,653
1266,1266,PN Type A Cell,198,93,137,193,291,330,-39,98,621
1267,1267,PN Type A Cell,202,64,164,186,266,350,-84,80,616
1268,1268,PN Type A Cell,205,83,162,192,288,354,-66,96,642
1269,1269,PN Type A Cell,181,92,155,200,273,355,-82,73,628
1270,1270,PN Type A Cell,201,88,153,188,289,341,-52,101,630
1271,1271,PN Type A Cell,197,86,175,183,283,358,-75,100,641
1272,1272,PN Type A Cell,190,82,164,197,272,361,-89,75,633
1273,1273,PN Type A Cell,201,93,161,190,294,351,-57,104,645
1274,1274,PN Type A Cell,204,91,154,172,295,326,-31,123,621
1275,1275,PN Type A Cell,209,71,157,191,280,348,-68,89,628
1276,1276,PN Type A Cell,221,82,139,183,303,322,-19,120,625
1277,1277,PN Type A Cell,191,76,154,203,267,357,-90,64,624
1278,1278,PN Type A Cell,210,78,157,188,288,345,-57,100,633
1279,1279,PN Type A Cell,210,97,146,189,307,335,-28,118,642
1280,1280,PN Type A Cell,173,70,146,228,243,374,-131,15,617
1281,1281,PN Type A Cell,206,74,147,186,280,333,-53,94,613
1282,1282,PN Type A Cell,194,78,156,208,272,364,-92,64,636
1283,1283,PN Type A Cell,200,85,174,202,285,376,-91,83,661
1284,1284,PN Type A Cell,203,95,141,187,298,328,-30,111,626
1285,1285,PN Type A Cell,222,79,150,201,301,351,-50,100,652
1286,1286,PN Type A Cell,222,96,150,209,318,359,-41,109,677
1287,1287,PN Type A Cell,234,92,168,190,326,358,-32,136,684
1288,1288,PN Type A Cell,191,71,147,201,262,348,-86,61,610
1289,1289,PN Type A Cell,192,78,137,194,270,331,-61,76,601
1290,1290,PN Type A Cell,204,103,135,194,307,329,-22,113,636
1291,1291,PN Type A Cell,232,82,153,201,314,354,-40,113,668
1292,1292,PN Type A Cell,198,78,156,192,276,348,-72,84,624
1293,1293,PN Type A Cell,206,78,141,189,284,330,-46,95,614
1294,1294,PN Type A Cell,205,92,160,205,297,365,-68,92,662
1295,1295,PN Type A Cell,188,86,154,204,274,358,-84,70,632
1296,1296,PN Type A Cell,226,82,147,180,308,327,-19,128,635
1297,1297,PN Type A Cell,233,82,136,205,315,341,-26,110,656
1298,1298,PN Type A Cell,203,88,164,188,291,352,-61,103,643
1299,1299,PN Type A Cell,208,84,144,191,292,335,-43,101,627
1300,1300,PN Type A Cell,173,97,166,190,270,356,-86,80,626
1301,1301,PN Type A Cell,215,81,157,213,296,370,-74,83,666
1302,1302,PN Type A Cell,214,74,149,183,288,332,-44,105,620
1303,1303,PN Type A Cell,221,86,159,191,307,350,-43,116,657
1304,1304,PN Type A Cell,190,68,161,190,258,351,-93,68,609
1305,1305,PN Type A Cell,218,90,154,184,308,338,-30,124,646
1306,1306,PN Type A Cell,225,85,161,184,310,345,-35,126,655
1307,1307,PN Type A Cell,209,81,144,191,290,335,-45,99,625
1308,1308,PN Type A Cell,202,87,146,203,289,349,-60,86,638
1309,1309,PN Type A Cell,201,77,147,206,278,353,-75,72,631
1310,1310,PN Type A Cell,179,87,157,194,266,351,-85,72,617
1311,1311,PN Type A Cell,239,85,152,206,324,358,-34,118,682
1312,1312,PN Type A Cell,197,87,157,189,284,346,-62,95,630
1313,1313,PN Type A Cell,208,92,159,205,300,364,-64,95,664
1314,1314,PN Type A Cell,231,89,144,190,320,334,-14,130,654
1315,1315,PN Type A Cell,166,97,159,190,263,349,-86,73,612
1316,1316,PN Type A Cell,194,85,165,178,279,343,-64,101,622
1317,1317,PN Type A Cell,201,65,150,179,266,329,-63,87,595
1318,1318,PN Type A Cell,201,80,156,196,281,352,-71,85,633
1319,1319,PN Type A Cell,225,94,139,187,319,326,-7,132,645
1320,1320,PN Type A Cell,198,89,151,205,287,356,-69,82,643
1321,1321,PN Type A Cell,192,81,153,201,273,354,-81,72,627
1322,1322,PN Type A Cell,199,100,142,209,299,351,-52,90,650
1323,1323,PN Type A Cell,187,81,152,199,268,351,-83,69,619
1324,1324,PN Type A Cell,206,69,144,198,275,342,-67,77,617
1325,1325,PN Type A Cell,201,72,154,206,273,360,-87,67,633
1326,1326,PN Type A Cell,195,73,163,193,268,356,-88,75,624
1327,1327,PN Type A Cell,183,71,173,209,254,382,-128,45,636
1328,1328,PN Type A Cell,198,85,149,193,283,342,-59,90,625
1329,1329,PN Type A Cell,187,80,151,193,267,344,-77,74,611
1330,1330,PN Type A Cell,219,74,136,186,293,322,-29,107,615
1331,1331,PN Type A Cell,212,80,169,194,292,363,-71,98,655
1332,1332,PN Type A Cell,233,99,154,207,332,361,-29,125,693
1333,1333,PN Type A Cell,213,91,153,189,304,342,-38,115,646
1334,1334,PN Type A Cell,205,82,144,184,287,328,-41,103,615
1335,1335,PN Type A Cell,194,85,148,207,279,355,-76,72,634
1336,1336,PN Type A Cell,207,91,141,202,298,343,-45,96,641
1337,1337,PN Type A Cell,206,70,150,211,276,361,-85,65,637
1338,1338,PN Type A Cell,206,74,149,207,280,356,-76,73,636
1339,1339,PN Type A Cell,207,94,152,199,301,351,-50,102,652
1340,1340,PN Type A Cell,222,73,158,194,295,352,-57,101,647
1341,1341,PN Type A Cell,194,84,148,186,278,334,-56,92,612
1342,1342,PN Type A Cell,205,69,145,188,274,333,-59,86,607
1343,1343,PN Type A Cell,207,91,149,198,298,347,-49,100,645
1344,1344,PN Type A Cell,188,73,143,191,261,334,-73,70,595
1345,1345,PN Type A Cell,198,78,144,200,276,344,-68,76,620
1346,1346,PN Type A Cell,200,88,133,204,288,337,-49,84,625
1347,1347,PN Type A Cell,218,76,158,184,294,342,-48,110,636
1348,1348,PN Type A Cell,215,79,125,206,294,331,-37,88,625
1349,1349,PN Type A Cell,192,98,158,194,290,352,-62,96,642
1350,1350,PN Type A Cell,203,82,145,188,285,333,-48,97,618
1351,1351,PN Type A Cell,221,84,159,193,305,352,-47,112,657
1352,1352,PN Type A Cell,189,84,150,200,273,350,-77,73,623
1353,1353,PN Type A Cell,191,76,162,207,267,369,-102,60,636
1354,1354,PN Type A Cell,206,80,140,205,286,345,-59,81,631
1355,1355,PN Type A Cell,226,92,146,193,318,339,-21,125,657
1356,1356,PN Type A Cell,210,99,147,223,309,370,-61,86,679
1357,1357,PN Type A Cell,216,97,156,188,313,344,-31,125,657
1358,1358,PN Type A Cell,215,70,158,197,285,355,-70,88,640
1359,1359,PN Type A Cell,231,90,152,192,321,344,-23,129,665
1360,1360,PN Type A Cell,200,77,170,187,277,357,-80,90,634
1361,1361,PN Type A Cell,200,86,132,205,286,337,-51,81,623
1362,1362,PN Type A Cell,186,84,137,199,270,336,-66,71,606
1363,1363,PN Type A Cell,221,78,149,197,299,346,-47,102,645
1364,1364,PN Type A Cell,184,81,144,210,265,354,-89,55,619
1365,1365,PN Type A Cell,208,88,147,215,296,362,-66,81,658
1366,1366,PN Type A Cell,214,97,146,189,311,335,-24,122,646
1367,1367,PN Type A Cell,216,69,139,200,285,339,-54,85,624
1368,1368,PN Type A Cell,226,74,140,190,300,330,-30,110,630
1369,1369,PN Type A Cell,178,101,149,185,279,334,-55,94,613
1370,1370,PN Type A Cell,204,89,144,198,293,342,-49,95,635
1371,1371,PN Type A Cell,226,83,148,200,309,348,-39,109,657
1372,1372,PN Type A Cell,203,69,174,183,272,357,-85,89,629
1373,1373,PN Type A Cell,212,77,151,183,289,334,-45,106,623
1374,1374,PN Type A Cell,212,86,140,195,298,335,-37,103,633
1375,1375,PN Type A Cell,206,82,147,195,288,342,-54,93,630
1376,1376,PN Type A Cell,207,73,153,225,280,378,-98,55,658
1377,1377,PN Type A Cell,198,93,141,179,291,320,-29,112,611
1378,1378,PN Type A Cell,224,82,153,196,306,349,-43,110,655
1379,1379,PN Type A Cell,215,83,143,201,298,344,-46,97,642
1380,1380,PN Type A Cell,188,92,148,205,280,353,-73,75,633
1381,1381,PN Type A Cell,209,73,152,204,282,356,-74,78,638
1382,1382,PN Type A Cell,197,86,156,189,283,345,-62,94,628
1383,1383,PN Type A Cell,212,90,144,196,302,340,-38,106,642
1384,1384,PN Type A Cell,211,83,155,184,294,339,-45,110,633
1385,1385,PN Type A Cell,230,93,139,202,323,341,-18,121,664
1386,1386,PN Type A Cell,178,71,158,199,249,357,-108,50,606
1387,1387,PN Type A Cell,195,88,166,208,283,374,-91,75,657
1388,1388,PN Type A Cell,225,92,124,203,317,327,-10,114,644
1389,1389,PN Type A Cell,202,79,143,196,281,339,-58,85,620
1390,1390,PN Type A Cell,217,77,161,205,294,366,-72,89,660
1391,1391,PN Type A Cell,198,65,142,181,263,323,-60,82,586
1392,1392,PN Type A Cell,200,75,155,206,275,361,-86,69,636
1393,1393,PN Type A Cell,222,87,155,188,309,343,-34,121,652
1394,1394,PN Type A Cell,193,83,133,205,276,338,-62,71,614
1395,1395,PN Type A Cell,209,93,147,182,302,329,-27,120,631
1396,1396,PN Type A Cell,216,81,171,195,297,366,-69,102,663
1397,1397,PN Type A Cell,202,80,146,181,282,327,-45,101,609
1398,1398,PN Type A Cell,208,92,139,197,300,336,-36,103,636
1399,1399,PN Type A Cell,210,85,145,200,295,345,-50,95,640
1400,1400,PN Type A Cell,220,78,154,178,298,332,-34,120,630
1401,1401,PN Type A Cell,214,79,149,191,293,340,-47,102,633
1402,1402,PN Type A Cell,212,83,156,183,295,339,-44,112,634
1403,1403,PN Type A Cell,223,96,146,192,319,338,-19,127,657
1404,1404,PN Type A Cell,215,82,147,193,297,340,-43,104,637
1405,1405,PN Type A Cell,233,88,142,189,321,331,-10,132,652
1406,1406,PN Type A Cell,227,75,157,184,302,341,-39,118,643
1407,1407,PN Type A Cell,230,85,131,201,315,332,-17,114,647
1408,1408,PN Type A Cell,209,84,143,197,293,340,-47,96,633
1409,1409,PN Type A Cell,216,82,143,204,298,347,-49,94,645
1410,1410,PN Type A Cell,187,91,138,209,278,347,-69,69,625
1411,1411,PN Type A Cell,229,82,150,209,311,359,-48,102,670
1412,1412,PN Type A Cell,199,80,161,205,279,366,-87,74,645
1413,1413,PN Type A Cell,189,79,147,200,268,347,-79,68,615
1414,1414,PN Type A Cell,213,91,143,197,304,340,-36,107,644
1415,1415,PN Type A Cell,230,97,154,209,327,363,-36,118,690
1416,1416,PN Type A Cell,206,79,168,185,285,353,-68,100,638
1417,1417,PN Type A Cell,199,100,143,192,299,335,-36,107,634
1418,1418,PN Type A Cell,214,81,127,205,295,332,-37,90,627
1419,1419,PN Type A Cell,196,93,144,184,289,328,-39,105,617
1420,1420,PN Type A Cell,195,86,160,194,281,354,-73,87,635
1421,1421,PN Type A Cell,191,88,161,205,279,366,-87,74,645
1422,1422,PN Type A Cell,224,76,153,200,300,353,-53,100,653
1423,1423,PN Type A Cell,221,85,145,185,306,330,-24,121,636
1424,1424,PN Type A Cell,191,69,150,196,260,346,-86,64,606
1425,1425,PN Type A Cell,196,72,149,210,268,359,-91,58,627
1426,1426,PN Type A Cell,221,93,150,205,314,355,-41,109,669
1427,1427,PN Type A Cell,205,66,157,166,271,323,-52,105,594
1428,1428,PN Type A Cell,225,79,144,201,304,345,-41,103,649
1429,1429,PN Type A Cell,201,72,124,184,273,308,-35,89,581
1430,1430,PN Type A Cell,195,81,146,190,276,336,-60,86,612
1431,1431,PN Type A Cell,207,96,156,190,303,346,-43,113,649
1432,1432,PN Type A Cell,209,78,156,189,287,345,-58,98,632
1433,1433,PN Type A Cell,215,90,146,190,305,336,-31,115,641
1434,1434,PN Type A Cell,184,80,140,185,264,325,-61,79,589
1435,1435,PN Type A Cell,209,90,143,188,299,331,-32,111,630
1436,1436,PN Type A Cell,181,85,152,185,266,337,-71,81,603
1437,1437,PN Type A Cell,192,98,157,180,290,337,-47,110,627
1438,1438,PN Type A Cell,171,75,146,196,246,342,-96,50,588
1439,1439,PN Type A Cell,200,93,151,185,293,336,-43,108,629
1440,1440,PN Type A Cell,188,77,143,205,265,348,-83,60,613
1441,1441,PN Type A Cell,197,83,156,197,280,353,-73,83,633
1442,1442,PN Type A Cell,219,78,142,194,297,336,-39,103,633
1443,1443,PN Type A Cell,193,83,151,197,276,348,-72,79,624
1444,1444,PN Type A Cell,214,90,163,182,304,345,-41,122,649
1445,1445,PN Type A Cell,216,88,163,185,304,348,-44,119,652
1446,1446,PN Type A Cell,208,67,156,200,275,356,-81,75,631
1447,1447,PN Type A Cell,219,82,159,202,301,361,-60,99,662
1448,1448,PN Type A Cell,229,77,162,192,306,354,-48,114,660
1449,1449,PN Type A Cell,190,88,173,205,278,378,-100,73,656
1450,1450,PN Type A Cell,249,78,159,191,327,350,-23,136,677
1451,1451,PN Type A Cell,193,80,158,192,273,350,-77,81,623
1452,1452,PN Type A Cell,199,80,155,196,279,351,-72,83,630
1453,1453,PN Type A Cell,215,93,151,200,308,351,-43,108,659
1454,1454,PN Type A Cell,214,96,155,193,310,348,-38,117,658
1455,1455,PN Type A Cell,192,88,143,193,280,336,-56,87,616
1456,1456,PN Type A Cell,185,71,144,191,256,335,-79,65,591
1457,1457,PN Type A Cell,197,74,162,204,271,366,-95,67,637
1458,1458,PN Type A Cell,203,78,156,193,281,349,-68,88,630
1459,1459,PN Type A Cell,214,100,127,196,314,323,-9,118,637
1460,1460,PN Type A Cell,207,93,158,198,300,356,-56,102,656
1461,1461,PN Type A Cell,189,82,155,197,271,352,-81,74,623
1462,1462,PN Type A Cell,209,69,155,197,278,352,-74,81,630
1463,1463,PN Type A Cell,194,75,144,200,269,344,-75,69,613
1464,1464,PN Type A Cell,167,69,146,190,236,336,-100,46,572
1465,1465,PN Type A Cell,189,69,156,198,258,354,-96,60,612
1466,1466,PN Type A Cell,210,92,152,192,302,344,-42,110,646
1467,1467,PN Type A Cell,205,86,170,194,291,364,-73,97,655
1468,1468,PN Type A Cell,201,97,139,200,298,339,-41,98,637
1469,1469,PN Type A Cell,202,82,142,180,284,322,-38,104,606
1470,1470,PN Type A Cell,211,78,139,208,289,347,-58,81,636
1471,1471,PN Type A Cell,194,73,156,211,267,367,-100,56,634
1472,1472,PN Type A Cell,204,98,163,199,302,362,-60,103,664
1473,1473,PN Type A Cell,193,84,154,216,277,370,-93,61,647
1474,1474,PN Type A Cell,217,89,140,201,306,341,-35,105,647
1475,1475,PN Type A Cell,185,80,143,199,265,342,-77,66,607
1476,1476,PN Type A Cell,193,76,166,184,269,350,-81,85,619
1477,1477,PN Type A Cell,225,96,144,177,321,321,0,144,642
1478,1478,PN Type A Cell,203,88,151,187,291,338,-47,104,629
1479,1479,PN Type A Cell,196,93,161,207,289,368,-79,82,657
1480,1480,PN Type A Cell,207,86,139,201,293,340,-47,92,633
1481,1481,PN Type A Cell,202,92,142,188,294,330,-36,106,624
1482,1482,PN Type A Cell,192,88,160,189,280,349,-69,91,629
1483,1483,PN Type A Cell,191,88,154,203,279,357,-78,76,636
1484,1484,PN Type A Cell,233,78,146,191,311,337,-26,120,648
1485,1485,PN Type A Cell,190,91,159,193,281,352,-71,88,633
1486,1486,PN Type A Cell,216,88,170,180,304,350,-46,124,654
1487,1487,PN Type A Cell,214,90,149,200,304,349,-45,104,653
1488,1488,PN Type A Cell,220,86,161,201,306,362,-56,105,668
1489,1489,PN Type A Cell,204,81,155,196,285,351,-66,89,636
1490,1490,PN Type A Cell,206,89,148,197,295,345,-50,98,640
1491,1491,PN Type A Cell,215,106,137,185,321,322,-1,136,643
1492,1492,PN Type A Cell,201,69,158,201,270,359,-89,69,629
1493,1493,PN Type A Cell,200,99,149,213,299,362,-63,86,661
1494,1494,PN Type A Cell,209,92,139,195,301,334,-33,106,635
1495,1495,PN Type A Cell,185,98,145,192,283,337,-54,91,620
1496,1496,PN Type A Cell,202,60,143,195,262,338,-76,67,600
1497,1497,PN Type A Cell,238,80,160,174,318,334,-16,144,652
1498,1498,PN Type A Cell,186,86,156,192,272,348,-76,80,620
1499,1499,PN Type A Cell,188,85,145,208,273,353,-80,65,626
1500,1500,PN Type A Cell,210,88,134,203,298,337,-39,95,635
1501,1501,PN Type A Cell,198,87,166,198,285,364,-79,87,649
1502,1502,PN Type A Cell,196,76,133,192,272,325,-53,80,597
1503,1503,PN Type A Cell,205,70,147,183,275,330,-55,92,605
1504,1504,PN Type A Cell,201,78,135,186,279,321,-42,93,600
1505,1505,PN Type A Cell,185,89,160,170,274,330,-56,104,604
1506,1506,PN Type A Cell,225,89,159,203,314,362,-48,111,676
1507,1507,PN Type A Cell,176,68,158,191,244,349,-105,53,593
1508,1508,PN Type A Cell,201,70,150,192,271,342,-71,79,613
1509,1509,PN Type A Cell,199,78,137,188,277,325,-48,89,602
1510,1510,PN Type A Cell,226,85,146,181,311,327,-16,130,638
1511,1511,PN Type A Cell,208,85,139,191,293,330,-37,102,623
1512,1512,PN Type A Cell,227,75,141,199,302,340,-38,103,642
1513,1513,PN Type A Cell,224,63,153,188,287,341,-54,99,628
1514,1514,PN Type A Cell,216,93,174,181,309,355,-46,128,664
1515,1515,PN Type A Cell,198,77,164,179,275,343,-68,96,618
1516,1516,PN Type A Cell,204,74,148,198,278,346,-68,80,624
1517,1517,PN Type A Cell,197,98,144,204,295,348,-53,91,643
1518,1518,PN Type A Cell,208,85,149,197,293,346,-53,96,639
1519,1519,PN Type A Cell,202,85,141,199,287,340,-53,88,627
1520,1520,PN Type A Cell,214,103,148,188,317,336,-19,129,653
1521,1521,PN Type A Cell,186,86,137,203,272,340,-68,69,612
1522,1522,PN Type A Cell,181,80,160,187,261,347,-86,74,608
1523,1523,PN Type A Cell,208,90,162,194,298,356,-58,104,654
1524,1524,PN Type A Cell,213,76,148,185,289,333,-44,104,622
1525,1525,PN Type A Cell,196,87,143,204,283,347,-64,79,630
1526,1526,PN Type A Cell,187,69,149,205,256,354,-98,51,610
1527,1527,PN Type A Cell,206,90,153,196,296,349,-53,100,645
1528,1528,PN Type A Cell,203,80,148,190,283,338,-55,93,621
1529,1529,PN Type A Cell,197,94,157,194,291,351,-60,97,642
1530,1530,PN Type A Cell,223,79,147,186,302,333,-31,116,635
1531,1531,PN Type A Cell,201,85,153,190,286,343,-57,96,629
1532,1532,PN Type A Cell,195,90,151,191,285,342,-57,94,627
1533,1533,PN Type A Cell,206,74,143,219,280,362,-82,61,642
1534,1534,PN Type A Cell,219,85,150,186,304,336,-32,118,640
1535,1535,PN Type A Cell,206,77,143,193,283,336,-53,90,619
1536,1536,PN Type A Cell,185,75,139,190,260,329,-69,70,589
1537,1537,PN Type A Cell,191,70,155,199,261,354,-93,62,615
1538,1538,PN Type A Cell,208,76,148,190,284,338,-54,94,622
1539,1539,PN Type A Cell,216,88,143,197,304,340,-36,107,644
1540,1540,PN Type A Cell,195,79,151,190,274,341,-67,84,615
1541,1541,PN Type A Cell,187,91,140,193,278,333,-55,85,611
1542,1542,PN Type A Cell,204,89,170,179,293,349,-56,114,642
1543,1543,PN Type A Cell,182,66,149,178,248,327,-79,70,575
1544,1544,PN Type A Cell,200,79,160,201,279,361,-82,78,640
1545,1545,PN Type A Cell,191,79,151,197,270,348,-78,73,618
1546,1546,PN Type A Cell,206,101,139,205,307,344,-37,102,651
1547,1547,PN Type A Cell,211,88,141,196,299,337,-38,103,636
1548,1548,PN Type A Cell,193,81,144,205,274,349,-75,69,623
1549,1549,PN Type A Cell,204,86,145,172,290,317,-27,118,607
1550,1550,PN Type A Cell,230,86,160,193,316,353,-37,123,669
1551,1551,PN Type A Cell,227,72,139,224,299,363,-64,75,662
1552,1552,PN Type A Cell,196,96,146,190,292,336,-44,102,628
1553,1553,PN Type A Cell,215,90,149,210,305,359,-54,95,664
1554,1554,PN Type A Cell,179,81,158,184,260,342,-82,76,602
1555,1555,PN Type A Cell,180,68,170,181,248,351,-103,67,599
1556,1556,PN Type A Cell,200,86,155,210,286,365,-79,76,651
1557,1557,PN Type A Cell,221,90,157,193,311,350,-39,118,661
1558,1558,PN Type A Cell,193,66,136,216,259,352,-93,43,611
1559,1559,PN Type A Cell,210,77,149,177,287,326,-39,110,613
1560,1560,PN Type A Cell,192,75,140,188,267,328,-61,79,595
1561,1561,PN Type A Cell,189,71,139,205,260,344,-84,55,604
1562,1562,PN Type A Cell,206,64,161,187,270,348,-78,83,618
1563,1563,PN Type A Cell,202,91,136,190,293,326,-33,103,619
1564,1564,PN Type A Cell,209,81,143,195,290,338,-48,95,628
1565,1565,PN Type A Cell,195,86,150,189,281,339,-58,92,620
1566,1566,PN Type A Cell,222,81,132,190,303,322,-19,113,625
1567,1567,PN Type A Cell,196,79,152,196,275,348,-73,79,623
1568,1568,PN Type A Cell,196,87,148,180,283,328,-45,103,611
1569,1569,PN Type A Cell,222,76,144,194,298,338,-40,104,636
1570,1570,PN Type A Cell,206,76,159,213,282,372,-90,69,654
1571,1571,PN Type A Cell,221,99,140,206,320,346,-26,114,666
1572,1572,PN Type A Cell,195,79,161,193,274,354,-80,81,628
1573,1573,PN Type A Cell,191,81,153,199,272,352,-80,73,624
1574,1574,PN Type A Cell,206,82,164,195,288,359,-71,93,647
1575,1575,PN Type A Cell,214,78,135,181,292,316,-24,111,608
1576,1576,PN Type A Cell,208,74,146,192,282,338,-56,90,620
1577,1577,PN Type A Cell,224,84,144,191,308,335,-27,117,643
1578,1578,PN Type A Cell,212,80,137,169,292,306,-14,123,598
1579,1579,PN Type A Cell,185,83,123,202,268,325,-57,66,593
1580,1580,PN Type A Cell,202,83,145,195,285,340,-55,90,625
1581,1581,PN Type A Cell,214,76,136,210,290,346,-56,80,636
1582,1582,PN Type A Cell,208,96,153,195,304,348,-44,109,652
1583,1583,PN Type A Cell,215,95,150,186,310,336,-26,124,646
1584,1584,PN Type A Cell,190,89,132,195,279,327,-48,84,606
1585,1585,PN Type A Cell,202,72,147,200,274,347,-73,74,621
1586,1586,PN Type A Cell,170,87,146,191,257,337,-80,66,594
1587,1587,PN Type A Cell,193,80,150,198,273,348,-75,75,621
1588,1588,PN Type A Cell,186,84,168,218,270,386,-116,52,656
1589,1589,PN Type A Cell,192,65,152,186,257,338,-81,71,595
1590,1590,PN Type A Cell,202,76,143,207,278,350,-72,71,628
1591,1591,PN Type A Cell,203,66,166,208,269,374,-105,61,643
1592,1592,PN Type A Cell,206,90,137,189,296,326,-30,107,622
1593,1593,PN Type A Cell,220,82,148,191,302,339,-37,111,641
1594,1594,PN Type A Cell,198,90,145,192,288,337,-49,96,625
1595,1595,PN Type A Cell,202,75,156,182,277,338,-61,95,615
1596,1596,PN Type A Cell,219,82,153,183,301,336,-35,118,637
1597,1597,PN Type A Cell,223,90,151,180,313,331,-18,133,644
1598,1598,PN Type A Cell,219,74,154,189,293,343,-50,104,636
1599,1599,PN Type A Cell,230,81,138,176,311,314,-3,135,625
1600,1600,PN Type A Cell,182,78,138,207,260,345,-85,53,605
1601,1601,PN Type A Cell,196,75,145,191,271,336,-65,80,607
1602,1602,PN Type A Cell,186,86,154,192,272,346,-74,80,618
1603,1603,PN Type A Cell,220,82,131,194,302,325,-23,108,627
1604,1604,PN Type A Cell,185,85,157,205,270,362,-92,65,632
1605,1605,PN Type A Cell,205,89,162,199,294,361,-67,95,655
1606,1606,PN Type A Cell,186,78,141,179,264,320,-56,85,584
1607,1607,PN Type A Cell,201,86,168,184,287,352,-65,103,639
1608,1608,PN Type A Cell,206,97,145,204,303,349,-46,99,652
1609,1609,PN Type A Cell,177,77,128,198,254,326,-72,56,580
1610,1610,PN Type A Cell,175,85,138,198,260,336,-76,62,596
1611,1611,PN Type A Cell,206,75,153,193,281,346,-65,88,627
1612,1612,PN Type A Cell,213,89,149,178,302,327,-25,124,629
1613,1613,PN Type A Cell,196,74,146,190,270,336,-66,80,606
1614,1614,PN Type A Cell,199,70,136,205,269,341,-72,64,610
1615,1615,PN Type A Cell,220,94,133,206,314,339,-25,108,653
1616,1616,PN Type A Cell,222,94,141,191,316,332,-16,125,648
1617,1617,PN Type A Cell,229,78,137,182,307,319,-12,125,626
1618,1618,PN Type A Cell,210,92,134,197,302,331,-29,105,633
1619,1619,PN Type A Cell,210,75,153,199,285,352,-67,86,637
1620,1620,PN Type A Cell,221,78,149,187,299,336,-37,112,635
1621,1621,PN Type A Cell,236,88,144,199,324,343,-19,125,667
1622,1622,PN Type A Cell,194,91,162,208,285,370,-85,77,655
1623,1623,PN Type A Cell,209,75,157,192,284,349,-65,92,633
1624,1624,PN Type A Cell,214,83,147,193,297,340,-43,104,637
1625,1625,PN Type A Cell,225,97,135,193,322,328,-6,129,650
1626,1626,PN Type A Cell,195,93,139,188,288,327,-39,100,615
1627,1627,PN Type A Cell,196,82,133,201,278,334,-56,77,612
1628,1628,PN Type A Cell,208,77,140,191,285,331,-46,94,616
1629,1629,PN Type A Cell,179,91,146,188,270,334,-64,82,604
1630,1630,PN Type A Cell,238,92,155,207,330,362,-32,123,692
1631,1631,PN Type A Cell,201,74,139,196,275,335,-60,79,610
1632,1632,PN Type A Cell,194,94,143,198,288,341,-53,90,629
1633,1633,PN Type A Cell,212,80,136,182,292,318,-26,110,610
1634,1634,PN Type A Cell,199,84,148,191,283,339,-56,92,622
1635,1635,PN Type A Cell,192,88,167,200,280,367,-87,80,647
1636,1636,PN Type A Cell,207,96,154,178,303,332,-29,125,635
1637,1637,PN Type A Cell,213,78,163,204,291,367,-76,87,658
1638,1638,PN Type A Cell,232,77,142,170,309,312,-3,139,621
1639,1639,PN Type A Cell,219,93,160,187,312,347,-35,125,659
1640,1640,PN Type A Cell,223,82,162,189,305,351,-46,116,656
1641,1641,PN Type A Cell,205,84,149,196,289,345,-56,93,634
1642,1642,PN Type A Cell,208,83,157,182,291,339,-48,109,630
1643,1643,PN Type A Cell,189,68,159,206,257,365,-108,51,622
1644,1644,PN Type A Cell,207,90,150,199,297,349,-52,98,646
1645,1645,PN Type A Cell,217,78,153,188,295,341,-46,107,636
1646,1646,PN Type A Cell,214,72,146,191,286,337,-51,95,623
1647,1647,PN Type A Cell,208,84,155,192,292,347,-55,100,639
1648,1648,PN Type A Cell,205,92,158,197,297,355,-58,100,652
1649,1649,PN Type A Cell,208,100,147,202,308,349,-41,106,657
1650,1650,PN Type A Cell,223,86,150,206,309,356,-47,103,665
1651,1651,PN Type A Cell,185,85,142,215,270,357,-87,55,627
1652,1652,PN Type A Cell,193,100,145,205,293,350,-57,88,643
1653,1653,PN Type A Cell,191,66,155,193,257,348,-91,64,605
1654,1654,PN Type A Cell,212,75,160,192,287,352,-65,95,639
1655,1655,PN Type A Cell,185,85,145,199,270,344,-74,71,614
1656,1656,PN Type A Cell,180,82,149,196,262,345,-83,66,607
1657,1657,PN Type A Cell,199,73,150,196,272,346,-74,76,618
1658,1658,PN Type A Cell,210,90,158,207,300,365,-65,93,665
1659,1659,PN Type A Cell,210,83,142,185,293,327,-34,108,620
1660,1660,PN Type A Cell,208,72,165,187,280,352,-72,93,632
1661,1661,PN Type A Cell,209,93,145,208,302,353,-51,94,655
1662,1662,PN Type A Cell,199,101,152,194,300,346,-46,106,646
1663,1663,PN Type A Cell,188,90,144,194,278,338,-60,84,616
1664,1664,PN Type A Cell,216,85,138,193,301,331,-30,108,632
1665,1665,PN Type A Cell,205,102,153,183,307,336,-29,124,643
1666,1666,PN Type A Cell,188,77,143,206,265,349,-84,59,614
1667,1667,PN Type A Cell,241,75,159,192,316,351,-35,124,667
1668,1668,PN Type A Cell,192,76,152,210,268,362,-94,58,630
1669,1669,PN Type A Cell,188,86,172,185,274,357,-83,89,631
1670,1670,PN Type A Cell,202,87,148,211,289,359,-70,78,648
1671,1671,PN Type A Cell,187,88,158,195,275,353,-78,80,628
1672,1672,PN Type A Cell,207,76,142,199,283,341,-58,84,624
1673,1673,PN Type A Cell,191,104,143,216,295,359,-64,79,654
1674,1674,PN Type A Cell,190,89,139,171,279,310,-31,108,589
1675,1675,PN Type A Cell,227,92,147,189,319,336,-17,130,655
1676,1676,PN Type A Cell,208,93,167,195,301,362,-61,106,663
1677,1677,PN Type A Cell,189,94,151,200,283,351,-68,83,634
1678,1678,PN Type A Cell,208,85,148,198,293,346,-53,95,639
1679,1679,PN Type A Cell,204,85,154,184,289,338,-49,105,627
1680,1680,PN Type A Cell,190,79,159,187,269,346,-77,82,615
1681,1681,PN Type A Cell,206,85,140,194,291,334,-43,97,625
1682,1682,PN Type A Cell,191,93,140,204,284,344,-60,80,628
1683,1683,PN Type A Cell,206,88,163,198,294,361,-67,96,655
1684,1684,PN Type A Cell,209,82,134,203,291,337,-46,88,628
1685,1685,PN Type A Cell,203,85,152,186,288,338,-50,102,626
1686,1686,PN Type A Cell,219,78,150,192,297,342,-45,105,639
1687,1687,PN Type A Cell,202,87,148,187,289,335,-46,102,624
1688,1688,PN Type A Cell,199,90,152,197,289,349,-60,92,638
1689,1689,PN Type A Cell,183,90,155,180,273,335,-62,93,608
1690,1690,PN Type A Cell,192,83,130,196,275,326,-51,79,601
1691,1691,PN Type A Cell,195,61,159,198,256,357,-101,58,613
1692,1692,PN Type A Cell,176,99,157,205,275,362,-87,70,637
1693,1693,PN Type A Cell,190,81,154,190,271,344,-73,81,615
1694,1694,PN Type A Cell,206,75,149,172,281,321,-40,109,602
1695,1695,PN Type A Cell,221,70,147,213,291,360,-69,78,651
1696,1696,PN Type A Cell,189,74,158,186,263,344,-81,77,607
1697,1697,PN Type A Cell,195,76,162,183,271,345,-74,88,616
1698,1698,PN Type A Cell,213,97,154,185,310,339,-29,125,649
1699,1699,PN Type A Cell,180,79,153,194,259,347,-88,65,606
1700,1700,PN Type A Cell,197,71,143,195,268,338,-70,73,606
1701,1701,PN Type A Cell,222,95,135,193,317,328,-11,124,645
1702,1702,PN Type A Cell,234,90,167,204,324,371,-47,120,695
1703,1703,PN Type A Cell,208,85,146,206,293,352,-59,87,645
1704,1704,PN Type A Cell,219,75,149,187,294,336,-42,107,630
1705,1705,PN Type A Cell,231,79,158,213,310,371,-61,97,681
1706,1706,PN Type A Cell,185,83,147,194,268,341,-73,74,609
1707,1707,PN Type A Cell,204,93,127,194,297,321,-24,103,618
1708,1708,PN Type A Cell,196,97,151,201,293,352,-59,92,645
1709,1709,PN Type A Cell,212,79,143,197,291,340,-49,94,631
1710,1710,PN Type A Cell,183,95,153,191,278,344,-66,87,622
1711,1711,PN Type A Cell,209,86,151,189,295,340,-45,106,635
1712,1712,PN Type A Cell,230,80,149,188,310,337,-27,122,647
1713,1713,PN Type A Cell,198,78,149,189,276,338,-62,87,614
1714,1714,PN Type A Cell,210,95,139,180,305,319,-14,125,624
1715,1715,PN Type A Cell,214,91,148,197,305,345,-40,108,650
1716,1716,PN Type A Cell,196,77,143,190,273,333,-60,83,606
1717,1717,PN Type A Cell,203,74,147,197,277,344,-67,80,621
1718,1718,PN Type A Cell,212,73,153,184,285,337,-52,101,622
1719,1719,PN Type A Cell,196,89,155,187,285,342,-57,98,627
1720,1720,PN Type A Cell,222,69,125,189,291,314,-23,102,605
1721,1721,PN Type A Cell,190,99,143,196,289,339,-50,93,628
1722,1722,PN Type A Cell,206,79,150,201,285,351,-66,84,636
1723,1723,PN Type A Cell,209,95,168,192,304,360,-56,112,664
1724,1724,PN Type A Cell,207,73,127,195,280,322,-42,85,602
1725,1725,PN Type A Cell,200,71,174,198,271,372,-101,73,643
1726,1726,PN Type A Cell,194,93,167,199,287,366,-79,88,653
1727,1727,PN Type A Cell,203,82,161,195,285,356,-71,90,641
1728,1728,PN Type A Cell,195,78,143,191,273,334,-61,82,607
1729,1729,PN Type A Cell,215,71,149,196,286,345,-59,90,631
1730,1730,PN Type A Cell,170,88,134,209,258,343,-85,49,601
1731,1731,PN Type A Cell,177,92,147,201,269,348,-79,68,617
1732,1732,PN Type A Cell,183,94,135,202,277,337,-60,75,614
1733,1733,PN Type A Cell,212,75,155,178,287,333,-46,109,620
1734,1734,PN Type A Cell,222,78,136,188,300,324,-24,112,624
1735,1735,PN Type A Cell,213,94,146,192,307,338,-31,115,645
1736,1736,PN Type A Cell,193,91,161,186,284,347,-63,98,631
1737,1737,PN Type A Cell,203,88,156,196,291,352,-61,95,643
1738,1738,PN Type A Cell,200,87,143,192,287,335,-48,95,622
1739,1739,PN Type A Cell,200,86,150,204,286,354,-68,82,640
1740,1740,PN Type A Cell,206,72,149,198,278,347,-69,80,625
1741,1741,PN Type A Cell,193,82,156,192,275,348,-73,83,623
1742,1742,PN Type A Cell,210,86,158,209,296,367,-71,87,663
1743,1743,PN Type A Cell,189,84,146,185,273,331,-58,88,604
1744,1744,PN Type A Cell,237,84,147,202,321,349,-28,119,670
1745,1745,PN Type A Cell,212,78,153,207,290,360,-70,83,650
1746,1746,PN Type A Cell,216,91,145,196,307,341,-34,111,648
1747,1747,PN Type A Cell,242,77,167,183,319,350,-31,136,669
1748,1748,PN Type A Cell,199,91,151,189,290,340,-50,101,630
1749,1749,PN Type A Cell,182,86,146,186,268,332,-64,82,600
1750,1750,PN Type A Cell,199,82,142,189,281,331,-50,92,612
1751,1751,PN Type A Cell,214,78,141,193,292,334,-42,99,626
1752,1752,PN Type A Cell,182,91,162,200,273,362,-89,73,635
1753,1753,PN Type A Cell,192,81,149,203,273,352,-79,70,625
1754,1754,PN Type A Cell,216,75,170,196,291,366,-75,95,657
1755,1755,PN Type A Cell,202,90,150,202,292,352,-60,90,644
1756,1756,PN Type A Cell,187,84,154,204,271,358,-87,67,629
1757,1757,PN Type A Cell,195,63,138,188,258,326,-68,70,584
1758,1758,PN Type A Cell,199,83,145,202,282,347,-65,80,629
1759,1759,PN Type A Cell,211,87,147,206,298,353,-55,92,651
1760,1760,PN Type A Cell,176,85,145,212,261,357,-96,49,618
1761,1761,PN Type A Cell,210,85,162,202,295,364,-69,93,659
1762,1762,PN Type A Cell,200,78,152,179,278,331,-53,99,609
1763,1763,PN Type A Cell,179,83,156,197,262,353,-91,65,615
1764,1764,PN Type A Cell,169,73,128,191,242,319,-77,51,561
1765,1765,PN Type A Cell,220,70,146,200,290,346,-56,90,636
1766,1766,PN Type A Cell,189,78,131,198,267,329,-62,69,596
1767,1767,PN Type A Cell,229,97,152,184,326,336,-10,142,662
1768,1768,PN Type A Cell,206,94,160,192,300,352,-52,108,652
1769,1769,PN Type A Cell,199,81,146,195,280,341,-61,85,621
1770,1770,PN Type A Cell,199,85,148,200,284,348,-64,84,632
1771,1771,PN Type A Cell,216,77,149,201,293,350,-57,92,643
1772,1772,PN Type A Cell,237,84,160,183,321,343,-22,138,664
1773,1773,PN Type A Cell,215,93,168,183,308,351,-43,125,659
1774,1774,PN Type A Cell,218,93,136,211,311,347,-36,100,658
1775,1775,PN Type A Cell,187,86,161,186,273,347,-74,87,620
1776,1776,PN Type A Cell,206,87,146,210,293,356,-63,83,649
1777,1777,PN Type A Cell,200,94,137,187,294,324,-30,107,618
1778,1778,PN Type A Cell,185,83,143,214,268,357,-89,54,625
1779,1779,PN Type A Cell,197,79,165,203,276,368,-92,73,644
1780,1780,PN Type A Cell,200,75,151,187,275,338,-63,88,613
1781,1781,PN Type A Cell,212,90,151,198,302,349,-47,104,651
1782,1782,PN Type A Cell,209,74,138,194,283,332,-49,89,615
1783,1783,PN Type A Cell,177,76,159,190,253,349,-96,63,602
1784,1784,PN Type A Cell,211,88,140,207,299,347,-48,92,646
1785,1785,PN Type A Cell,225,77,153,184,302,337,-35,118,639
1786,1786,PN Type A Cell,200,75,156,192,275,348,-73,83,623
1787,1787,PN Type A Cell,196,93,134,202,289,336,-47,87,625
1788,1788,PN Type A Cell,209,79,143,202,288,345,-57,86,633
1789,1789,PN Type A Cell,202,76,142,202,278,344,-66,76,622
1790,1790,PN Type A Cell,199,82,147,176,281,323,-42,105,604
1791,1791,PN Type A Cell,191,91,144,203,282,347,-65,79,629
1792,1792,PN Type A Cell,209,75,148,182,284,330,-46,102,614
1793,1793,PN Type A Cell,215,79,141,207,294,348,-54,87,642
1794,1794,PN Type A Cell,193,74,145,199,267,344,-77,68,611
1795,1795,PN Type A Cell,169,90,158,195,259,353,-94,64,612
1796,1796,PN Type A Cell,203,67,157,179,270,336,-66,91,606
1797,1797,PN Type A Cell,179,88,139,193,267,332,-65,74,599
1798,1798,PN Type A Cell,200,88,155,192,288,347,-59,96,635
1799,1799,PN Type A Cell,211,63,142,205,274,347,-73,69,621
1800,1800,PN Type A Cell,210,94,144,205,304,349,-45,99,653
1801,1801,PN Type A Cell,196,70,166,173,266,339,-73,93,605
1802,1802,PN Type A Cell,192,90,148,184,282,332,-50,98,614
1803,1803,PN Type A Cell,232,91,143,199,323,342,-19,124,665
1804,1804,PN Type A Cell,203,83,152,188,286,340,-54,98,626
1805,1805,PN Type A Cell,190,86,157,204,276,361,-85,72,637
1806,1806,PN Type A Cell,189,85,132,199,274,331,-57,75,605
1807,1807,PN Type A Cell,197,83,137,206,280,343,-63,74,623
1808,1808,PN Type A Cell,193,83,152,190,276,342,-66,86,618
1809,1809,PN Type A Cell,175,77,159,191,252,350,-98,61,602
1810,1810,PN Type A Cell,191,92,143,211,283,354,-71,72,637
1811,1811,PN Type A Cell,202,98,146,198,300,344,-44,102,644
1812,1812,PN Type A Cell,213,78,152,193,291,345,-54,98,636
1813,1813,PN Type A Cell,184,89,168,180,273,348,-75,93,621
1814,1814,PN Type A Cell,203,76,150,205,279,355,-76,74,634
1815,1815,PN Type A Cell,221,87,154,208,308,362,-54,100,670
1816,1816,PN Type A Cell,216,78,158,178,294,336,-42,116,630
1817,1817,PN Type A Cell,215,77,151,181,292,332,-40,111,624
1818,1818,PN Type A Cell,206,77,142,196,283,338,-55,87,621
1819,1819,PN Type A Cell,205,75,129,182,280,311,-31,98,591
1820,1820,PN Type A Cell,208,85,156,197,293,353,-60,96,646
1821,1821,PN Type A Cell,191,101,146,188,292,334,-42,104,626
1822,1822,PN Type A Cell,219,85,159,199,304,358,-54,105,662
1823,1823,PN Type A Cell,198,80,141,200,278,341,-63,78,619
1824,1824,PN Type A Cell,200,89,153,194,289,347,-58,95,636
1825,1825,PN Type A Cell,201,90,148,197,291,345,-54,94,636
1826,1826,PN Type A Cell,197,82,164,206,279,370,-91,73,649
1827,1827,PN Type A Cell,195,78,141,185,273,326,-53,88,599
1828,1828,PN Type A Cell,202,79,144,196,281,340,-59,85,621
1829,1829,PN Type A Cell,179,90,135,205,269,340,-71,64,609
1830,1830,PN Type A Cell,202,82,151,196,284,347,-63,88,631
1831,1831,PN Type A Cell,185,82,142,173,267,315,-48,94,582
1832,1832,PN Type A Cell,205,100,141,194,305,335,-30,111,640
1833,1833,PN Type A Cell,188,98,137,192,286,329,-43,94,615
1834,1834,PN Type A Cell,208,80,139,190,288,329,-41,98,617
1835,1835,PN Type A Cell,233,105,135,198,338,333,5,140,671
1836,1836,PN Type A Cell,199,65,126,179,264,305,-41,85,569
1837,1837,PN Type A Cell,200,86,152,194,286,346,-60,92,632
1838,1838,PN Type A Cell,213,99,143,185,312,328,-16,127,640
1839,1839,PN Type A Cell,237,89,154,216,326,370,-44,110,696
1840,1840,PN Type A Cell,221,88,142,193,309,335,-26,116,644
1841,1841,PN Type A Cell,186,88,139,203,274,342,-68,71,616
1842,1842,PN Type A Cell,188,86,145,182,274,327,-53,92,601
1843,1843,PN Type A Cell,209,86,150,198,295,348,-53,97,643
1844,1844,PN Type A Cell,225,85,149,196,310,345,-35,114,655
1845,1845,PN Type A Cell,198,80,145,193,278,338,-60,85,616
1846,1846,PN Type A Cell,211,90,146,184,301,330,-29,117,631
1847,1847,PN Type A Cell,232,94,153,183,326,336,-10,143,662
1848,1848,PN Type A Cell,201,96,154,207,297,361,-64,90,658
1849,1849,PN Type A Cell,225,81,160,191,306,351,-45,115,657
1850,1850,PN Type A Cell,197,84,153,188,281,341,-60,93,622
1851,1851,PN Type A Cell,205,79,160,196,284,356,-72,88,640
1852,1852,PN Type A Cell,194,78,136,185,272,321,-49,87,593
1853,1853,PN Type A Cell,197,74,131,181,271,312,-41,90,583
1854,1854,PN Type A Cell,218,70,145,179,288,324,-36,109,612
1855,1855,PN Type A Cell,220,80,142,186,300,328,-28,114,628
1856,1856,PN Type A Cell,201,82,150,190,283,340,-57,93,623
1857,1857,PN Type A Cell,192,75,136,191,267,327,-60,76,594
1858,1858,PN Type A Cell,194,87,160,185,281,345,-64,96,626
1859,1859,PN Type A Cell,201,75,148,208,276,356,-80,68,632
1860,1860,PN Type A Cell,180,85,157,200,265,357,-92,65,622
1861,1861,PN Type A Cell,190,89,164,190,279,354,-75,89,633
1862,1862,PN Type A Cell,189,86,148,187,275,335,-60,88,610
1863,1863,PN Type A Cell,185,81,160,201,266,361,-95,65,627
1864,1864,PN Type A Cell,211,100,150,201,311,351,-40,110,662
1865,1865,PN Type A Cell,193,74,162,188,267,350,-83,79,617
1866,1866,PN Type A Cell,207,78,151,195,285,346,-61,90,631
1867,1867,PN Type A Cell,226,74,147,180,300,327,-27,120,627
1868,1868,PN Type A Cell,188,76,153,182,264,335,-71,82,599
1869,1869,PN Type A Cell,196,80,154,221,276,375,-99,55,651
1870,1870,PN Type A Cell,181,77,172,207,258,379,-121,51,637
1871,1871,PN Type A Cell,203,69,135,194,272,329,-57,78,601
1872,1872,PN Type A Cell,204,75,140,191,279,331,-52,88,610
1873,1873,PN Type A Cell,183,92,157,197,275,354,-79,78,629
1874,1874,PN Type A Cell,190,90,149,198,280,347,-67,82,627
1875,1875,PN Type A Cell,175,96,131,185,271,316,-45,86,587
1876,1876,PN Type A Cell,206,89,149,197,295,346,-51,98,641
1877,1877,PN Type A Cell,203,77,151,179,280,330,-50,101,610
1878,1878,PN Type A Cell,194,85,138,197,279,335,-56,82,614
1879,1879,PN Type A Cell,211,84,150,188,295,338,-43,107,633
1880,1880,PN Type A Cell,217,93,156,206,310,362,-52,104,672
1881,1881,PN Type A Cell,197,77,162,186,274,348,-74,88,622
1882,1882,PN Type A Cell,206,72,156,190,278,346,-68,88,624
1883,1883,PN Type A Cell,189,75,144,188,264,332,-68,76,596
1884,1884,PN Type A Cell,202,99,140,192,301,332,-31,109,633
1885,1885,PN Type A Cell,187,67,144,194,254,338,-84,60,592
1886,1886,PN Type A Cell,197,91,150,206,288,356,-68,82,644
1887,1887,PN Type A Cell,170,91,153,192,261,345,-84,69,606
1888,1888,PN Type A Cell,208,88,142,176,296,318,-22,120,614
1889,1889,PN Type A Cell,208,87,138,186,295,324,-29,109,619
1890,1890,PN Type A Cell,206,76,142,198,282,340,-58,84,622
1891,1891,PN Type A Cell,211,91,160,195,302,355,-53,107,657
1892,1892,PN Type A Cell,197,92,151,203,289,354,-65,86,643
1893,1893,PN Type A Cell,204,70,157,197,274,354,-80,77,628
1894,1894,PN Type A Cell,193,92,146,184,285,330,-45,101,615
1895,1895,PN Type A Cell,212,73,149,207,285,356,-71,78,641
1896,1896,PN Type A Cell,214,86,130,191,300,321,-21,109,621
1897,1897,PN Type A Cell,200,89,159,193,289,352,-63,96,641
1898,1898,PN Type A Cell,208,86,167,202,294,369,-75,92,663
1899,1899,PN Type A Cell,228,86,151,204,314,355,-41,110,669
1900,1900,PN Type A Cell,190,81,137,171,271,308,-37,100,579
1901,1901,PN Type A Cell,185,85,150,203,270,353,-83,67,623
1902,1902,PN Type A Cell,214,86,147,207,300,354,-54,93,654
1903,1903,PN Type A Cell,204,92,153,185,296,338,-42,111,634
1904,1904,PN Type A Cell,199,85,134,195,284,329,-45,89,613
1905,1905,PN Type A Cell,219,75,131,198,294,329,-35,96,623
1906,1906,PN Type A Cell,208,73,160,189,281,349,-68,92,630
1907,1907,PN Type A Cell,183,88,141,194,271,335,-64,77,606
1908,1908,PN Type A Cell,185,67,143,194,252,337,-85,58,589
1909,1909,PN Type A Cell,203,76,147,194,279,341,-62,85,620
1910,1910,PN Type A Cell,200,80,155,197,280,352,-72,83,632
1911,1911,PN Type A Cell,199,74,159,187,273,346,-73,86,619
1912,1912,PN Type A Cell,229,81,139,200,310,339,-29,110,649
1913,1913,PN Type A Cell,211,78,145,203,289,348,-59,86,637
1914,1914,PN Type A Cell,207,99,152,198,306,350,-44,108,656
1915,1915,PN Type A Cell,222,77,149,190,299,339,-40,109,638
1916,1916,PN Type A Cell,203,77,150,205,280,355,-75,75,635
1917,1917,PN Type A Cell,189,85,154,201,274,355,-81,73,629
1918,1918,PN Type A Cell,211,69,140,191,280,331,-51,89,611
1919,1919,PN Type A Cell,200,69,164,207,269,371,-102,62,640
1920,1920,PN Type A Cell,217,77,159,201,294,360,-66,93,654
1921,1921,PN Type A Cell,215,92,178,201,307,379,-72,106,686
1922,1922,PN Type A Cell,202,86,158,188,288,346,-58,100,634
1923,1923,PN Type A Cell,187,87,127,182,274,309,-35,92,583
1924,1924,PN Type A Cell,182,83,139,203,265,342,-77,62,607
1925,1925,PN Type A Cell,196,76,154,201,272,355,-83,71,627
1926,1926,PN Type A Cell,176,92,140,183,268,323,-55,85,591
1927,1927,PN Type A Cell,205,83,148,183,288,331,-43,105,619
1928,1928,PN Type A Cell,185,72,131,184,257,315,-58,73,572
1929,1929,PN Type A Cell,200,98,144,181,298,325,-27,117,623
1930,1930,PN Type A Cell,194,82,153,183,276,336,-60,93,612
1931,1931,PN Type A Cell,216,89,155,206,305,361,-56,99,666
1932,1932,PN Type A Cell,207,85,143,193,292,336,-44,99,628
1933,1933,PN Type A Cell,198,76,118,183,274,301,-27,91,575
1934,1934,PN Type A Cell,194,82,138,196,276,334,-58,80,610
1935,1935,PN Type A Cell,221,86,151,199,307,350,-43,108,657
1936,1936,PN Type A Cell,194,85,152,202,279,354,-75,77,633
1937,1937,PN Type A Cell,194,71,154,202,265,356,-91,63,621
1938,1938,PN Type A Cell,226,89,143,204,315,347,-32,111,662
1939,1939,PN Type A Cell,227,84,155,199,311,354,-43,112,665
1940,1940,PN Type A Cell,204,68,147,206,272,353,-81,66,625
1941,1941,PN Type A Cell,200,96,151,195,296,346,-50,101,642
1942,1942,PN Type A Cell,212,80,149,191,292,340,-48,101,632
1943,1943,PN Type A Cell,185,83,156,196,268,352,-84,72,620
1944,1944,PN Type A Cell,190,82,142,205,272,347,-75,67,619
1945,1945,PN Type A Cell,237,96,152,193,333,345,-12,140,678
1946,1946,PN Type A Cell,193,71,148,196,264,344,-80,68,608
1947,1947,PN Type A Cell,175,93,157,195,268,352,-84,73,620
1948,1948,PN Type A Cell,198,83,165,186,281,351,-70,95,632
1949,1949,PN Type A Cell,202,81,138,195,283,333,-50,88,616
1950,1950,PN Type A Cell,215,83,158,196,298,354,-56,102,652
1951,1951,PN Type A Cell,194,76,137,200,270,337,-67,70,607
1952,1952,PN Type A Cell,201,80,138,187,281,325,-44,94,606
1953,1953,PN Type A Cell,214,97,147,196,311,343,-32,115,654
1954,1954,PN Type A Cell,218,95,131,195,313,326,-13,118,639
1955,1955,PN Type A Cell,229,68,140,195,297,335,-38,102,632
1956,1956,PN Type A Cell,185,85,148,184,270,332,-62,86,602
1957,1957,PN Type A Cell,214,86,143,200,300,343,-43,100,643
1958,1958,PN Type A Cell,202,66,163,192,268,355,-87,76,623
1959,1959,PN Type A Cell,211,92,162,203,303,365,-62,100,668
1960,1960,PN Type A Cell,207,96,149,197,303,346,-43,106,649
1961,1961,PN Type A Cell,202,87,152,180,289,332,-43,109,621
1962,1962,PN Type A Cell,210,69,140,212,279,352,-73,67,631
1963,1963,PN Type A Cell,185,86,153,166,271,319,-48,105,590
1964,1964,PN Type A Cell,178,83,149,200,261,349,-88,61,610
1965,1965,PN Type A Cell,199,78,154,203,277,357,-80,74,634
1966,1966,PN Type A Cell,176,79,156,200,255,356,-101,55,611
1967,1967,PN Type A Cell,211,89,159,186,300,345,-45,114,645
1968,1968,PN Type A Cell,189,78,161,193,267,354,-87,74,621
1969,1969,PN Type A Cell,195,76,151,182,271,333,-62,89,604
1970,1970,PN Type A Cell,205,87,145,188,292,333,-41,104,625
1971,1971,PN Type A Cell,223,90,157,205,313,362,-49,108,675
1972,1972,PN Type A Cell,203,78,150,217,281,367,-86,64,648
1973,1973,PN Type A Cell,218,81,154,206,299,360,-61,93,659
1974,1974,PN Type A Cell,221,90,137,197,311,334,-23,114,645
1975,1975,PN Type A Cell,196,92,162,200,288,362,-74,88,650
1976,1976,PN Type A Cell,214,78,163,205,292,368,-76,87,660
1977,1977,PN Type A Cell,194,82,152,184,276,336,-60,92,612
1978,1978,PN Type A Cell,187,79,155,197,266,352,-86,69,618
1979,1979,PN Type A Cell,213,74,153,191,287,344,-57,96,631
1980,1980,PN Type A Cell,201,77,153,186,278,339,-61,92,617
1981,1981,PN Type A Cell,209,91,138,176,300,314,-14,124,614
1982,1982,PN Type A Cell,207,81,152,173,288,325,-37,115,613
1983,1983,PN Type A Cell,210,80,150,197,290,347,-57,93,637
1984,1984,PN Type A Cell,184,82,176,217,266,393,-127,49,659
1985,1985,PN Type A Cell,199,74,163,201,273,364,-91,72,637
1986,1986,PN Type A Cell,215,76,154,191,291,345,-54,100,636
1987,1987,PN Type A Cell,206,92,165,192,298,357,-59,106,655
1988,1988,PN Type A Cell,199,73,159,195,272,354,-82,77,626
1989,1989,PN Type A Cell,178,94,143,198,272,341,-69,74,613
1990,1990,PN Type A Cell,183,84,150,192,267,342,-75,75,609
1991,1991,PN Type A Cell,200,88,140,202,288,342,-54,86,630
1992,1992,PN Type A Cell,203,79,143,200,282,343,-61,82,625
1993,1993,PN Type A Cell,208,73,146,207,281,353,-72,74,634
1994,1994,PN Type A Cell,195,82,153,196,277,349,-72,81,626
1995,1995,PN Type A Cell,215,89,144,194,304,338,-34,110,642
1996,1996,PN Type A Cell,219,85,151,200,304,351,-47,104,655
1997,1997,PN Type A Cell,189,78,133,189,267,322,-55,78,589
1998,1998,PN Type A Cell,211,85,138,189,296,327,-31,107,623
1999,1999,PN Type A Cell,192,74,147,203,266,350,-84,63,616
2000,2000,PN Type A Cell,186,98,148,199,284,347,-63,85,631
2001,2001,PN Type A Cell,208,77,146,185,285,331,-46,100,616
2002,2002,PN Type A Cell,218,77,158,178,295,336,-41,117,631
2003,2003,PN Type A Cell,194,87,137,174,281,311,-30,107,592
2004,2004,PN Type A Cell,194,93,148,190,287,338,-51,97,625
2005,2005,PN Type A Cell,195,96,150,207,291,357,-66,84,648
2006,2006,PN Type A Cell,199,79,165,209,278,374,-96,69,652
2007,2007,PN Type A Cell,211,77,159,206,288,365,-77,82,653
2008,2008,PN Type A Cell,181,88,165,192,269,357,-88,77,626
2009,2009,PN Type A Cell,207,87,177,189,294,366,-72,105,660
2010,2010,PN Type A Cell,202,82,143,207,284,350,-66,77,634
2011,2011,PN Type A Cell,210,71,162,191,281,353,-72,90,634
2012,2012,PN Type A Cell,190,86,142,211,276,353,-77,65,629
2013,2013,PN Type A Cell,198,85,151,198,283,349,-66,85,632
2014,2014,PN Type A Cell,226,62,136,182,288,318,-30,106,606
2015,2015,PN Type A Cell,208,86,155,173,294,328,-34,121,622
2016,2016,PN Type A Cell,198,77,142,198,275,340,-65,77,615
2017,2017,PN Type A Cell,199,72,163,177,271,340,-69,94,611
2018,2018,PN Type A Cell,186,83,145,172,269,317,-48,97,586
2019,2019,PN Type A Cell,213,74,135,197,287,332,-45,90,619
2020,2020,PN Type A Cell,190,87,150,193,277,343,-66,84,620
2021,2021,PN Type A Cell,186,77,150,188,263,338,-75,75,601
2022,2022,PN Type A Cell,222,76,148,196,298,344,-46,102,642
2023,2023,PN Type A Cell,214,75,155,182,289,337,-48,107,626
2024,2024,PN Type A Cell,207,83,152,192,290,344,-54,98,634
2025,2025,PN Type A Cell,210,87,169,195,297,364,-67,102,661
2026,2026,PN Type A Cell,221,74,156,193,295,349,-54,102,644
2027,2027,PN Type A Cell,208,93,141,205,301,346,-45,96,647
2028,2028,PN Type A Cell,202,80,161,199,282,360,-78,83,642
2029,2029,PN Type A Cell,226,79,149,197,305,346,-41,108,651
2030,2030,PN Type A Cell,195,88,150,198,283,348,-65,85,631
2031,2031,PN Type A Cell,210,84,139,191,294,330,-36,103,624
2032,2032,PN Type A Cell,220,74,146,205,294,351,-57,89,645
2033,2033,PN Type A Cell,205,89,162,190,294,352,-58,104,646
2034,2034,PN Type A Cell,194,76,141,198,270,339,-69,72,609
2035,2035,PN Type A Cell,209,75,141,204,284,345,-61,80,629
2036,2036,PN Type A Cell,213,72,144,206,285,350,-65,79,635
2037,2037,PN Type A Cell,218,80,153,196,298,349,-51,102,647
2038,2038,PN Type A Cell,202,74,123,211,276,334,-58,65,610
2039,2039,PN Type A Cell,189,86,144,184,275,328,-53,91,603
2040,2040,PN Type A Cell,216,78,140,188,294,328,-34,106,622
2041,2041,PN Type A Cell,231,93,154,194,324,348,-24,130,672
2042,2042,PN Type A Cell,195,110,156,194,305,350,-45,111,655
2043,2043,PN Type A Cell,192,76,139,209,268,348,-80,59,616
2044,2044,PN Type A Cell,199,79,157,209,278,366,-88,69,644
2045,2045,PN Type A Cell,205,83,155,193,288,348,-60,95,636
2046,2046,PN Type A Cell,185,84,145,181,269,326,-57,88,595
2047,2047,PN Type A Cell,185,96,145,195,281,340,-59,86,621
2048,2048,PN Type A Cell,213,82,149,204,295,353,-58,91,648
2049,2049,PN Type A Cell,196,82,167,199,278,366,-88,79,644
2050,2050,PN Type A Cell,198,96,163,178,294,341,-47,116,635
2051,2051,PN Type A Cell,194,79,156,196,273,352,-79,77,625
2052,2052,PN Type A Cell,213,82,166,177,295,343,-48,118,638
2053,2053,PN Type A Cell,197,88,158,205,285,363,-78,80,648
2054,2054,PN Type A Cell,234,79,143,195,313,338,-25,118,651
2055,2055,PN Type A Cell,197,90,163,192,287,355,-68,95,642
2056,2056,PN Type A Cell,193,83,153,202,276,355,-79,74,631
2057,2057,PN Type A Cell,185,77,137,196,262,333,-71,66,595
2058,2058,PN Type A Cell,214,87,140,191,301,331,-30,110,632
2059,2059,PN Type A Cell,211,87,144,192,298,336,-38,106,634
2060,2060,PN Type A Cell,205,89,147,188,294,335,-41,106,629
2061,2061,PN Type A Cell,196,67,148,194,263,342,-79,69,605
2062,2062,PN Type A Cell,209,82,142,193,291,335,-44,98,626
2063,2063,PN Type A Cell,197,83,166,186,280,352,-72,94,632
2064,2064,PN Type A Cell,217,81,161,185,298,346,-48,113,644
2065,2065,PN Type A Cell,192,90,152,200,282,352,-70,82,634
2066,2066,PN Type A Cell,217,98,147,195,315,342,-27,120,657
2067,2067,PN Type A Cell,211,110,148,196,321,344,-23,125,665
2068,2068,PN Type A Cell,221,86,143,181,307,324,-17,126,631
2069,2069,PN Type A Cell,206,84,136,183,290,319,-29,107,609
2070,2070,PN Type A Cell,199,78,146,203,277,349,-72,74,626
2071,2071,PN Type A Cell,207,95,141,190,302,331,-29,112,633
2072,2072,PN Type A Cell,212,96,136,179,308,315,-7,129,623
2073,2073,PN Type A Cell,227,63,151,199,290,350,-60,91,640
2074,2074,PN Type A Cell,197,97,145,190,294,335,-41,104,629
2075,2075,PN Type A Cell,210,77,164,204,287,368,-81,83,655
2076,2076,PN Type A Cell,200,86,158,192,286,350,-64,94,636
2077,2077,PN Type A Cell,213,76,154,192,289,346,-57,97,635
2078,2078,PN Type A Cell,215,86,149,178,301,327,-26,123,628
2079,2079,PN Type A Cell,203,86,141,189,289,330,-41,100,619
2080,2080,PN Type A Cell,203,94,154,208,297,362,-65,89,659
2081,2081,PN Type A Cell,199,79,144,187,278,331,-53,91,609
2082,2082,PN Type A Cell,222,69,146,198,291,344,-53,93,635
2083,2083,PN Type A Cell,215,71,154,188,286,342,-56,98,628
2084,2084,PN Type A Cell,206,70,140,205,276,345,-69,71,621
2085,2085,PN Type A Cell,191,71,165,205,262,370,-108,57,632
2086,2086,PN Type A Cell,189,89,142,194,278,336,-58,84,614
2087,2087,PN Type A Cell,213,72,160,199,285,359,-74,86,644
2088,2088,PN Type A Cell,205,94,147,198,299,345,-46,101,644
2089,2089,PN Type A Cell,233,83,136,189,316,325,-9,127,641
2090,2090,PN Type A Cell,197,88,157,196,285,353,-68,89,638
2091,2091,PN Type A Cell,226,93,145,208,319,353,-34,111,672
2092,2092,PN Type A Cell,213,80,163,208,293,371,-78,85,664
2093,2093,PN Type A Cell,206,87,134,181,293,315,-22,112,608
2094,2094,PN Type A Cell,209,63,146,193,272,339,-67,79,611
2095,2095,PN Type A Cell,216,80,149,204,296,353,-57,92,649
2096,2096,PN Type A Cell,206,71,156,182,277,338,-61,95,615
2097,2097,PN Type A Cell,207,86,147,181,293,328,-35,112,621
2098,2098,PN Type A Cell,236,92,149,202,328,351,-23,126,679
2099,2099,PN Type A Cell,209,98,147,190,307,337,-30,117,644
2100,2100,PN Type A Cell,211,74,143,197,285,340,-55,88,625
2101,2101,PN Type A Cell,220,88,150,194,308,344,-36,114,652
2102,2102,PN Type A Cell,214,74,153,179,288,332,-44,109,620
2103,2103,PN Type A Cell,222,78,141,193,300,334,-34,107,634
2104,2104,PN Type A Cell,199,72,147,203,271,350,-79,68,621
2105,2105,PN Type A Cell,194,71,158,177,265,335,-70,88,600
2106,2106,PN Type A Cell,200,76,158,187,276,345,-69,89,621
2107,2107,PN Type A Cell,239,73,146,194,312,340,-28,118,652
2108,2108,PN Type A Cell,197,95,137,179,292,316,-24,113,608
2109,2109,PN Type A Cell,173,85,159,206,258,365,-107,52,623
2110,2110,PN Type A Cell,226,86,150,176,312,326,-14,136,638
2111,2111,PN Type A Cell,204,76,171,181,280,352,-72,99,632
2112,2112,PN Type A Cell,209,88,147,189,297,336,-39,108,633
2113,2113,PN Type A Cell,212,91,138,190,303,328,-25,113,631
2114,2114,PN Type A Cell,206,80,157,189,286,346,-60,97,632
2115,2115,PN Type A Cell,204,88,157,181,292,338,-46,111,630
2116,2116,PN Type A Cell,199,86,161,199,285,360,-75,86,645
2117,2117,PN Type A Cell,213,99,145,187,312,332,-20,125,644
2118,2118,PN Type A Cell,181,82,145,196,263,341,-78,67,604
2119,2119,PN Type A Cell,215,76,147,203,291,350,-59,88,641
2120,2120,PN Type A Cell,178,91,163,211,269,374,-105,58,643
2121,2121,PN Type A Cell,213,75,161,184,288,345,-57,104,633
2122,2122,PN Type A Cell,207,81,151,202,288,353,-65,86,641
2123,2123,PN Type A Cell,215,68,152,183,283,335,-52,100,618
2124,2124,PN Type A Cell,209,76,153,200,285,353,-68,85,638
2125,2125,PN Type A Cell,200,76,151,180,276,331,-55,96,607
2126,2126,PN Type A Cell,209,97,144,189,306,333,-27,117,639
2127,2127,PN Type A Cell,197,83,156,189,280,345,-65,91,625
2128,2128,PN Type A Cell,211,77,143,173,288,316,-28,115,604
2129,2129,PN Type A Cell,188,90,143,209,278,352,-74,69,630
2130,2130,PN Type A Cell,203,78,140,186,281,326,-45,95,607
2131,2131,PN Type A Cell,183,93,150,200,276,350,-74,76,626
2132,2132,PN Type A Cell,192,80,151,202,272,353,-81,70,625
2133,2133,PN Type A Cell,206,76,157,190,282,347,-65,92,629
2134,2134,PN Type A Cell,217,77,140,193,294,333,-39,101,627
2135,2135,PN Type A Cell,198,65,156,204,263,360,-97,59,623
2136,2136,PN Type A Cell,206,72,162,194,278,356,-78,84,634
2137,2137,PN Type A Cell,208,69,158,177,277,335,-58,100,612
2138,2138,PN Type A Cell,215,69,154,193,284,347,-63,91,631
2139,2139,PN Type A Cell,189,80,143,212,269,355,-86,57,624
2140,2140,PN Type A Cell,209,78,178,184,287,362,-75,103,649
2141,2141,PN Type A Cell,208,81,168,185,289,353,-64,104,642
2142,2142,PN Type A Cell,204,82,161,199,286,360,-74,87,646
2143,2143,PN Type A Cell,215,85,163,182,300,345,-45,118,645
2144,2144,PN Type A Cell,203,87,144,191,290,335,-45,99,625
2145,2145,PN Type A Cell,198,92,155,195,290,350,-60,95,640
2146,2146,PN Type A Cell,202,86,141,187,288,328,-40,101,616
2147,2147,PN Type A Cell,216,71,151,197,287,348,-61,90,635
2148,2148,PN Type A Cell,187,88,138,183,275,321,-46,92,596
2149,2149,PN Type A Cell,190,72,139,181,262,320,-58,81,582
2150,2150,PN Type A Cell,215,93,146,188,308,334,-26,120,642
2151,2151,PN Type A Cell,212,86,140,193,298,333,-35,105,631
2152,2152,PN Type A Cell,224,79,157,200,303,357,-54,103,660
2153,2153,PN Type A Cell,186,89,168,182,275,350,-75,93,625
2154,2154,PN Type A Cell,216,79,148,203,295,351,-56,92,646
2155,2155,PN Type A Cell,201,87,153,203,288,356,-68,85,644
2156,2156,PN Type A Cell,209,79,150,193,288,343,-55,95,631
2157,2157,PN Type A Cell,202,89,138,187,291,325,-34,104,616
2158,2158,PN Type A Cell,202,87,156,199,289,355,-66,90,644
2159,2159,PN Type A Cell,195,75,133,204,270,337,-67,66,607
2160,2160,PN Type A Cell,212,72,148,200,284,348,-64,84,632
2161,2161,PN Type A Cell,205,84,166,205,289,371,-82,84,660
2162,2162,PN Type A Cell,217,78,142,187,295,329,-34,108,624
2163,2163,PN Type A Cell,192,81,143,188,273,331,-58,85,604
2164,2164,PN Type A Cell,212,89,155,193,301,348,-47,108,649
2165,2165,PN Type A Cell,205,92,166,197,297,363,-66,100,660
2166,2166,PN Type A Cell,194,82,151,190,276,341,-65,86,617
2167,2167,PN Type A Cell,197,79,151,190,276,341,-65,86,617
2168,2168,PN Type A Cell,195,86,154,187,281,341,-60,94,622
2169,2169,PN Type A Cell,206,94,132,200,300,332,-32,100,632
2170,2170,PN Type A Cell,219,83,129,188,302,317,-15,114,619
2171,2171,PN Type A Cell,221,79,173,188,300,361,-61,112,661
2172,2172,PN Type A Cell,202,86,155,204,288,359,-71,84,647
2173,2173,PN Type A Cell,216,84,146,191,300,337,-37,109,637
2174,2174,PN Type A Cell,176,77,147,201,253,348,-95,52,601
2175,2175,PN Type A Cell,185,74,154,208,259,362,-103,51,621
2176,2176,PN Type A Cell,202,82,147,195,284,342,-58,89,626
2177,2177,PN Type A Cell,196,106,145,185,302,330,-28,117,632
2178,2178,PN Type A Cell,201,87,143,182,288,325,-37,106,613
2179,2179,PN Type A Cell,217,91,166,199,308,365,-57,109,673
2180,2180,PN Type A Cell,216,82,153,191,298,344,-46,107,642
2181,2181,PN Type A Cell,223,76,137,183,299,320,-21,116,619
2182,2182,PN Type A Cell,225,95,151,189,320,340,-20,131,660
2183,2183,PN Type A Cell,219,82,163,207,301,370,-69,94,671
2184,2184,PN Type A Cell,196,85,159,195,281,354,-73,86,635
2185,2185,PN Type A Cell,192,103,135,207,295,342,-47,88,637
2186,2186,PN Type A Cell,218,95,150,195,313,345,-32,118,658
2187,2187,PN Type A Cell,200,68,171,202,268,373,-105,66,641
2188,2188,PN Type A Cell,216,86,153,187,302,340,-38,115,642
2189,2189,PN Type A Cell,221,74,185,193,295,378,-83,102,673
2190,2190,PN Type A Cell,202,98,157,197,300,354,-54,103,654
2191,2191,PN Type A Cell,223,76,161,187,299,348,-49,112,647
2192,2192,PN Type A Cell,190,73,159,186,263,345,-82,77,608
2193,2193,PN Type A Cell,186,76,156,187,262,343,-81,75,605
2194,2194,PN Type A Cell,204,95,160,203,299,363,-64,96,662
2195,2195,PN Type A Cell,214,83,152,195,297,347,-50,102,644
2196,2196,PN Type A Cell,195,73,157,211,268,368,-100,57,636
2197,2197,PN Type A Cell,203,83,156,220,286,376,-90,66,662
2198,2198,PN Type A Cell,209,92,145,185,301,330,-29,116,631
2199,2199,PN Type A Cell,209,77,153,192,286,345,-59,94,631
2200,2200,PN Type A Cell,211,85,155,199,296,354,-58,97,650
2201,2201,PN Type A Cell,234,75,144,202,309,346,-37,107,655
2202,2202,PN Type A Cell,213,81,132,190,294,322,-28,104,616
2203,2203,PN Type A Cell,208,80,146,188,288,334,-46,100,622
2204,2204,PN Type A Cell,187,88,153,185,275,338,-63,90,613
2205,2205,PN Type A Cell,199,67,150,206,266,356,-90,60,622
2206,2206,PN Type A Cell,198,83,162,201,281,363,-82,80,644
2207,2207,PN Type A Cell,226,92,154,209,318,363,-45,109,681
2208,2208,PN Type A Cell,204,70,151,204,274,355,-81,70,629
2209,2209,PN Type A Cell,176,85,162,195,261,357,-96,66,618
2210,2210,PN Type A Cell,205,84,149,206,289,355,-66,83,644
2211,2211,PN Type A Cell,192,85,136,190,277,326,-49,87,603
2212,2212,PN Type A Cell,210,74,133,193,284,326,-42,91,610
2213,2213,PN Type A Cell,216,91,148,178,307,326,-19,129,633
2214,2214,PN Type A Cell,200,91,149,196,291,345,-54,95,636
2215,2215,PN Type A Cell,219,80,157,177,299,334,-35,122,633
2216,2216,PN Type A Cell,169,85,140,195,254,335,-81,59,589
2217,2217,PN Type A Cell,218,68,161,177,286,338,-52,109,624
2218,2218,PN Type A Cell,206,90,153,200,296,353,-57,96,649
2219,2219,PN Type A Cell,213,89,149,191,302,340,-38,111,642
2220,2220,PN Type A Cell,203,75,140,189,278,329,-51,89,607
2221,2221,PN Type A Cell,214,77,153,186,291,339,-48,105,630
2222,2222,PN Type A Cell,178,93,165,191,271,356,-85,80,627
2223,2223,PN Type A Cell,187,88,159,189,275,348,-73,86,623
2224,2224,PN Type A Cell,212,77,159,195,289,354,-65,94,643
2225,2225,PN Type A Cell,183,67,142,185,250,327,-77,65,577
2226,2226,PN Type A Cell,212,85,145,193,297,338,-41,104,635
2227,2227,PN Type A Cell,210,86,145,178,296,323,-27,118,619
2228,2228,PN Type A Cell,208,63,143,192,271,335,-64,79,606
2229,2229,PN Type A Cell,187,106,143,195,293,338,-45,98,631
2230,2230,PN Type A Cell,207,67,154,183,274,337,-63,91,611
2231,2231,PN Type A Cell,219,87,151,199,306,350,-44,107,656
2232,2232,PN Type A Cell,189,69,159,200,258,359,-101,58,617
2233,2233,PN Type A Cell,179,86,162,187,265,349,-84,78,614
2234,2234,PN Type A Cell,206,94,156,200,300,356,-56,100,656
2235,2235,PN Type A Cell,210,85,145,212,295,357,-62,83,652
2236,2236,PN Type A Cell,202,92,156,204,294,360,-66,90,654
2237,2237,PN Type A Cell,198,89,144,202,287,346,-59,85,633
2238,2238,PN Type A Cell,204,86,164,180,290,344,-54,110,634
2239,2239,PN Type A Cell,247,83,156,204,330,360,-30,126,690
2240,2240,PN Type A Cell,194,83,165,193,277,358,-81,84,635
2241,2241,PN Type A Cell,221,74,146,192,295,338,-43,103,633
2242,2242,PN Type A Cell,213,77,139,192,290,331,-41,98,621
2243,2243,PN Type A Cell,209,70,149,196,279,345,-66,83,624
2244,2244,PN Type A Cell,218,78,144,194,296,338,-42,102,634
2245,2245,PN Type A Cell,187,78,150,198,265,348,-83,67,613
2246,2246,PN Type A Cell,195,78,164,206,273,370,-97,67,643
2247,2247,PN Type A Cell,205,68,139,193,273,332,-59,80,605
2248,2248,PN Type A Cell,199,78,148,201,277,349,-72,76,626
2249,2249,PN Type A Cell,185,84,150,190,269,340,-71,79,609
2250,2250,PN Type A Cell,221,86,151,202,307,353,-46,105,660
2251,2251,PN Type A Cell,218,76,146,193,294,339,-45,101,633
2252,2252,PN Type A Cell,187,84,155,195,271,350,-79,76,621
2253,2253,PN Type A Cell,179,88,141,212,267,353,-86,55,620
2254,2254,PN Type A Cell,218,83,154,187,301,341,-40,114,642
2255,2255,PN Type A Cell,223,82,142,190,305,332,-27,115,637
2256,2256,PN Type A Cell,191,82,147,163,273,310,-37,110,583
2257,2257,PN Type A Cell,213,63,148,185,276,333,-57,91,609
2258,2258,PN Type A Cell,215,103,151,204,318,355,-37,114,673
2259,2259,PN Type A Cell,210,87,147,194,297,341,-44,103,638
2260,2260,PN Type A Cell,196,77,153,193,273,346,-73,80,619
2261,2261,PN Type A Cell,229,89,151,202,318,353,-35,116,671
2262,2262,PN Type A Cell,191,91,161,173,282,334,-52,109,616
2263,2263,PN Type A Cell,172,91,156,186,263,342,-79,77,605
2264,2264,PN Type A Cell,193,85,157,179,278,336,-58,99,614
2265,2265,PN Type A Cell,236,79,159,207,315,366,-51,108,681
2266,2266,PN Type A Cell,219,93,149,198,312,347,-35,114,659
2267,2267,PN Type A Cell,169,82,144,195,251,339,-88,56,590
2268,2268,PN Type A Cell,202,78,136,204,280,340,-60,76,620
2269,2269,PN Type A Cell,224,77,161,192,301,353,-52,109,654
2270,2270,PN Type A Cell,224,82,143,205,306,348,-42,101,654
2271,2271,PN Type A Cell,235,79,140,198,314,338,-24,116,652
2272,2272,PN Type A Cell,212,76,165,196,288,361,-73,92,649
2273,2273,PN Type A Cell,178,71,140,209,249,349,-100,40,598
2274,2274,PN Type A Cell,213,101,141,189,314,330,-16,125,644
2275,2275,PN Type A Cell,198,64,144,178,262,322,-60,84,584
2276,2276,PN Type C Cell,198,70,154,192,268,346,-78,76,614
2277,2277,PN Type C Cell,214,87,163,179,301,342,-41,122,643
2278,2278,PN Type C Cell,207,74,153,203,281,356,-75,78,637
2279,2279,PN Type C Cell,193,78,137,194,271,331,-60,77,602
2280,2280,PN Type C Cell,209,93,134,190,302,324,-22,112,626
2281,2281,PN Type C Cell,189,79,137,195,268,332,-64,73,600
2282,2282,PN Type C Cell,214,72,152,216,286,368,-82,70,654
2283,2283,PN Type C Cell,213,97,146,204,310,350,-40,106,660
2284,2284,PN Type C Cell,207,83,136,193,290,329,-39,97,619
2285,2285,PN Type C Cell,216,84,163,196,300,359,-59,104,659
2286,2286,PN Type C Cell,235,80,151,184,315,335,-20,131,650
2287,2287,PN Type C Cell,205,93,144,194,298,338,-40,104,636
2288,2288,PN Type C Cell,194,78,139,193,272,332,-60,79,604
2289,2289,PN Type C Cell,220,75,143,180,295,323,-28,115,618
2290,2290,PN Type C Cell,225,85,147,190,310,337,-27,120,647
2291,2291,PN Type C Cell,200,83,156,199,283,355,-72,84,638
2292,2292,PN Type C Cell,210,99,142,192,309,334,-25,117,643
2293,2293,PN Type C Cell,215,88,151,201,303,352,-49,102,655
2294,2294,PN Type C Cell,216,85,152,195,301,347,-46,106,648
2295,2295,PN Type C Cell,203,85,147,193,288,340,-52,95,628
2296,2296,PN Type C Cell,224,77,157,177,301,334,-33,124,635
2297,2297,PN Type C Cell,193,73,140,200,266,340,-74,66,606
2298,2298,PN Type C Cell,218,74,151,183,292,334,-42,109,626
2299,2299,PN Type C Cell,212,84,151,197,296,348,-52,99,644
2300,2300,PN Type C Cell,207,85,155,194,292,349,-57,98,641
2301,2301,PN Type C Cell,205,74,142,192,279,334,-55,87,613
2302,2302,PN Type C Cell,205,72,150,196,277,346,-69,81,623
2303,2303,PN Type C Cell,194,83,168,199,277,367,-90,78,644
2304,2304,PN Type C Cell,188,88,150,207,276,357,-81,69,633
2305,2305,PN Type C Cell,211,66,152,188,277,340,-63,89,617
2306,2306,PN Type C Cell,222,66,150,197,288,347,-59,91,635
2307,2307,PN Type C Cell,217,78,146,219,295,365,-70,76,660
2308,2308,PN Type C Cell,214,78,165,206,292,371,-79,86,663
2309,2309,PN Type C Cell,181,84,145,189,265,334,-69,76,599
2310,2310,PN Type C Cell,228,78,161,187,306,348,-42,119,654
2311,2311,PN Type C Cell,199,78,143,189,277,332,-55,88,609
2312,2312,PN Type C Cell,212,86,153,202,298,355,-57,96,653
2313,2313,PN Type C Cell,197,82,142,195,279,337,-58,84,616
2314,2314,PN Type C Cell,193,85,157,186,278,343,-65,92,621
2315,2315,PN Type C Cell,213,81,132,193,294,325,-31,101,619
2316,2316,PN Type C Cell,210,84,155,192,294,347,-53,102,641
2317,2317,PN Type C Cell,206,91,153,197,297,350,-53,100,647
2318,2318,PN Type C Cell,212,89,158,185,301,343,-42,116,644
2319,2319,PN Type C Cell,203,100,153,199,303,352,-49,104,655
2320,2320,PN Type C Cell,196,69,150,188,265,338,-73,77,603
2321,2321,PN Type C Cell,220,77,135,173,297,308,-11,124,605
2322,2322,PN Type C Cell,207,65,159,186,272,345,-73,86,617
2323,2323,PN Type C Cell,209,93,140,197,302,337,-35,105,639
2324,2324,PN Type C Cell,187,82,153,199,269,352,-83,70,621
2325,2325,PN Type C Cell,212,78,164,209,290,373,-83,81,663
2326,2326,PN Type C Cell,207,77,150,191,284,341,-57,93,625
2327,2327,PN Type C Cell,226,95,157,202,321,359,-38,119,680
2328,2328,PN Type C Cell,194,88,150,199,282,349,-67,83,631
2329,2329,PN Type C Cell,207,89,167,181,296,348,-52,115,644
2330,2330,PN Type C Cell,208,78,149,193,286,342,-56,93,628
2331,2331,PN Type C Cell,213,94,144,207,307,351,-44,100,658
2332,2332,PN Type C Cell,195,102,140,199,297,339,-42,98,636
2333,2333,PN Type C Cell,198,77,144,207,275,351,-76,68,626
2334,2334,PN Type C Cell,213,71,168,194,284,362,-78,90,646
2335,2335,PN Type C Cell,187,77,139,203,264,342,-78,61,606
2336,2336,PN Type C Cell,208,76,149,196,284,345,-61,88,629
2337,2337,PN Type C Cell,207,75,145,198,282,343,-61,84,625
2338,2338,PN Type C Cell,218,75,145,191,293,336,-43,102,629
2339,2339,PN Type C Cell,211,84,156,177,295,333,-38,118,628
2340,2340,PN Type C Cell,217,83,162,199,300,361,-61,101,661
2341,2341,PN Type C Cell,201,81,133,199,282,332,-50,83,614
2342,2342,PN Type C Cell,214,102,155,198,316,353,-37,118,669
2343,2343,PN Type C Cell,209,90,149,197,299,346,-47,102,645
2344,2344,PN Type C Cell,213,82,154,189,295,343,-48,106,638
2345,2345,PN Type C Cell,205,60,146,206,265,352,-87,59,617
2346,2346,PN Type C Cell,201,68,160,198,269,358,-89,71,627
2347,2347,PN Type C Cell,178,94,148,193,272,341,-69,79,613
2348,2348,PN Type C Cell,194,70,133,183,264,316,-52,81,580
2349,2349,PN Type C Cell,183,81,138,194,264,332,-68,70,596
2350,2350,PN Type C Cell,200,82,138,205,282,343,-61,77,625
2351,2351,PN Type C Cell,203,72,159,192,275,351,-76,83,626
2352,2352,PN Type C Cell,202,81,164,185,283,349,-66,98,632
2353,2353,PN Type C Cell,203,82,143,185,285,328,-43,100,613
2354,2354,PN Type C Cell,183,79,135,196,262,331,-69,66,593
2355,2355,PN Type C Cell,207,106,141,209,313,350,-37,104,663
2356,2356,PN Type C Cell,215,64,148,190,279,338,-59,89,617
2357,2357,PN Type C Cell,208,82,146,194,290,340,-50,96,630
2358,2358,PN Type C Cell,190,73,137,191,263,328,-65,72,591
2359,2359,PN Type C Cell,218,91,134,187,309,321,-12,122,630
2360,2360,PN Type C Cell,207,83,146,201,290,347,-57,89,637
2361,2361,PN Type C Cell,217,84,142,196,301,338,-37,105,639
2362,2362,PN Type C Cell,216,82,168,203,298,371,-73,95,669
2363,2363,PN Type C Cell,204,89,130,185,293,315,-22,108,608
2364,2364,PN Type C Cell,205,90,150,183,295,333,-38,112,628
2365,2365,PN Type C Cell,181,77,136,196,258,332,-74,62,590
2366,2366,PN Type C Cell,252,73,141,205,325,346,-21,120,671
2367,2367,PN Type C Cell,200,82,147,193,282,340,-58,89,622
2368,2368,PN Type C Cell,216,88,155,187,304,342,-38,117,646
2369,2369,PN Type C Cell,209,88,142,199,297,341,-44,98,638
2370,2370,PN Type C Cell,225,89,153,185,314,338,-24,129,652
2371,2371,PN Type C Cell,196,83,138,182,279,320,-41,97,599
2372,2372,PN Type C Cell,205,77,153,196,282,349,-67,86,631
2373,2373,PN Type C Cell,211,88,145,188,299,333,-34,111,632
2374,2374,PN Type C Cell,203,82,145,194,285,339,-54,91,624
2375,2375,PN Type C Cell,199,88,148,201,287,349,-62,86,636
2376,2376,PN Type C Cell,197,76,151,195,273,346,-73,78,619
2377,2377,PN Type C Cell,198,77,145,200,275,345,-70,75,620
2378,2378,PN Type C Cell,229,96,149,208,325,357,-32,117,682
2379,2379,PN Type C Cell,218,82,132,202,300,334,-34,98,634
2380,2380,PN Type C Cell,194,101,158,215,295,373,-78,80,668
2381,2381,PN Type C Cell,207,83,141,197,290,338,-48,93,628
2382,2382,PN Type C Cell,211,82,149,189,293,338,-45,104,631
2383,2383,PN Type C Cell,202,78,152,198,280,350,-70,82,630
2384,2384,PN Type C Cell,235,81,155,203,316,358,-42,113,674
2385,2385,PN Type C Cell,217,80,142,184,297,326,-29,113,623
2386,2386,PN Type C Cell,191,96,168,188,287,356,-69,99,643
2387,2387,PN Type C Cell,184,74,159,181,258,340,-82,77,598
2388,2388,PN Type C Cell,182,103,141,202,285,343,-58,83,628
2389,2389,PN Type C Cell,194,79,159,198,273,357,-84,75,630
2390,2390,PN Type C Cell,176,73,164,198,249,362,-113,51,611
2391,2391,PN Type C Cell,201,82,143,202,283,345,-62,81,628
2392,2392,PN Type C Cell,206,78,153,175,284,328,-44,109,612
2393,2393,PN Type C Cell,199,80,155,208,279,363,-84,71,642
2394,2394,PN Type C Cell,197,79,154,204,276,358,-82,72,634
2395,2395,PN Type C Cell,208,78,152,206,286,358,-72,80,644
2396,2396,PN Type C Cell,211,81,150,188,292,338,-46,104,630
2397,2397,PN Type C Cell,191,88,147,188,279,335,-56,91,614
2398,2398,PN Type C Cell,209,73,136,202,282,338,-56,80,620
2399,2399,PN Type C Cell,201,96,139,180,297,319,-22,117,616
2400,2400,PN Type C Cell,215,68,159,187,283,346,-63,96,629
2401,2401,PN Type C Cell,224,91,149,193,315,342,-27,122,657
2402,2402,PN Type C Cell,197,82,150,194,279,344,-65,85,623
2403,2403,PN Type C Cell,218,88,146,192,306,338,-32,114,644
2404,2404,PN Type C Cell,195,79,155,179,274,334,-60,95,608
2405,2405,PN Type C Cell,219,76,144,192,295,336,-41,103,631
2406,2406,PN Type C Cell,207,85,145,197,292,342,-50,95,634
2407,2407,PN Type C Cell,214,90,149,204,304,353,-49,100,657
2408,2408,PN Type C Cell,189,77,150,185,266,335,-69,81,601
2409,2409,PN Type C Cell,220,84,137,194,304,331,-27,110,635
2410,2410,PN Type C Cell,206,88,176,189,294,365,-71,105,659
2411,2411,PN Type C Cell,212,74,135,195,286,330,-44,91,616
2412,2412,PN Type C Cell,195,96,143,199,291,342,-51,92,633
2413,2413,PN Type C Cell,181,91,150,200,272,350,-78,72,622
2414,2414,PN Type C Cell,217,75,142,187,292,329,-37,105,621
2415,2415,PN Type C Cell,195,91,144,197,286,341,-55,89,627
2416,2416,PN Type C Cell,229,85,154,197,314,351,-37,117,665
2417,2417,PN Type C Cell,178,77,149,189,255,338,-83,66,593
2418,2418,PN Type C Cell,204,87,146,181,291,327,-36,110,618
2419,2419,PN Type C Cell,194,65,156,198,259,354,-95,61,613
2420,2420,PN Type C Cell,213,83,153,198,296,351,-55,98,647
2421,2421,PN Type C Cell,209,84,149,196,293,345,-52,97,638
2422,2422,PN Type C Cell,184,95,157,208,279,365,-86,71,644
2423,2423,PN Type C Cell,220,65,146,182,285,328,-43,103,613
2424,2424,PN Type C Cell,179,103,151,199,282,350,-68,83,632
2425,2425,PN Type C Cell,228,97,165,192,325,357,-32,133,682
2426,2426,PN Type C Cell,201,105,156,190,306,346,-40,116,652
2427,2427,PN Type C Cell,196,86,157,186,282,343,-61,96,625
2428,2428,PN Type C Cell,205,85,141,187,290,328,-38,103,618
2429,2429,PN Type C Cell,175,95,140,190,270,330,-60,80,600
2430,2430,PN Type C Cell,232,86,145,205,318,350,-32,113,668
2431,2431,PN Type C Cell,205,69,157,199,274,356,-82,75,630
2432,2432,PN Type C Cell,208,79,173,197,287,370,-83,90,657
2433,2433,PN Type C Cell,212,72,154,190,284,344,-60,94,628
2434,2434,PN Type C Cell,210,64,146,186,274,332,-58,88,606
2435,2435,PN Type C Cell,189,88,158,193,277,351,-74,84,628
2436,2436,PN Type C Cell,217,75,150,209,292,359,-67,83,651
2437,2437,PN Type C Cell,212,89,138,197,301,335,-34,104,636
2438,2438,PN Type C Cell,206,94,150,210,300,360,-60,90,660
2439,2439,PN Type C Cell,191,83,143,187,274,330,-56,87,604
2440,2440,PN Type C Cell,222,82,134,185,304,319,-15,119,623
2441,2441,PN Type C Cell,175,64,145,209,239,354,-115,30,593
2442,2442,PN Type C Cell,200,75,145,183,275,328,-53,92,603
2443,2443,PN Type C Cell,198,71,147,198,269,345,-76,71,614
2444,2444,PN Type C Cell,193,84,163,204,277,367,-90,73,644
2445,2445,PN Type C Cell,196,89,152,176,285,328,-43,109,613
2446,2446,PN Type C Cell,222,85,146,190,307,336,-29,117,643
2447,2447,PN Type C Cell,216,75,155,173,291,328,-37,118,619
2448,2448,PN Type C Cell,235,79,155,198,314,353,-39,116,667
2449,2449,PN Type C Cell,187,76,174,196,263,370,-107,67,633
2450,2450,PN Type C Cell,194,95,137,180,289,317,-28,109,606
2451,2451,PN Type C Cell,240,73,148,203,313,351,-38,110,664
2452,2452,PN Type C Cell,207,80,146,192,287,338,-51,95,625
2453,2453,PN Type C Cell,215,79,146,200,294,346,-52,94,640
2454,2454,PN Type C Cell,208,98,149,204,306,353,-47,102,659
2455,2455,PN Type C Cell,214,85,142,208,299,350,-51,91,649
2456,2456,PN Type C Cell,200,92,162,197,292,359,-67,95,651
2457,2457,PN Type C Cell,212,92,148,183,304,331,-27,121,635
2458,2458,PN Type C Cell,204,102,152,201,306,353,-47,105,659
2459,2459,PN Type C Cell,201,79,132,198,280,330,-50,82,610
2460,2460,PN Type C Cell,211,87,158,175,298,333,-35,123,631
2461,2461,PN Type C Cell,207,84,131,188,291,319,-28,103,610
2462,2462,PN Type C Cell,205,65,137,180,270,317,-47,90,587
2463,2463,PN Type C Cell,191,71,165,193,262,358,-96,69,620
2464,2464,PN Type C Cell,206,83,164,194,289,358,-69,95,647
2465,2465,PN Type C Cell,212,97,145,198,309,343,-34,111,652
2466,2466,PN Type C Cell,212,63,168,193,275,361,-86,82,636
2467,2467,PN Type C Cell,197,81,164,215,278,379,-101,63,657
2468,2468,PN Type C Cell,194,97,155,204,291,359,-68,87,650
2469,2469,PN Type C Cell,209,74,158,219,283,377,-94,64,660
2470,2470,PN Type C Cell,192,83,156,202,275,358,-83,73,633
2471,2471,PN Type C Cell,208,81,156,185,289,341,-52,104,630
2472,2472,PN Type C Cell,211,85,166,188,296,354,-58,108,650
2473,2473,PN Type C Cell,200,77,145,215,277,360,-83,62,637
2474,2474,PN Type C Cell,190,89,145,204,279,349,-70,75,628
2475,2475,PN Type C Cell,209,82,144,193,291,337,-46,98,628
2476,2476,PN Type C Cell,198,84,153,197,282,350,-68,85,632
2477,2477,PN Type C Cell,225,95,148,205,320,353,-33,115,673
2478,2478,PN Type C Cell,205,74,137,191,279,328,-49,88,607
2479,2479,PN Type C Cell,206,81,157,182,287,339,-52,105,626
2480,2480,PN Type C Cell,204,100,157,185,304,342,-38,119,646
2481,2481,PN Type C Cell,210,82,144,198,292,342,-50,94,634
2482,2482,PN Type C Cell,211,86,153,196,297,349,-52,101,646
2483,2483,PN Type C Cell,218,77,141,200,295,341,-46,95,636
2484,2484,PN Type C Cell,197,83,144,209,280,353,-73,71,633
2485,2485,PN Type C Cell,198,88,162,184,286,346,-60,102,632
2486,2486,PN Type C Cell,207,84,144,186,291,330,-39,105,621
2487,2487,PN Type C Cell,235,80,146,202,315,348,-33,113,663
2488,2488,PN Type C Cell,205,78,149,188,283,337,-54,95,620
2489,2489,PN Type C Cell,200,69,153,195,269,348,-79,74,617
2490,2490,PN Type C Cell,211,71,139,190,282,329,-47,92,611
2491,2491,PN Type C Cell,202,90,156,190,292,346,-54,102,638
2492,2492,PN Type C Cell,199,94,140,204,293,344,-51,89,637
2493,2493,PN Type C Cell,208,92,141,190,300,331,-31,110,631
2494,2494,PN Type C Cell,214,76,162,190,290,352,-62,100,642
2495,2495,PN Type C Cell,218,78,167,209,296,376,-80,87,672
2496,2496,PN Type C Cell,189,93,159,184,282,343,-61,98,625
2497,2497,PN Type C Cell,186,96,141,185,282,326,-44,97,608
2498,2498,PN Type C Cell,202,78,149,195,280,344,-64,85,624
2499,2499,PN Type C Cell,207,93,156,213,300,369,-69,87,669
2500,2500,PN Type C Cell,199,88,159,178,287,337,-50,109,624
2501,2501,PN Type C Cell,198,71,160,195,269,355,-86,74,624
2502,2502,PN Type C Cell,200,87,138,188,287,326,-39,99,613
2503,2503,PN Type C Cell,203,75,161,209,278,370,-92,69,648
2504,2504,PN Type C Cell,214,89,168,206,303,374,-71,97,677
2505,2505,PN Type C Cell,182,89,140,184,271,324,-53,87,595
2506,2506,PN Type C Cell,196,83,161,191,279,352,-73,88,631
2507,2507,PN Type C Cell,223,72,145,193,295,338,-43,102,633
2508,2508,PN Type C Cell,183,63,146,200,246,346,-100,46,592
2509,2509,PN Type C Cell,218,77,160,206,295,366,-71,89,661
2510,2510,PN Type C Cell,188,73,133,178,261,311,-50,83,572
2511,2511,PN Type C Cell,192,78,147,191,270,338,-68,79,608
2512,2512,PN Type C Cell,198,71,147,189,269,336,-67,80,605
2513,2513,PN Type C Cell,213,87,151,179,300,330,-30,121,630
2514,2514,PN Type C Cell,206,75,158,186,281,344,-63,95,625
2515,2515,PN Type C Cell,204,82,160,208,286,368,-82,78,654
2516,2516,PN Type C Cell,221,86,161,194,307,355,-48,113,662
2517,2517,PN Type C Cell,229,81,147,198,310,345,-35,112,655
2518,2518,PN Type C Cell,185,87,156,177,272,333,-61,95,605
2519,2519,PN Type C Cell,216,92,159,195,308,354,-46,113,662
2520,2520,PN Type C Cell,209,75,167,184,284,351,-67,100,635
2521,2521,PN Type C Cell,216,68,137,160,284,297,-13,124,581
2522,2522,PN Type C Cell,196,88,144,208,284,352,-68,76,636
2523,2523,PN Type C Cell,223,83,167,203,306,370,-64,103,676
2524,2524,PN Type C Cell,199,71,164,207,270,371,-101,63,641
2525,2525,PN Type C Cell,219,85,147,204,304,351,-47,100,655
2526,2526,PN Type C Cell,190,83,151,190,273,341,-68,83,614
2527,2527,PN Type C Cell,243,86,157,190,329,347,-18,139,676
2528,2528,PN Type C Cell,214,97,150,189,311,339,-28,122,650
2529,2529,PN Type C Cell,198,77,138,196,275,334,-59,79,609
2530,2530,PN Type C Cell,221,86,159,190,307,349,-42,117,656
2531,2531,PN Type C Cell,186,76,153,193,262,346,-84,69,608
2532,2532,PN Type C Cell,208,75,162,209,283,371,-88,74,654
2533,2533,PN Type C Cell,192,81,136,203,273,339,-66,70,612
2534,2534,PN Type C Cell,201,82,136,180,283,316,-33,103,599
2535,2535,PN Type C Cell,225,67,157,171,292,328,-36,121,620
2536,2536,PN Type C Cell,225,72,143,183,297,326,-29,114,623
2537,2537,PN Type C Cell,199,78,132,183,277,315,-38,94,592
2538,2538,PN Type C Cell,191,86,154,192,277,346,-69,85,623
2539,2539,PN Type C Cell,212,69,139,210,281,349,-68,71,630
2540,2540,PN Type C Cell,225,84,162,199,309,361,-52,110,670
2541,2541,PN Type C Cell,201,84,138,170,285,308,-23,115,593
2542,2542,PN Type C Cell,208,91,144,184,299,328,-29,115,627
2543,2543,PN Type C Cell,186,78,166,205,264,371,-107,59,635
2544,2544,PN Type C Cell,214,90,146,195,304,341,-37,109,645
2545,2545,PN Type C Cell,215,80,151,199,295,350,-55,96,645
2546,2546,PN Type C Cell,217,84,158,173,301,331,-30,128,632
2547,2547,PN Type C Cell,237,87,144,207,324,351,-27,117,675
2548,2548,PN Type C Cell,206,87,142,189,293,331,-38,104,624
2549,2549,PN Type C Cell,195,80,146,206,275,352,-77,69,627
2550,2550,PN Type C Cell,198,77,158,187,275,345,-70,88,620
2551,2551,PN Type C Cell,216,72,162,187,288,349,-61,101,637
2552,2552,PN Type C Cell,186,79,153,183,265,336,-71,82,601
2553,2553,PN Type C Cell,211,72,138,199,283,337,-54,84,620
2554,2554,PN Type C Cell,192,83,146,191,275,337,-62,84,612
2555,2555,PN Type C Cell,197,81,138,191,278,329,-51,87,607
2556,2556,PN Type C Cell,186,73,157,198,259,355,-96,61,614
2557,2557,PN Type C Cell,211,74,163,194,285,357,-72,91,642
2558,2558,PN Type C Cell,192,88,134,199,280,333,-53,81,613
2559,2559,PN Type C Cell,214,79,142,194,293,336,-43,99,629
2560,2560,PN Type C Cell,198,88,148,214,286,362,-76,72,648
2561,2561,PN Type C Cell,204,90,155,197,294,352,-58,97,646
2562,2562,PN Type C Cell,217,79,143,220,296,363,-67,76,659
2563,2563,PN Type C Cell,206,89,138,204,295,342,-47,91,637
2564,2564,PN Type C Cell,227,88,140,206,315,346,-31,109,661
2565,2565,PN Type C Cell,215,69,151,185,284,336,-52,99,620
2566,2566,PN Type C Cell,207,80,162,205,287,367,-80,82,654
2567,2567,PN Type C Cell,216,59,152,187,275,339,-64,88,614
2568,2568,PN Type C Cell,179,89,149,202,268,351,-83,66,619
2569,2569,PN Type C Cell,216,73,156,200,289,356,-67,89,645
2570,2570,PN Type C Cell,216,75,141,186,291,327,-36,105,618
2571,2571,PN Type C Cell,175,72,147,198,247,345,-98,49,592
2572,2572,PN Type C Cell,197,74,136,190,271,326,-55,81,597
2573,2573,PN Type C Cell,188,90,149,202,278,351,-73,76,629
2574,2574,PN Type C Cell,201,76,141,181,277,322,-45,96,599
2575,2575,PN Type C Cell,205,71,146,196,276,342,-66,80,618
2576,2576,PN Type C Cell,209,84,136,199,293,335,-42,94,628
2577,2577,PN Type C Cell,174,79,146,226,253,372,-119,27,625
2578,2578,PN Type C Cell,188,73,160,208,261,368,-107,53,629
2579,2579,PN Type C Cell,205,76,138,192,281,330,-49,89,611
2580,2580,PN Type C Cell,196,96,155,198,292,353,-61,94,645
2581,2581,PN Type C Cell,210,89,157,194,299,351,-52,105,650
2582,2582,PN Type C Cell,196,83,150,198,279,348,-69,81,627
2583,2583,PN Type C Cell,180,84,153,210,264,363,-99,54,627
2584,2584,PN Type C Cell,221,89,158,188,310,346,-36,122,656
2585,2585,PN Type C Cell,197,86,156,182,283,338,-55,101,621
2586,2586,PN Type C Cell,214,73,164,193,287,357,-70,94,644
2587,2587,PN Type C Cell,209,80,136,207,289,343,-54,82,632
2588,2588,PN Type C Cell,206,80,146,198,286,344,-58,88,630
2589,2589,PN Type C Cell,179,92,151,177,271,328,-57,94,599
2590,2590,PN Type C Cell,199,88,157,205,287,362,-75,82,649
2591,2591,PN Type C Cell,185,81,160,202,266,362,-96,64,628
2592,2592,PN Type C Cell,199,92,148,203,291,351,-60,88,642
2593,2593,PN Type C Cell,221,75,147,203,296,350,-54,93,646
2594,2594,PN Type C Cell,222,73,137,189,295,326,-31,106,621
2595,2595,PN Type C Cell,186,74,161,203,260,364,-104,57,624
2596,2596,PN Type C Cell,186,83,152,196,269,348,-79,73,617
2597,2597,PN Type C Cell,192,85,134,205,277,339,-62,72,616
2598,2598,PN Type C Cell,209,93,153,196,302,349,-47,106,651
2599,2599,PN Type C Cell,193,98,148,192,291,340,-49,99,631
2600,2600,PN Type C Cell,221,86,149,213,307,362,-55,94,669
2601,2601,PN Type C Cell,195,98,150,182,293,332,-39,111,625
2602,2602,PN Type C Cell,198,81,155,213,279,368,-89,66,647
2603,2603,PN Type C Cell,191,77,162,190,268,352,-84,78,620
2604,2604,PN Type C Cell,204,76,158,186,280,344,-64,94,624
2605,2605,PN Type C Cell,213,79,156,195,292,351,-59,97,643
2606,2606,PN Type C Cell,215,85,146,179,300,325,-25,121,625
2607,2607,PN Type C Cell,207,83,152,188,290,340,-50,102,630
2608,2608,PN Type C Cell,215,78,138,204,293,342,-49,89,635
2609,2609,PN Type C Cell,200,85,138,199,285,337,-52,86,622
2610,2610,PN Type C Cell,200,80,150,197,280,347,-67,83,627
2611,2611,PN Type C Cell,198,84,146,203,282,349,-67,79,631
2612,2612,PN Type C Cell,184,81,161,195,265,356,-91,70,621
2613,2613,PN Type C Cell,209,95,150,183,304,333,-29,121,637
2614,2614,PN Type C Cell,222,76,155,192,298,347,-49,106,645
2615,2615,PN Type C Cell,199,76,148,186,275,334,-59,89,609
2616,2616,PN Type C Cell,173,89,146,199,262,345,-83,63,607
2617,2617,PN Type C Cell,209,90,131,208,299,339,-40,91,638
2618,2618,PN Type C Cell,202,85,147,183,287,330,-43,104,617
2619,2619,PN Type C Cell,181,83,124,200,264,324,-60,64,588
2620,2620,PN Type C Cell,183,80,158,197,263,355,-92,66,618
2621,2621,PN Type C Cell,207,66,146,187,273,333,-60,86,606
2622,2622,PN Type C Cell,167,90,139,213,257,352,-95,44,609
2623,2623,PN Type C Cell,180,83,149,202,263,351,-88,61,614
2624,2624,PN Type C Cell,203,96,156,189,299,345,-46,110,644
2625,2625,PN Type C Cell,199,87,146,200,286,346,-60,86,632
2626,2626,PN Type C Cell,227,102,150,202,329,352,-23,127,681
2627,2627,PN Type C Cell,215,79,158,181,294,339,-45,113,633
2628,2628,PN Type C Cell,202,95,134,214,297,348,-51,83,645
2629,2629,PN Type C Cell,217,77,140,200,294,340,-46,94,634
2630,2630,PN Type C Cell,208,72,139,200,280,339,-59,80,619
2631,2631,PN Type C Cell,201,74,134,202,275,336,-61,73,611
2632,2632,PN Type C Cell,226,78,140,195,304,335,-31,109,639
2633,2633,PN Type C Cell,233,72,162,207,305,369,-64,98,674
2634,2634,PN Type C Cell,195,83,147,196,278,343,-65,82,621
2635,2635,PN Type C Cell,202,69,139,198,271,337,-66,73,608
2636,2636,PN Type C Cell,195,71,163,210,266,373,-107,56,639
2637,2637,PN Type C Cell,220,95,140,211,315,351,-36,104,666
2638,2638,PN Type C Cell,213,75,144,196,288,340,-52,92,628
2639,2639,PN Type C Cell,209,95,144,202,304,346,-42,102,650
2640,2640,PN Type C Cell,197,89,145,184,286,329,-43,102,615
2641,2641,PN Type C Cell,221,89,139,189,310,328,-18,121,638
2642,2642,PN Type C Cell,212,72,141,197,284,338,-54,87,622
2643,2643,PN Type C Cell,221,73,155,182,294,337,-43,112,631
2644,2644,PN Type C Cell,181,74,147,198,255,345,-90,57,600
2645,2645,PN Type C Cell,205,72,143,190,277,333,-56,87,610
2646,2646,PN Type C Cell,212,80,154,191,292,345,-53,101,637
2647,2647,PN Type C Cell,218,70,145,174,288,319,-31,114,607
2648,2648,PN Type C Cell,220,90,165,193,310,358,-48,117,668
2649,2649,PN Type C Cell,202,82,170,191,284,361,-77,93,645
2650,2650,PN Type C Cell,185,67,154,197,252,351,-99,55,603
2651,2651,PN Type C Cell,204,78,144,203,282,347,-65,79,629
2652,2652,PN Type C Cell,207,77,154,195,284,349,-65,89,633
2653,2653,PN Type C Cell,207,90,144,212,297,356,-59,85,653
2654,2654,PN Type C Cell,197,85,131,195,282,326,-44,87,608
2655,2655,PN Type C Cell,207,71,140,172,278,312,-34,106,590
2656,2656,PN Type C Cell,237,84,160,193,321,353,-32,128,674
2657,2657,PN Type C Cell,190,77,138,196,267,334,-67,71,601
2658,2658,PN Type C Cell,174,96,147,183,270,330,-60,87,600
2659,2659,PN Type C Cell,191,65,157,194,256,351,-95,62,607
2660,2660,PN Type C Cell,184,83,164,200,267,364,-97,67,631
2661,2661,PN Type C Cell,212,75,146,189,287,335,-48,98,622
2662,2662,PN Type C Cell,226,68,156,200,294,356,-62,94,650
2663,2663,PN Type C Cell,195,90,161,196,285,357,-72,89,642
2664,2664,PN Type C Cell,208,68,143,186,276,329,-53,90,605
2665,2665,PN Type C Cell,203,96,144,185,299,329,-30,114,628
2666,2666,PN Type C Cell,205,61,148,187,266,335,-69,79,601
2667,2667,PN Type C Cell,213,93,163,183,306,346,-40,123,652
2668,2668,PN Type C Cell,177,73,141,203,250,344,-94,47,594
2669,2669,PN Type C Cell,169,82,154,207,251,361,-110,44,612
2670,2670,PN Type C Cell,211,86,158,196,297,354,-57,101,651
2671,2671,PN Type C Cell,226,98,140,190,324,330,-6,134,654
2672,2672,PN Type C Cell,207,84,141,201,291,342,-51,90,633
2673,2673,PN Type C Cell,194,102,137,182,296,319,-23,114,615
2674,2674,PN Type C Cell,223,72,142,191,295,333,-38,104,628
2675,2675,PN Type C Cell,209,85,152,194,294,346,-52,100,640
2676,2676,PN Type C Cell,200,99,158,194,299,352,-53,105,651
2677,2677,PN Type C Cell,213,84,152,191,297,343,-46,106,640
2678,2678,PN Type C Cell,194,77,139,189,271,328,-57,82,599
2679,2679,PN Type C Cell,199,75,160,199,274,359,-85,75,633
2680,2680,PN Type C Cell,185,90,142,187,275,329,-54,88,604
2681,2681,PN Type C Cell,190,89,164,198,279,362,-83,81,641
2682,2682,PN Type C Cell,201,85,148,199,286,347,-61,87,633
2683,2683,PN Type C Cell,189,77,159,198,266,357,-91,68,623
2684,2684,PN Type C Cell,210,80,148,199,290,347,-57,91,637
2685,2685,PN Type C Cell,207,84,138,197,291,335,-44,94,626
2686,2686,PN Type C Cell,206,86,172,162,292,334,-42,130,626
2687,2687,PN Type C Cell,208,72,157,195,280,352,-72,85,632
2688,2688,PN Type C Cell,200,80,144,194,280,338,-58,86,618
2689,2689,PN Type C Cell,206,82,132,200,288,332,-44,88,620
2690,2690,PN Type C Cell,189,86,165,185,275,350,-75,90,625
2691,2691,PN Type C Cell,196,100,160,201,296,361,-65,95,657
2692,2692,PN Type C Cell,183,74,161,197,257,358,-101,60,615
2693,2693,PN Type C Cell,208,74,145,206,282,351,-69,76,633
2694,2694,PN Type C Cell,196,93,150,197,289,347,-58,92,636
2695,2695,PN Type C Cell,190,73,139,183,263,322,-59,80,585
2696,2696,PN Type C Cell,211,81,130,188,292,318,-26,104,610
2697,2697,PN Type C Cell,230,95,155,186,325,341,-16,139,666
2698,2698,PN Type C Cell,209,85,151,192,294,343,-49,102,637
2699,2699,PN Type C Cell,190,87,158,186,277,344,-67,91,621
2700,2700,PN Type C Cell,213,95,138,206,308,344,-36,102,652
2701,2701,PN Type C Cell,205,84,147,190,289,337,-48,99,626
2702,2702,PN Type C Cell,214,101,143,186,315,329,-14,129,644
2703,2703,PN Type C Cell,204,84,152,188,288,340,-52,100,628
2704,2704,PN Type C Cell,213,82,159,186,295,345,-50,109,640
2705,2705,PN Type C Cell,208,75,152,202,283,354,-71,81,637
2706,2706,PN Type C Cell,184,75,136,203,259,339,-80,56,598
2707,2707,PN Type C Cell,220,74,141,203,294,344,-50,91,638
2708,2708,PN Type C Cell,219,77,148,208,296,356,-60,88,652
2709,2709,PN Type C Cell,211,71,147,182,282,329,-47,100,611
2710,2710,PN Type C Cell,199,82,142,177,281,319,-38,104,600
2711,2711,PN Type C Cell,231,83,135,207,314,342,-28,107,656
2712,2712,PN Type C Cell,200,63,126,191,263,317,-54,72,580
2713,2713,PN Type C Cell,202,97,147,193,299,340,-41,106,639
2714,2714,PN Type C Cell,199,83,146,193,282,339,-57,89,621
2715,2715,PN Type C Cell,214,94,145,196,308,341,-33,112,649
2716,2716,PN Type C Cell,195,90,167,179,285,346,-61,106,631
2717,2717,PN Type C Cell,200,87,151,182,287,333,-46,105,620
2718,2718,PN Type C Cell,214,80,137,189,294,326,-32,105,620
2719,2719,PN Type C Cell,191,67,143,182,258,325,-67,76,583
2720,2720,PN Type C Cell,191,96,165,175,287,340,-53,112,627
2721,2721,PN Type C Cell,194,73,152,205,267,357,-90,62,624
2722,2722,PN Type C Cell,223,81,153,196,304,349,-45,108,653
2723,2723,PN Type C Cell,220,110,161,193,330,354,-24,137,684
2724,2724,PN Type C Cell,195,102,151,207,297,358,-61,90,655
2725,2725,PN Type C Cell,201,83,146,216,284,362,-78,68,646
2726,2726,PN Type C Cell,225,75,150,207,300,357,-57,93,657
2727,2727,PN Type C Cell,216,81,151,198,297,349,-52,99,646
2728,2728,PN Type C Cell,227,91,150,204,318,354,-36,114,672
2729,2729,PN Type C Cell,208,96,158,183,304,341,-37,121,645
2730,2730,PN Type C Cell,218,83,150,201,301,351,-50,100,652
2731,2731,PN Type C Cell,204,81,158,199,285,357,-72,86,642
2732,2732,PN Type C Cell,202,91,167,183,293,350,-57,110,643
2733,2733,PN Type C Cell,196,78,156,184,274,340,-66,90,614
2734,2734,PN Type C Cell,199,67,159,202,266,361,-95,64,627
2735,2735,PN Type C Cell,210,89,160,193,299,353,-54,106,652
2736,2736,PN Type C Cell,165,82,166,204,247,370,-123,43,617
2737,2737,PN Type C Cell,195,84,148,207,279,355,-76,72,634
2738,2738,PN Type C Cell,190,81,150,190,271,340,-69,81,611
2739,2739,PN Type C Cell,201,70,139,199,271,338,-67,72,609
2740,2740,PN Type C Cell,195,87,154,195,282,349,-67,87,631
2741,2741,PN Type C Cell,180,67,149,212,247,361,-114,35,608
2742,2742,PN Type C Cell,201,94,163,177,295,340,-45,118,635
2743,2743,PN Type C Cell,207,80,156,200,287,356,-69,87,643
2744,2744,PN Type C Cell,209,80,154,202,289,356,-67,87,645
2745,2745,PN Type C Cell,195,84,131,205,279,336,-57,74,615
2746,2746,PN Type C Cell,211,85,154,202,296,356,-60,94,652
2747,2747,PN Type C Cell,212,86,166,198,298,364,-66,100,662
2748,2748,PN Type C Cell,191,83,146,200,274,346,-72,74,620
2749,2749,PN Type C Cell,210,84,132,169,294,301,-7,125,595
2750,2750,PN Type C Cell,210,77,126,200,287,326,-39,87,613
2751,2751,PN Type C Cell,189,75,161,199,264,360,-96,65,624
2752,2752,PN Type C Cell,209,98,155,200,307,355,-48,107,662
2753,2753,PN Type C Cell,206,83,161,180,289,341,-52,109,630
2754,2754,PN Type C Cell,179,86,130,184,265,314,-49,81,579
2755,2755,PN Type C Cell,180,92,139,193,272,332,-60,79,604
2756,2756,PN Type C Cell,213,79,133,208,292,341,-49,84,633
2757,2757,PN Type C Cell,197,94,135,173,291,308,-17,118,599
2758,2758,PN Type C Cell,219,74,144,206,293,350,-57,87,643
2759,2759,PN Type C Cell,191,88,143,193,279,336,-57,86,615
2760,2760,PN Type C Cell,209,81,156,201,290,357,-67,89,647
2761,2761,PN Type C Cell,202,75,150,198,277,348,-71,79,625
2762,2762,PN Type C Cell,218,88,154,200,306,354,-48,106,660
2763,2763,PN Type C Cell,197,90,150,198,287,348,-61,89,635
2764,2764,PN Type C Cell,194,79,157,196,273,353,-80,77,626
2765,2765,PN Type C Cell,211,92,149,197,303,346,-43,106,649
2766,2766,PN Type C Cell,212,83,157,209,295,366,-71,86,661
2767,2767,PN Type C Cell,220,65,163,190,285,353,-68,95,638
2768,2768,PN Type C Cell,182,72,150,194,254,344,-90,60,598
2769,2769,PN Type C Cell,200,94,160,193,294,353,-59,101,647
2770,2770,PN Type C Cell,189,77,139,186,266,325,-59,80,591
2771,2771,PN Type C Cell,202,77,178,199,279,377,-98,80,656
2772,2772,PN Type C Cell,200,87,146,193,287,339,-52,94,626
2773,2773,PN Type C Cell,211,79,156,191,290,347,-57,99,637
2774,2774,PN Type C Cell,180,67,145,187,247,332,-85,60,579
2775,2775,PN Type C Cell,192,72,146,174,264,320,-56,90,584
2776,2776,PN Type C Cell,210,87,151,216,297,367,-70,81,664
2777,2777,PN Type C Cell,231,88,173,194,319,367,-48,125,686
2778,2778,PN Type C Cell,188,88,158,187,276,345,-69,89,621
2779,2779,PN Type C Cell,203,89,165,192,292,357,-65,100,649
2780,2780,PN Type C Cell,186,88,169,206,274,375,-101,68,649
2781,2781,PN Type C Cell,169,89,135,207,258,342,-84,51,600
2782,2782,PN Type C Cell,228,79,147,197,307,344,-37,110,651
2783,2783,PN Type C Cell,178,78,166,195,256,361,-105,61,617
2784,2784,PN Type C Cell,199,88,142,194,287,336,-49,93,623
2785,2785,PN Type C Cell,205,86,153,193,291,346,-55,98,637
2786,2786,PN Type C Cell,204,84,141,195,288,336,-48,93,624
2787,2787,PN Type C Cell,213,98,180,206,311,386,-75,105,697
2788,2788,PN Type C Cell,200,84,136,191,284,327,-43,93,611
2789,2789,PN Type C Cell,223,91,136,192,314,328,-14,122,642
2790,2790,PN Type C Cell,228,80,147,169,308,316,-8,139,624
2791,2791,PN Type C Cell,215,71,142,196,286,338,-52,90,624
2792,2792,PN Type C Cell,188,85,164,194,273,358,-85,79,631
2793,2793,PN Type C Cell,194,70,142,190,264,332,-68,74,596
2794,2794,PN Type C Cell,201,73,146,172,274,318,-44,102,592
2795,2795,PN Type C Cell,227,89,157,211,316,368,-52,105,684
2796,2796,PN Type C Cell,207,78,148,202,285,350,-65,83,635
2797,2797,PN Type C Cell,221,96,139,208,317,347,-30,109,664
2798,2798,PN Type C Cell,211,99,136,191,310,327,-17,119,637
2799,2799,PN Type C Cell,215,80,124,205,295,329,-34,90,624
2800,2800,PN Type C Cell,197,86,159,207,283,366,-83,76,649
2801,2801,PN Type C Cell,205,75,142,200,280,342,-62,80,622
2802,2802,PN Type C Cell,220,80,152,190,300,342,-42,110,642
2803,2803,PN Type C Cell,186,80,145,187,266,332,-66,79,598
2804,2804,PN Type C Cell,211,74,150,194,285,344,-59,91,629
2805,2805,PN Type C Cell,217,79,149,189,296,338,-42,107,634
2806,2806,PN Type C Cell,221,78,166,196,299,362,-63,103,661
2807,2807,PN Type C Cell,230,85,145,185,315,330,-15,130,645
2808,2808,PN Type C Cell,224,78,138,202,302,340,-38,100,642
2809,2809,PN Type C Cell,222,80,153,208,302,361,-59,94,663
2810,2810,PN Type C Cell,215,81,168,202,296,370,-74,94,666
2811,2811,PN Type C Cell,188,84,141,194,272,335,-63,78,607
2812,2812,PN Type C Cell,199,94,146,194,293,340,-47,99,633
2813,2813,PN Type C Cell,210,77,147,193,287,340,-53,94,627
2814,2814,PN Type C Cell,199,83,151,221,282,372,-90,61,654
2815,2815,PN Type C Cell,178,88,162,202,266,364,-98,64,630
2816,2816,PN Type C Cell,205,95,160,194,300,354,-54,106,654
2817,2817,PN Type C Cell,220,91,142,191,311,333,-22,120,644
2818,2818,PN Type C Cell,202,76,133,189,278,322,-44,89,600
2819,2819,PN Type C Cell,211,78,157,198,289,355,-66,91,644
2820,2820,PN Type C Cell,198,89,168,202,287,370,-83,85,657
2821,2821,PN Type C Cell,193,82,134,200,275,334,-59,75,609
2822,2822,PN Type C Cell,190,85,138,199,275,337,-62,76,612
2823,2823,PN Type C Cell,193,89,132,205,282,337,-55,77,619
2824,2824,PN Type C Cell,218,80,157,190,298,347,-49,108,645
2825,2825,PN Type C Cell,213,64,133,202,277,335,-58,75,612
2826,2826,PN Type C Cell,196,88,159,196,284,355,-71,88,639
2827,2827,PN Type C Cell,200,81,138,183,281,321,-40,98,602
2828,2828,PN Type C Cell,185,80,128,177,265,305,-40,88,570
2829,2829,PN Type C Cell,186,78,144,190,264,334,-70,74,598
2830,2830,PN Type C Cell,196,79,149,193,275,342,-67,82,617
2831,2831,PN Type C Cell,189,92,157,197,281,354,-73,84,635
2832,2832,PN Type C Cell,214,86,147,199,300,346,-46,101,646
2833,2833,PN Type C Cell,190,70,138,188,260,326,-66,72,586
2834,2834,PN Type C Cell,171,78,138,203,249,341,-92,46,590
2835,2835,PN Type C Cell,216,81,145,192,297,337,-40,105,634
2836,2836,PN Type C Cell,222,61,168,207,283,375,-92,76,658
2837,2837,PN Type C Cell,227,76,171,187,303,358,-55,116,661
2838,2838,PN Type C Cell,213,77,154,199,290,353,-63,91,643
2839,2839,PN Type C Cell,178,97,142,189,275,331,-56,86,606
2840,2840,PN Type C Cell,196,86,147,186,282,333,-51,96,615
2841,2841,PN Type C Cell,219,83,143,191,302,334,-32,111,636
2842,2842,PN Type C Cell,181,80,154,192,261,346,-85,69,607
2843,2843,PN Type C Cell,203,96,161,201,299,362,-63,98,661
2844,2844,PN Type C Cell,212,89,142,198,301,340,-39,103,641
2845,2845,PN Type C Cell,197,80,161,198,277,359,-82,79,636
2846,2846,PN Type C Cell,205,90,147,177,295,324,-29,118,619
2847,2847,PN Type C Cell,185,87,146,202,272,348,-76,70,620
2848,2848,PN Type C Cell,211,82,138,199,293,337,-44,94,630
2849,2849,PN Type C Cell,210,84,152,180,294,332,-38,114,626
2850,2850,PN Type C Cell,222,83,155,195,305,350,-45,110,655
2851,2851,PN Type C Cell,230,84,157,205,314,362,-48,109,676
2852,2852,PN Type C Cell,215,69,144,183,284,327,-43,101,611
2853,2853,PN Type C Cell,179,86,138,199,265,337,-72,66,602
2854,2854,PN Type C Cell,208,80,163,186,288,349,-61,102,637
2855,2855,PN Type C Cell,200,92,146,192,292,338,-46,100,630
2856,2856,PN Type C Cell,200,83,152,204,283,356,-73,79,639
2857,2857,PN Type C Cell,206,95,145,194,301,339,-38,107,640
2858,2858,PN Type C Cell,209,91,150,217,300,367,-67,83,667
2859,2859,PN Type C Cell,215,96,149,194,311,343,-32,117,654
2860,2860,PN Type C Cell,204,62,157,181,266,338,-72,85,604
2861,2861,PN Type C Cell,212,79,146,188,291,334,-43,103,625
2862,2862,PN Type C Cell,216,90,156,185,306,341,-35,121,647
2863,2863,PN Type C Cell,196,82,131,199,278,330,-52,79,608
2864,2864,PN Type C Cell,197,80,157,187,277,344,-67,90,621
2865,2865,PN Type C Cell,216,72,144,191,288,335,-47,97,623
2866,2866,PN Type C Cell,229,81,123,201,310,324,-14,109,634
2867,2867,PN Type C Cell,194,93,132,185,287,317,-30,102,604
2868,2868,PN Type C Cell,212,94,141,198,306,339,-33,108,645
2869,2869,PN Type C Cell,199,74,152,191,273,343,-70,82,616
2870,2870,PN Type C Cell,216,90,147,191,306,338,-32,115,644
2871,2871,PN Type C Cell,197,75,151,203,272,354,-82,69,626
2872,2872,PN Type C Cell,218,79,150,177,297,327,-30,120,624
2873,2873,PN Type C Cell,209,79,146,183,288,329,-41,105,617
2874,2874,PN Type C Cell,199,75,154,213,274,367,-93,61,641
2875,2875,PN Type C Cell,235,82,150,197,317,347,-30,120,664
2876,2876,PN Type C Cell,198,81,149,197,279,346,-67,82,625
2877,2877,PN Type C Cell,216,66,168,194,282,362,-80,88,644
2878,2878,PN Type C Cell,189,94,153,205,283,358,-75,78,641
2879,2879,PN Type C Cell,190,86,136,177,276,313,-37,99,589
2880,2880,PN Type C Cell,226,87,146,181,313,327,-14,132,640
2881,2881,PN Type C Cell,205,92,161,189,297,350,-53,108,647
2882,2882,PN Type C Cell,199,81,147,201,280,348,-68,79,628
2883,2883,PN Type C Cell,196,79,147,203,275,350,-75,72,625
2884,2884,PN Type C Cell,166,92,139,215,258,354,-96,43,612
2885,2885,PN Type C Cell,198,83,166,192,281,358,-77,89,639
2886,2886,PN Type C Cell,192,87,148,201,279,349,-70,78,628
2887,2887,PN Type C Cell,212,96,132,195,308,327,-19,113,635
2888,2888,PN Type C Cell,207,74,128,190,281,318,-37,91,599
2889,2889,PN Type C Cell,207,103,155,179,310,334,-24,131,644
2890,2890,PN Type C Cell,216,87,147,169,303,316,-13,134,619
2891,2891,PN Type C Cell,206,90,155,202,296,357,-61,94,653
2892,2892,PN Type C Cell,222,81,137,189,303,326,-23,114,629
2893,2893,PN Type C Cell,229,74,158,208,303,366,-63,95,669
2894,2894,PN Type C Cell,217,82,163,202,299,365,-66,97,664
2895,2895,PN Type C Cell,219,80,131,206,299,337,-38,93,636
2896,2896,PN Type C Cell,196,99,138,191,295,329,-34,104,624
2897,2897,PN Type C Cell,179,106,165,201,285,366,-81,84,651
2898,2898,PN Type C Cell,188,86,158,201,274,359,-85,73,633
2899,2899,PN Type C Cell,198,69,125,200,267,325,-58,67,592
2900,2900,PN Type C Cell,224,75,139,188,299,327,-28,111,626
2901,2901,PN Type C Cell,199,78,137,196,277,333,-56,81,610
2902,2902,PN Type C Cell,236,85,128,177,321,305,16,144,626
2903,2903,PN Type C Cell,201,68,142,189,269,331,-62,80,600
2904,2904,PN Type C Cell,203,67,143,180,270,323,-53,90,593
2905,2905,PN Type C Cell,198,86,139,187,284,326,-42,97,610
2906,2906,PN Type C Cell,222,95,151,193,317,344,-27,124,661
2907,2907,PN Type C Cell,186,86,161,197,272,358,-86,75,630
2908,2908,PN Type C Cell,199,74,149,203,273,352,-79,70,625
2909,2909,PN Type C Cell,197,73,152,198,270,350,-80,72,620
2910,2910,PN Type C Cell,216,86,163,178,302,341,-39,124,643
2911,2911,PN Type C Cell,204,85,150,189,289,339,-50,100,628
2912,2912,PN Type C Cell,227,89,159,198,316,357,-41,118,673
2913,2913,PN Type C Cell,216,85,159,195,301,354,-53,106,655
2914,2914,PN Type C Cell,222,75,146,190,297,336,-39,107,633
2915,2915,PN Type C Cell,200,82,150,197,282,347,-65,85,629
2916,2916,PN Type C Cell,186,91,141,181,277,322,-45,96,599
2917,2917,PN Type C Cell,219,95,156,207,314,363,-49,107,677
2918,2918,PN Type C Cell,224,79,152,197,303,349,-46,106,652
2919,2919,PN Type C Cell,205,79,166,177,284,343,-59,107,627
2920,2920,PN Type C Cell,197,88,146,176,285,322,-37,109,607
2921,2921,PN Type C Cell,210,82,155,197,292,352,-60,95,644
2922,2922,PN Type C Cell,194,73,152,193,267,345,-78,74,612
2923,2923,PN Type C Cell,214,102,154,208,316,362,-46,108,678
2924,2924,PN Type C Cell,210,80,136,182,290,318,-28,108,608
2925,2925,PN Type C Cell,195,74,132,220,269,352,-83,49,621
2926,2926,PN Type C Cell,223,79,161,175,302,336,-34,127,638
2927,2927,PN Type C Cell,219,92,154,188,311,342,-31,123,653
2928,2928,PN Type C Cell,228,79,153,204,307,357,-50,103,664
2929,2929,PN Type C Cell,197,97,148,186,294,334,-40,108,628
2930,2930,PN Type C Cell,204,80,157,190,284,347,-63,94,631
2931,2931,PN Type C Cell,220,88,166,195,308,361,-53,113,669
2932,2932,PN Type C Cell,204,94,159,200,298,359,-61,98,657
2933,2933,PN Type C Cell,219,90,152,183,309,335,-26,126,644
2934,2934,PN Type C Cell,235,103,162,205,338,367,-29,133,705
2935,2935,PN Type C Cell,202,83,150,194,285,344,-59,91,629
2936,2936,PN Type C Cell,207,69,151,186,276,337,-61,90,613
2937,2937,PN Type C Cell,204,77,150,203,281,353,-72,78,634
2938,2938,PN Type C Cell,213,78,169,181,291,350,-59,110,641
2939,2939,PN Type C Cell,238,91,154,203,329,357,-28,126,686
2940,2940,PN Type C Cell,206,83,152,196,289,348,-59,93,637
2941,2941,PN Type C Cell,229,83,144,207,312,351,-39,105,663
2942,2942,PN Type C Cell,214,88,154,188,302,342,-40,114,644
2943,2943,PN Type C Cell,201,85,153,214,286,367,-81,72,653
2944,2944,PN Type C Cell,194,78,159,201,272,360,-88,71,632
2945,2945,PN Type C Cell,201,94,162,197,295,359,-64,98,654
2946,2946,PN Type C Cell,220,83,165,189,303,354,-51,114,657
2947,2947,PN Type C Cell,218,94,149,193,312,342,-30,119,654
2948,2948,PN Type C Cell,203,66,151,194,269,345,-76,75,614
2949,2949,PN Type C Cell,183,95,146,192,278,338,-60,86,616
2950,2950,PN Type C Cell,221,85,150,179,306,329,-23,127,635
2951,2951,PN Type C Cell,220,87,155,196,307,351,-44,111,658
2952,2952,PN Type C Cell,222,75,152,183,297,335,-38,114,632
2953,2953,PN Type C Cell,195,83,153,197,278,350,-72,81,628
2954,2954,PN Type C Cell,212,87,166,192,299,358,-59,107,657
2955,2955,PN Type C Cell,205,71,156,195,276,351,-75,81,627
2956,2956,PN Type C Cell,199,97,137,207,296,344,-48,89,640
2957,2957,PN Type C Cell,220,92,158,190,312,348,-36,122,660
2958,2958,PN Type C Cell,203,89,146,186,292,332,-40,106,624
2959,2959,PN Type C Cell,190,91,140,180,281,320,-39,101,601
2960,2960,PN Type C Cell,183,84,148,204,267,352,-85,63,619
2961,2961,PN Type C Cell,207,78,147,193,285,340,-55,92,625
2962,2962,PN Type C Cell,206,79,159,188,285,347,-62,97,632
2963,2963,PN Type C Cell,181,90,144,210,271,354,-83,61,625
2964,2964,PN Type C Cell,222,79,152,194,301,346,-45,107,647
2965,2965,PN Type C Cell,228,97,164,201,325,365,-40,124,690
2966,2966,PN Type C Cell,184,73,151,196,257,347,-90,61,604
2967,2967,PN Type C Cell,211,78,141,200,289,341,-52,89,630
2968,2968,PN Type C Cell,218,80,157,191,298,348,-50,107,646
2969,2969,PN Type C Cell,210,81,135,187,291,322,-31,104,613
2970,2970,PN Type C Cell,216,76,139,183,292,322,-30,109,614
2971,2971,PN Type C Cell,229,66,152,197,295,349,-54,98,644
2972,2972,PN Type C Cell,215,93,156,179,308,335,-27,129,643
2973,2973,PN Type C Cell,210,87,153,196,297,349,-52,101,646
2974,2974,PN Type C Cell,192,92,155,183,284,338,-54,101,622
2975,2975,PN Type C Cell,210,96,145,190,306,335,-29,116,641
2976,2976,PN Type C Cell,187,74,139,200,261,339,-78,61,600
2977,2977,PN Type C Cell,219,77,132,203,296,335,-39,93,631
2978,2978,PN Type C Cell,199,74,161,184,273,345,-72,89,618
2979,2979,PN Type C Cell,209,86,163,210,295,373,-78,85,668
2980,2980,PN Type C Cell,210,86,142,181,296,323,-27,115,619
2981,2981,PN Type C Cell,191,74,139,188,265,327,-62,77,592
2982,2982,PN Type C Cell,187,86,148,185,273,333,-60,88,606
2983,2983,PN Type C Cell,208,61,149,193,269,342,-73,76,611
2984,2984,PN Type C Cell,203,89,141,193,292,334,-42,99,626
2985,2985,PN Type C Cell,213,90,141,199,303,340,-37,104,643
2986,2986,PN Type C Cell,191,79,154,199,270,353,-83,71,623
2987,2987,PN Type C Cell,237,76,153,195,313,348,-35,118,661
2988,2988,PN Type C Cell,215,80,144,190,295,334,-39,105,629
2989,2989,PN Type C Cell,205,90,162,181,295,343,-48,114,638
2990,2990,PN Type C Cell,200,78,154,197,278,351,-73,81,629
2991,2991,PN Type C Cell,194,82,135,211,276,346,-70,65,622
2992,2992,PN Type C Cell,216,74,150,198,290,348,-58,92,638
2993,2993,PN Type C Cell,212,95,141,178,307,319,-12,129,626
2994,2994,PN Type C Cell,205,81,152,195,286,347,-61,91,633
2995,2995,PN Type C Cell,212,82,161,214,294,375,-81,80,669
2996,2996,PN Type C Cell,205,78,167,191,283,358,-75,92,641
2997,2997,PN Type C Cell,210,82,158,200,292,358,-66,92,650
2998,2998,PN Type C Cell,178,82,150,202,260,352,-92,58,612
2999,2999,PN Type C Cell,205,87,169,204,292,373,-81,88,665
3000,3000,PN Type C Cell,203,82,140,196,285,336,-51,89,621
3001,3001,PN Type C Cell,215,86,139,194,301,333,-32,107,634
3002,3002,PN Type C Cell,218,79,140,195,297,335,-38,102,632
3003,3003,PN Type C Cell,193,94,143,186,287,329,-42,101,616
3004,3004,PN Type C Cell,206,85,133,195,291,328,-37,96,619
3005,3005,PN Type C Cell,195,82,153,200,277,353,-76,77,630
3006,3006,PN Type C Cell,212,85,148,180,297,328,-31,117,625
3007,3007,PN Type C Cell,201,82,143,203,283,346,-63,80,629
3008,3008,PN Type C Cell,201,81,148,185,282,333,-51,97,615
3009,3009,PN Type C Cell,217,79,158,210,296,368,-72,86,664
3010,3010,PN Type C Cell,206,76,152,186,282,338,-56,96,620
3011,3011,PN Type C Cell,189,97,142,180,286,322,-36,106,608
3012,3012,PN Type C Cell,200,84,142,203,284,345,-61,81,629
3013,3013,PN Type C Cell,206,80,159,195,286,354,-68,91,640
3014,3014,PN Type C Cell,206,84,155,196,290,351,-61,94,641
3015,3015,PN Type C Cell,219,82,135,201,301,336,-35,100,637
3016,3016,PN Type C Cell,200,94,142,197,294,339,-45,97,633
3017,3017,PN Type C Cell,209,85,132,185,294,317,-23,109,611
3018,3018,PN Type C Cell,249,79,137,201,328,338,-10,127,666
3019,3019,PN Type C Cell,182,75,137,181,257,318,-61,76,575
3020,3020,PN Type C Cell,200,75,142,185,275,327,-52,90,602
3021,3021,PN Type C Cell,226,87,150,195,313,345,-32,118,658
3022,3022,PN Type C Cell,165,86,166,195,251,361,-110,56,612
3023,3023,PN Type C Cell,207,78,140,195,285,335,-50,90,620
3024,3024,PN Type C Cell,205,82,154,198,287,352,-65,89,639
3025,3025,PN Type C Cell,203,85,155,183,288,338,-50,105,626
3026,3026,PN Type C Cell,198,81,138,199,279,337,-58,80,616
3027,3027,PN Type C Cell,189,83,153,199,272,352,-80,73,624
3028,3028,PN Type C Cell,201,79,157,197,280,354,-74,83,634
3029,3029,PN Type C Cell,212,79,150,188,291,338,-47,103,629
3030,3030,PN Type C Cell,205,74,161,193,279,354,-75,86,633
3031,3031,PN Type C Cell,212,102,151,202,314,353,-39,112,667
3032,3032,PN Type C Cell,212,73,127,181,285,308,-23,104,593
3033,3033,PN Type C Cell,214,88,147,203,302,350,-48,99,652
3034,3034,PN Type C Cell,200,93,153,201,293,354,-61,92,647
3035,3035,PN Type C Cell,195,75,149,196,270,345,-75,74,615
3036,3036,PN Type C Cell,201,80,147,192,281,339,-58,89,620
3037,3037,PN Type C Cell,213,97,160,190,310,350,-40,120,660
3038,3038,PN Type C Cell,199,92,147,198,291,345,-54,93,636
3039,3039,PN Type C Cell,201,75,140,197,276,337,-61,79,613
3040,3040,PN Type C Cell,207,85,143,204,292,347,-55,88,639
3041,3041,PN Type C Cell,190,84,151,197,274,348,-74,77,622
3042,3042,PN Type C Cell,239,90,145,186,329,331,-2,143,660
3043,3043,PN Type C Cell,228,89,147,206,317,353,-36,111,670
3044,3044,PN Type C Cell,188,78,137,219,266,356,-90,47,622
3045,3045,PN Type C Cell,203,92,154,190,295,344,-49,105,639
3046,3046,PN Type C Cell,210,86,149,192,296,341,-45,104,637
3047,3047,PN Type C Cell,198,86,155,193,284,348,-64,91,632
3048,3048,PN Type C Cell,219,81,152,198,300,350,-50,102,650
3049,3049,PN Type C Cell,220,93,148,206,313,354,-41,107,667
3050,3050,PN Type C Cell,222,90,138,191,312,329,-17,121,641
3051,3051,PN Type C Cell,199,84,142,203,283,345,-62,80,628
3052,3052,PN Type C Cell,194,74,144,199,268,343,-75,69,611
3053,3053,PN Type C Cell,210,82,169,186,292,355,-63,106,647
3054,3054,PN Type C Cell,165,99,150,208,264,358,-94,56,622
3055,3055,PN Type C Cell,210,78,149,195,288,344,-56,93,632
3056,3056,PN Type C Cell,214,80,157,197,294,354,-60,97,648
3057,3057,PN Type C Cell,228,84,157,194,312,351,-39,118,663
3058,3058,PN Type C Cell,205,86,166,175,291,341,-50,116,632
3059,3059,PN Type C Cell,188,98,144,193,286,337,-51,93,623
3060,3060,PN Type C Cell,181,84,151,193,265,344,-79,72,609
3061,3061,PN Type C Cell,196,82,142,195,278,337,-59,83,615
3062,3062,PN Type C Cell,196,67,148,190,263,338,-75,73,601
3063,3063,PN Type C Cell,188,102,159,189,290,348,-58,101,638
3064,3064,PN Type C Cell,236,92,120,196,328,316,12,132,644
3065,3065,PN Type C Cell,199,87,142,202,286,344,-58,84,630
3066,3066,PN Type C Cell,218,88,163,207,306,370,-64,99,676
3067,3067,PN Type C Cell,204,76,153,189,280,342,-62,91,622
3068,3068,PN Type C Cell,216,86,147,180,302,327,-25,122,629
3069,3069,PN Type C Cell,213,86,147,199,299,346,-47,100,645
3070,3070,PN Type C Cell,236,81,160,208,317,368,-51,109,685
3071,3071,PN Type C Cell,216,82,160,186,298,346,-48,112,644
3072,3072,PN Type C Cell,192,87,133,191,279,324,-45,88,603
3073,3073,PN Type C Cell,209,90,154,204,299,358,-59,95,657
3074,3074,PN Type C Cell,205,77,131,205,282,336,-54,77,618
3075,3075,PN Type C Cell,213,86,152,193,299,345,-46,106,644
3076,3076,PN Type C Cell,194,83,149,199,277,348,-71,78,625
3077,3077,PN Type C Cell,181,83,126,205,264,331,-67,59,595
3078,3078,PN Type C Cell,202,80,151,182,282,333,-51,100,615
3079,3079,PN Type C Cell,185,78,160,192,263,352,-89,71,615
3080,3080,PN Type C Cell,204,89,138,188,293,326,-33,105,619
3081,3081,PN Type C Cell,187,88,143,198,275,341,-66,77,616
3082,3082,PN Type C Cell,180,69,164,203,249,367,-118,46,616
3083,3083,PN Type C Cell,219,81,144,188,300,332,-32,112,632
3084,3084,PN Type C Cell,202,81,149,189,283,338,-55,94,621
3085,3085,PN Type C Cell,194,87,152,187,281,339,-58,94,620
3086,3086,PN Type C Cell,193,81,153,196,274,349,-75,78,623
3087,3087,PN Type C Cell,211,91,142,195,302,337,-35,107,639
3088,3088,PN Type C Cell,203,86,154,189,289,343,-54,100,632
3089,3089,PN Type C Cell,202,80,152,200,282,352,-70,82,634
3090,3090,PN Type C Cell,195,81,170,185,276,355,-79,91,631
3091,3091,PN Type C Cell,214,98,152,185,312,337,-25,127,649
3092,3092,PN Type C Cell,195,80,147,198,275,345,-70,77,620
3093,3093,PN Type C Cell,215,83,149,211,298,360,-62,87,658
3094,3094,PN Type C Cell,179,84,145,182,263,327,-64,81,590
3095,3095,PN Type C Cell,189,84,149,185,273,334,-61,88,607
3096,3096,PN Type C Cell,204,86,151,196,290,347,-57,94,637
3097,3097,PN Type C Cell,200,77,156,176,277,332,-55,101,609
3098,3098,PN Type C Cell,244,73,146,192,317,338,-21,125,655
3099,3099,PN Type C Cell,209,94,149,182,303,331,-28,121,634
3100,3100,PN Type C Cell,198,95,153,193,293,346,-53,100,639
3101,3101,PN Type C Cell,206,76,160,212,282,372,-90,70,654
3102,3102,PN Type C Cell,219,86,172,191,305,363,-58,114,668
3103,3103,PN Type C Cell,190,89,162,186,279,348,-69,93,627
3104,3104,PN Type C Cell,202,75,148,197,277,345,-68,80,622
3105,3105,PN Type C Cell,184,72,132,158,256,290,-34,98,546
3106,3106,PN Type C Cell,197,95,141,198,292,339,-47,94,631
3107,3107,PN Type C Cell,205,92,160,187,297,347,-50,110,644
3108,3108,PN Type C Cell,212,105,150,205,317,355,-38,112,672
3109,3109,PN Type C Cell,206,64,128,207,270,335,-65,63,605
3110,3110,PN Type C Cell,196,76,160,205,272,365,-93,67,637
3111,3111,PN Type C Cell,201,92,142,186,293,328,-35,107,621
3112,3112,PN Type C Cell,213,76,129,195,289,324,-35,94,613
3113,3113,PN Type C Cell,211,78,158,198,289,356,-67,91,645
3114,3114,PN Type C Cell,197,91,165,199,288,364,-76,89,652
3115,3115,PN Type C Cell,198,82,159,174,280,333,-53,106,613
3116,3116,PN Type C Cell,208,74,144,221,282,365,-83,61,647
3117,3117,PN Type C Cell,218,66,170,181,284,351,-67,103,635
3118,3118,PN Type C Cell,196,78,159,188,274,347,-73,86,621
3119,3119,PN Type C Cell,205,93,150,198,298,348,-50,100,646
3120,3120,PN Type C Cell,212,90,145,206,302,351,-49,96,653
3121,3121,PN Type C Cell,165,95,144,201,260,345,-85,59,605
3122,3122,PN Type C Cell,179,90,143,191,269,334,-65,78,603
3123,3123,PN Type C Cell,196,73,145,192,269,337,-68,77,606
3124,3124,PN Type C Cell,207,86,138,201,293,339,-46,92,632
3125,3125,PN Type C Cell,177,90,146,202,267,348,-81,65,615
3126,3126,PN Type C Cell,187,88,162,181,275,343,-68,94,618
3127,3127,PN Type C Cell,215,74,161,192,289,353,-64,97,642
3128,3128,PN Type C Cell,212,71,145,204,283,349,-66,79,632
3129,3129,PN Type C Cell,190,110,154,199,300,353,-53,101,653
3130,3130,PN Type C Cell,211,71,154,197,282,351,-69,85,633
3131,3131,PN Type C Cell,203,86,131,204,289,335,-46,85,624
3132,3132,PN Type C Cell,192,75,133,186,267,319,-52,81,586
3133,3133,PN Type C Cell,188,86,139,186,274,325,-51,88,599
3134,3134,PN Type C Cell,206,73,143,187,279,330,-51,92,609
3135,3135,PN Type C Cell,230,76,148,194,306,342,-36,112,648
3136,3136,PN Type C Cell,207,78,154,202,285,356,-71,83,641
3137,3137,PN Type C Cell,229,82,155,216,311,371,-60,95,682
3138,3138,PN Type C Cell,211,95,143,187,306,330,-24,119,636
3139,3139,PN Type C Cell,215,95,156,182,310,338,-28,128,648
3140,3140,PN Type C Cell,217,76,142,202,293,344,-51,91,637
3141,3141,PN Type C Cell,201,78,141,186,279,327,-48,93,606
3142,3142,PN Type C Cell,203,87,146,189,290,335,-45,101,625
3143,3143,PN Type C Cell,225,87,148,198,312,346,-34,114,658
3144,3144,PN Type C Cell,205,92,152,189,297,341,-44,108,638
3145,3145,PN Type C Cell,195,86,153,189,281,342,-61,92,623
3146,3146,PN Type C Cell,192,75,147,195,267,342,-75,72,609
3147,3147,PN Type C Cell,183,76,138,174,259,312,-53,85,571
3148,3148,PN Type C Cell,193,67,147,210,260,357,-97,50,617
3149,3149,PN Type C Cell,205,95,143,186,300,329,-29,114,629
3150,3150,PN Type C Cell,199,77,142,182,276,324,-48,94,600
3151,3151,PN Type C Cell,212,77,170,201,289,371,-82,88,660
3152,3152,PN Type C Cell,193,62,154,196,255,350,-95,59,605
3153,3153,PN Type C Cell,210,93,168,204,303,372,-69,99,675
3154,3154,PN Type C Cell,189,87,147,196,276,343,-67,80,619
3155,3155,PN Type C Cell,183,85,145,193,268,338,-70,75,606
3156,3156,PN Type C Cell,201,102,146,191,303,337,-34,112,640
3157,3157,PN Type C Cell,206,81,152,191,287,343,-56,96,630
3158,3158,PN Type C Cell,205,89,159,191,294,350,-56,103,644
3159,3159,PN Type C Cell,208,70,164,192,278,356,-78,86,634
3160,3160,PN Type C Cell,223,77,161,182,300,343,-43,118,643
3161,3161,PN Type C Cell,202,82,147,176,284,323,-39,108,607
3162,3162,PN Type C Cell,213,73,141,200,286,341,-55,86,627
3163,3163,PN Type C Cell,190,88,152,207,278,359,-81,71,637
3164,3164,PN Type C Cell,208,83,132,187,291,319,-28,104,610
3165,3165,PN Type C Cell,220,82,136,202,302,338,-36,100,640
3166,3166,PN Type C Cell,201,87,157,187,288,344,-56,101,632
3167,3167,PN Type C Cell,211,100,146,198,311,344,-33,113,655
3168,3168,PN Type C Cell,187,90,146,204,277,350,-73,73,627
3169,3169,PN Type C Cell,189,75,143,201,264,344,-80,63,608
3170,3170,PN Type C Cell,219,84,129,200,303,329,-26,103,632
3171,3171,PN Type C Cell,196,92,147,190,288,337,-49,98,625
3172,3172,PN Type C Cell,204,85,126,201,289,327,-38,88,616
3173,3173,PN Type C Cell,222,74,150,183,296,333,-37,113,629
3174,3174,PN Type C Cell,214,85,161,214,299,375,-76,85,674
3175,3175,PN Type C Cell,200,61,155,191,261,346,-85,70,607
3176,3176,PN Type C Cell,194,78,149,189,272,338,-66,83,610
3177,3177,PN Type C Cell,211,89,159,189,300,348,-48,111,648
3178,3178,PN Type C Cell,191,75,148,192,266,340,-74,74,606
3179,3179,PN Type C Cell,222,82,139,196,304,335,-31,108,639
3180,3180,PN Type C Cell,227,65,156,194,292,350,-58,98,642
3181,3181,PN Type C Cell,187,84,155,182,271,337,-66,89,608
3182,3182,PN Type C Cell,208,72,145,193,280,338,-58,87,618
3183,3183,PN Type C Cell,205,89,143,197,294,340,-46,97,634
3184,3184,PN Type C Cell,204,84,125,193,288,318,-30,95,606
3185,3185,PN Type C Cell,194,80,159,188,274,347,-73,86,621
3186,3186,PN Type C Cell,184,79,133,193,263,326,-63,70,589
3187,3187,PN Type C Cell,209,61,168,185,270,353,-83,85,623
3188,3188,PN Type C Cell,211,89,150,188,300,338,-38,112,638
3189,3189,PN Type C Cell,173,75,149,192,248,341,-93,56,589
3190,3190,PN Type C Cell,180,71,151,209,251,360,-109,42,611
3191,3191,PN Type C Cell,190,81,144,195,271,339,-68,76,610
3192,3192,PN Type C Cell,176,81,157,204,257,361,-104,53,618
3193,3193,PN Type C Cell,204,110,142,199,314,341,-27,115,655
3194,3194,PN Type C Cell,215,85,128,194,300,322,-22,106,622
3195,3195,PN Type C Cell,220,72,165,207,292,372,-80,85,664
3196,3196,PN Type C Cell,212,78,147,211,290,358,-68,79,648
3197,3197,PN Type C Cell,210,68,124,203,278,327,-49,75,605
3198,3198,PN Type C Cell,180,84,159,207,264,366,-102,57,630
3199,3199,PN Type C Cell,220,69,148,207,289,355,-66,82,644
3200,3200,PV Cell,799,322,287,85,1121,372,749,1036,1493
3201,3201,PV Cell,784,318,290,72,1102,362,740,1030,1464
3202,3202,PV Cell,793,312,262,94,1105,356,749,1011,1461
3203,3203,PV Cell,797,305,276,88,1102,364,738,1014,1466
3204,3204,PV Cell,805,299,272,91,1104,363,741,1013,1467
3205,3205,PV Cell,760,315,265,86,1075,351,724,989,1426
3206,3206,PV Cell,790,315,281,80,1105,361,744,1025,1466
3207,3207,PV Cell,758,317,258,92,1075,350,725,983,1425
3208,3208,PV Cell,783,338,269,74,1121,343,778,1047,1464
3209,3209,PV Cell,810,334,287,92,1144,379,765,1052,1523
3210,3210,PV Cell,817,340,265,85,1157,350,807,1072,1507
3211,3211,PV Cell,792,333,285,87,1125,372,753,1038,1497
3212,3212,PV Cell,788,292,277,77,1080,354,726,1003,1434
3213,3213,PV Cell,791,306,282,93,1097,375,722,1004,1472
3214,3214,PV Cell,766,313,285,86,1079,371,708,993,1450
3215,3215,PV Cell,846,297,281,94,1143,375,768,1049,1518
3216,3216,PV Cell,803,306,277,105,1109,382,727,1004,1491
3217,3217,PV Cell,789,329,268,88,1118,356,762,1030,1474
3218,3218,PV Cell,772,324,278,81,1096,359,737,1015,1455
3219,3219,PV Cell,767,330,280,85,1097,365,732,1012,1462
3220,3220,PV Cell,822,305,280,80,1127,360,767,1047,1487
3221,3221,PV Cell,822,327,275,79,1149,354,795,1070,1503
3222,3222,PV Cell,813,323,280,86,1136,366,770,1050,1502
3223,3223,PV Cell,810,304,289,88,1114,377,737,1026,1491
3224,3224,PV Cell,799,327,268,91,1126,359,767,1035,1485
3225,3225,PV Cell,799,322,275,80,1121,355,766,1041,1476
3226,3226,PV Cell,793,330,283,90,1123,373,750,1033,1496
3227,3227,PV Cell,807,304,278,95,1111,373,738,1016,1484
3228,3228,PV Cell,788,332,276,86,1120,362,758,1034,1482
3229,3229,PV Cell,781,343,267,93,1124,360,764,1031,1484
3230,3230,PV Cell,791,304,272,89,1095,361,734,1006,1456
3231,3231,PV Cell,790,328,275,84,1118,359,759,1034,1477
3232,3232,PV Cell,819,325,287,88,1144,375,769,1056,1519
3233,3233,PV Cell,746,318,282,89,1064,371,693,975,1435
3234,3234,PV Cell,793,338,272,85,1131,357,774,1046,1488
3235,3235,PV Cell,793,309,279,84,1102,363,739,1018,1465
3236,3236,PV Cell,780,306,259,98,1086,357,729,988,1443
3237,3237,PV Cell,787,332,269,95,1119,364,755,1024,1483
3238,3238,PV Cell,835,324,281,88,1159,369,790,1071,1528
3239,3239,PV Cell,805,325,280,89,1130,369,761,1041,1499
3240,3240,PV Cell,807,323,278,95,1130,373,757,1035,1503
3241,3241,PV Cell,781,343,286,91,1124,377,747,1033,1501
3242,3242,PV Cell,810,317,284,91,1127,375,752,1036,1502
3243,3243,PV Cell,772,294,268,83,1066,351,715,983,1417
3244,3244,PV Cell,776,349,277,90,1125,367,758,1035,1492
3245,3245,PV Cell,799,307,291,88,1106,379,727,1018,1485
3246,3246,PV Cell,780,312,270,88,1092,358,734,1004,1450
3247,3247,PV Cell,808,314,269,87,1122,356,766,1035,1478
3248,3248,PV Cell,785,333,276,88,1118,364,754,1030,1482
3249,3249,PV Cell,798,315,278,96,1113,374,739,1017,1487
3250,3250,PV Cell,792,345,279,91,1137,370,767,1046,1507
3251,3251,PV Cell,756,326,274,93,1082,367,715,989,1449
3252,3252,PV Cell,794,303,282,87,1097,369,728,1010,1466
3253,3253,PV Cell,772,320,275,85,1092,360,732,1007,1452
3254,3254,PV Cell,826,330,276,87,1156,363,793,1069,1519
3255,3255,PV Cell,816,312,280,89,1128,369,759,1039,1497
3256,3256,PV Cell,803,305,270,88,1108,358,750,1020,1466
3257,3257,PV Cell,826,337,272,87,1163,359,804,1076,1522
3258,3258,PV Cell,800,337,281,92,1137,373,764,1045,1510
3259,3259,PV Cell,815,324,270,104,1139,374,765,1035,1513
3260,3260,PV Cell,820,314,273,98,1134,371,763,1036,1505
3261,3261,PV Cell,771,343,277,97,1114,374,740,1017,1488
3262,3262,PV Cell,806,308,276,86,1114,362,752,1028,1476
3263,3263,PV Cell,764,334,280,87,1098,367,731,1011,1465
3264,3264,PV Cell,803,312,280,81,1115,361,754,1034,1476
3265,3265,PV Cell,817,324,261,96,1141,357,784,1045,1498
3266,3266,PV Cell,791,321,282,87,1112,369,743,1025,1481
3267,3267,PV Cell,847,331,273,83,1178,356,822,1095,1534
3268,3268,PV Cell,810,326,278,88,1136,366,770,1048,1502
3269,3269,PV Cell,773,330,274,92,1103,366,737,1011,1469
3270,3270,PV Cell,799,342,291,90,1141,381,760,1051,1522
3271,3271,PV Cell,801,331,281,111,1132,392,740,1021,1524
3272,3272,PV Cell,825,331,286,93,1156,379,777,1063,1535
3273,3273,PV Cell,810,339,301,94,1149,395,754,1055,1544
3274,3274,PV Cell,791,321,273,83,1112,356,756,1029,1468
3275,3275,PV Cell,787,324,267,103,1111,370,741,1008,1481
3276,3276,PV Cell,766,326,277,83,1092,360,732,1009,1452
3277,3277,PV Cell,767,334,290,86,1101,376,725,1015,1477
3278,3278,PV Cell,841,316,278,85,1157,363,794,1072,1520
3279,3279,PV Cell,789,315,272,80,1104,352,752,1024,1456
3280,3280,PV Cell,766,333,269,97,1099,366,733,1002,1465
3281,3281,PV Cell,821,323,278,86,1144,364,780,1058,1508
3282,3282,PV Cell,795,302,273,108,1097,381,716,989,1478
3283,3283,PV Cell,823,355,277,103,1178,380,798,1075,1558
3284,3284,PV Cell,797,312,272,97,1109,369,740,1012,1478
3285,3285,PV Cell,795,326,297,100,1121,397,724,1021,1518
3286,3286,PV Cell,786,326,256,99,1112,355,757,1013,1467
3287,3287,PV Cell,804,347,276,89,1151,365,786,1062,1516
3288,3288,PV Cell,776,337,280,103,1113,383,730,1010,1496
3289,3289,PV Cell,808,341,276,91,1149,367,782,1058,1516
3290,3290,PV Cell,823,317,278,80,1140,358,782,1060,1498
3291,3291,PV Cell,796,345,268,90,1141,358,783,1051,1499
3292,3292,PV Cell,801,344,294,97,1145,391,754,1048,1536
3293,3293,PV Cell,812,328,299,89,1140,388,752,1051,1528
3294,3294,PV Cell,803,328,258,102,1131,360,771,1029,1491
3295,3295,PV Cell,805,327,284,99,1132,383,749,1033,1515
3296,3296,PV Cell,812,330,278,94,1142,372,770,1048,1514
3297,3297,PV Cell,783,332,260,92,1115,352,763,1023,1467
3298,3298,PV Cell,821,315,277,85,1136,362,774,1051,1498
3299,3299,PV Cell,835,317,295,101,1152,396,756,1051,1548
3300,3300,PV Cell,843,315,264,95,1158,359,799,1063,1517
3301,3301,PV Cell,804,341,271,94,1145,365,780,1051,1510
3302,3302,PV Cell,829,309,282,88,1138,370,768,1050,1508
3303,3303,PV Cell,837,329,273,101,1166,374,792,1065,1540
3304,3304,PV Cell,793,305,283,93,1098,376,722,1005,1474
3305,3305,PV Cell,779,312,285,92,1091,377,714,999,1468
3306,3306,PV Cell,792,326,278,95,1118,373,745,1023,1491
3307,3307,PV Cell,812,324,283,106,1136,389,747,1030,1525
3308,3308,PV Cell,801,309,282,91,1110,373,737,1019,1483
3309,3309,PV Cell,776,342,278,97,1118,375,743,1021,1493
3310,3310,PV Cell,821,307,271,104,1128,375,753,1024,1503
3311,3311,PV Cell,814,311,292,106,1125,398,727,1019,1523
3312,3312,PV Cell,809,313,292,98,1122,390,732,1024,1512
3313,3313,PV Cell,782,311,293,97,1093,390,703,996,1483
3314,3314,PV Cell,800,348,273,109,1148,382,766,1039,1530
3315,3315,PV Cell,809,353,267,87,1162,354,808,1075,1516
3316,3316,PV Cell,794,348,274,99,1142,373,769,1043,1515
3317,3317,PV Cell,808,325,272,98,1133,370,763,1035,1503
3318,3318,PV Cell,831,344,269,100,1175,369,806,1075,1544
3319,3319,PV Cell,810,344,281,105,1154,386,768,1049,1540
3320,3320,PV Cell,778,301,301,87,1079,388,691,992,1467
3321,3321,PV Cell,835,323,272,93,1158,365,793,1065,1523
3322,3322,PV Cell,815,329,283,93,1144,376,768,1051,1520
3323,3323,PV Cell,782,314,268,93,1096,361,735,1003,1457
3324,3324,PV Cell,813,333,272,104,1146,376,770,1042,1522
3325,3325,PV Cell,777,314,296,93,1091,389,702,998,1480
3326,3326,PV Cell,776,325,302,93,1101,395,706,1008,1496
3327,3327,PV Cell,806,324,274,86,1130,360,770,1044,1490
3328,3328,PV Cell,826,313,290,101,1139,391,748,1038,1530
3329,3329,PV Cell,781,327,275,89,1108,364,744,1019,1472
3330,3330,PV Cell,825,333,267,94,1158,361,797,1064,1519
3331,3331,PV Cell,767,350,274,96,1117,370,747,1021,1487
3332,3332,PV Cell,824,314,276,100,1138,376,762,1038,1514
3333,3333,PV Cell,794,346,278,111,1140,389,751,1029,1529
3334,3334,PV Cell,782,317,272,93,1099,365,734,1006,1464
3335,3335,PV Cell,814,322,255,88,1136,343,793,1048,1479
3336,3336,PV Cell,835,344,280,94,1179,374,805,1085,1553
3337,3337,PV Cell,805,334,288,95,1139,383,756,1044,1522
3338,3338,PV Cell,810,315,282,97,1125,379,746,1028,1504
3339,3339,PV Cell,758,311,284,99,1069,383,686,970,1452
3340,3340,PV Cell,833,304,279,92,1137,371,766,1045,1508
3341,3341,PV Cell,792,360,266,99,1152,365,787,1053,1517
3342,3342,PV Cell,826,290,274,104,1116,378,738,1012,1494
3343,3343,PV Cell,812,340,288,92,1152,380,772,1060,1532
3344,3344,PV Cell,788,294,295,92,1082,387,695,990,1469
3345,3345,PV Cell,822,332,269,121,1154,390,764,1033,1544
3346,3346,PV Cell,830,324,283,113,1154,396,758,1041,1550
3347,3347,PV Cell,773,321,270,95,1094,365,729,999,1459
3348,3348,PV Cell,820,316,283,101,1136,384,752,1035,1520
3349,3349,PV Cell,829,289,265,106,1118,371,747,1012,1489
3350,3350,PV Cell,794,307,273,99,1101,372,729,1002,1473
3351,3351,PV Cell,773,329,278,86,1102,364,738,1016,1466
3352,3352,PV Cell,809,328,277,88,1137,365,772,1049,1502
3353,3353,PV Cell,830,306,254,87,1136,341,795,1049,1477
3354,3354,PV Cell,811,323,277,81,1134,358,776,1053,1492
3355,3355,PV Cell,782,338,285,105,1120,390,730,1015,1510
3356,3356,PV Cell,857,309,257,89,1166,346,820,1077,1512
3357,3357,PV Cell,792,317,269,109,1109,378,731,1000,1487
3358,3358,PV Cell,800,308,266,97,1108,363,745,1011,1471
3359,3359,PV Cell,789,329,264,97,1118,361,757,1021,1479
3360,3360,PV Cell,799,336,275,107,1135,382,753,1028,1517
3361,3361,PV Cell,811,314,274,101,1125,375,750,1024,1500
3362,3362,PV Cell,807,309,271,96,1116,367,749,1020,1483
3363,3363,PV Cell,806,323,282,78,1129,360,769,1051,1489
3364,3364,PV Cell,818,332,280,110,1150,390,760,1040,1540
3365,3365,PV Cell,806,337,285,102,1143,387,756,1041,1530
3366,3366,PV Cell,850,318,266,93,1168,359,809,1075,1527
3367,3367,PV Cell,805,295,281,101,1100,382,718,999,1482
3368,3368,PV Cell,784,321,281,100,1105,381,724,1005,1486
3369,3369,PV Cell,821,307,282,100,1128,382,746,1028,1510
3370,3370,PV Cell,815,344,255,104,1159,359,800,1055,1518
3371,3371,PV Cell,810,319,290,77,1129,367,762,1052,1496
3372,3372,PV Cell,790,329,279,103,1119,382,737,1016,1501
3373,3373,PV Cell,768,315,278,96,1083,374,709,987,1457
3374,3374,PV Cell,784,318,277,93,1102,370,732,1009,1472
3375,3375,PV Cell,772,308,282,108,1080,390,690,972,1470
3376,3376,PV Cell,796,324,281,89,1120,370,750,1031,1490
3377,3377,PV Cell,768,321,298,103,1089,401,688,986,1490
3378,3378,PV Cell,781,310,286,106,1091,392,699,985,1483
3379,3379,PV Cell,806,321,283,97,1127,380,747,1030,1507
3380,3380,PV Cell,838,315,288,94,1153,382,771,1059,1535
3381,3381,PV Cell,802,331,283,91,1133,374,759,1042,1507
3382,3382,PV Cell,761,299,272,99,1060,371,689,961,1431
3383,3383,PV Cell,779,324,283,83,1103,366,737,1020,1469
3384,3384,PV Cell,791,336,267,94,1127,361,766,1033,1488
3385,3385,PV Cell,755,319,272,102,1074,374,700,972,1448
3386,3386,PV Cell,788,335,264,78,1123,342,781,1045,1465
3387,3387,PV Cell,818,351,282,101,1169,383,786,1068,1552
3388,3388,PV Cell,779,335,275,110,1114,385,729,1004,1499
3389,3389,PV Cell,789,325,293,101,1114,394,720,1013,1508
3390,3390,PV Cell,800,319,269,116,1119,385,734,1003,1504
3391,3391,PV Cell,777,321,283,101,1098,384,714,997,1482
3392,3392,PV Cell,771,325,274,98,1096,372,724,998,1468
3393,3393,PV Cell,808,332,284,94,1140,378,762,1046,1518
3394,3394,PV Cell,827,330,277,100,1157,377,780,1057,1534
3395,3395,PV Cell,790,321,277,102,1111,379,732,1009,1490
3396,3396,PV Cell,771,317,271,116,1088,387,701,972,1475
3397,3397,PV Cell,793,328,270,87,1121,357,764,1034,1478
3398,3398,PV Cell,779,325,278,88,1104,366,738,1016,1470
3399,3399,PV Cell,787,302,279,98,1089,377,712,991,1466
3400,3400,PV Cell,749,319,278,96,1068,374,694,972,1442
3401,3401,PV Cell,812,316,296,103,1128,399,729,1025,1527
3402,3402,PV Cell,775,307,276,94,1082,370,712,988,1452
3403,3403,PV Cell,840,335,286,98,1175,384,791,1077,1559
3404,3404,PV Cell,786,339,275,105,1125,380,745,1020,1505
3405,3405,PV Cell,811,314,265,96,1125,361,764,1029,1486
3406,3406,PV Cell,829,315,287,117,1144,404,740,1027,1548
3407,3407,PV Cell,828,333,264,115,1161,379,782,1046,1540
3408,3408,PV Cell,804,312,291,110,1116,401,715,1006,1517
3409,3409,PV Cell,781,327,277,95,1108,372,736,1013,1480
3410,3410,PV Cell,754,314,262,101,1068,363,705,967,1431
3411,3411,PV Cell,774,324,282,126,1098,408,690,972,1506
3412,3412,PV Cell,826,336,269,97,1162,366,796,1065,1528
3413,3413,PV Cell,841,321,273,91,1162,364,798,1071,1526
3414,3414,PV Cell,770,320,272,121,1090,393,697,969,1483
3415,3415,PV Cell,791,331,285,101,1122,386,736,1021,1508
3416,3416,PV Cell,798,329,288,113,1127,401,726,1014,1528
3417,3417,PV Cell,791,316,287,88,1107,375,732,1019,1482
3418,3418,PV Cell,845,301,270,112,1146,382,764,1034,1528
3419,3419,PV Cell,802,325,271,99,1127,370,757,1028,1497
3420,3420,PV Cell,784,352,282,90,1136,372,764,1046,1508
3421,3421,PV Cell,788,321,285,106,1109,391,718,1003,1500
3422,3422,PV Cell,773,344,263,103,1117,366,751,1014,1483
3423,3423,PV Cell,789,316,282,112,1105,394,711,993,1499
3424,3424,PV Cell,789,315,281,101,1104,382,722,1003,1486
3425,3425,PV Cell,775,331,271,91,1106,362,744,1015,1468
3426,3426,PV Cell,788,322,294,99,1110,393,717,1011,1503
3427,3427,PV Cell,795,304,284,102,1099,386,713,997,1485
3428,3428,PV Cell,774,312,286,94,1086,380,706,992,1466
3429,3429,PV Cell,846,316,278,85,1162,363,799,1077,1525
3430,3430,PV Cell,766,330,284,90,1096,374,722,1006,1470
3431,3431,PV Cell,846,295,291,104,1141,395,746,1037,1536
3432,3432,PV Cell,826,350,271,98,1176,369,807,1078,1545
3433,3433,PV Cell,789,317,283,103,1106,386,720,1003,1492
3434,3434,PV Cell,818,334,272,89,1152,361,791,1063,1513
3435,3435,PV Cell,845,316,268,105,1161,373,788,1056,1534
3436,3436,PV Cell,814,337,262,92,1151,354,797,1059,1505
3437,3437,PV Cell,801,313,262,104,1114,366,748,1010,1480
3438,3438,PV Cell,772,323,275,111,1095,386,709,984,1481
3439,3439,PV Cell,752,330,270,109,1082,379,703,973,1461
3440,3440,PV Cell,784,322,287,108,1106,395,711,998,1501
3441,3441,PV Cell,776,314,267,102,1090,369,721,988,1459
3442,3442,PV Cell,807,309,276,97,1116,373,743,1019,1489
3443,3443,PV Cell,769,330,290,120,1099,410,689,979,1509
3444,3444,PV Cell,790,323,279,97,1113,376,737,1016,1489
3445,3445,PV Cell,799,328,289,114,1127,403,724,1013,1530
3446,3446,PV Cell,840,328,290,89,1168,379,789,1079,1547
3447,3447,PV Cell,788,329,267,104,1117,371,746,1013,1488
3448,3448,PV Cell,769,309,286,100,1078,386,692,978,1464
3449,3449,PV Cell,786,341,279,84,1127,363,764,1043,1490
3450,3450,PV Cell,773,313,275,88,1086,363,723,998,1449
3451,3451,PV Cell,777,329,278,112,1106,390,716,994,1496
3452,3452,PV Cell,807,316,280,106,1123,386,737,1017,1509
3453,3453,PV Cell,793,335,269,105,1128,374,754,1023,1502
3454,3454,PV Cell,829,343,268,109,1172,377,795,1063,1549
3455,3455,PV Cell,791,329,262,114,1120,376,744,1006,1496
3456,3456,PV Cell,789,297,281,94,1086,375,711,992,1461
3457,3457,PV Cell,801,313,282,102,1114,384,730,1012,1498
3458,3458,PV Cell,813,341,279,106,1154,385,769,1048,1539
3459,3459,PV Cell,754,324,267,105,1078,372,706,973,1450
3460,3460,PV Cell,824,324,276,109,1148,385,763,1039,1533
3461,3461,PV Cell,811,334,279,110,1145,389,756,1035,1534
3462,3462,PV Cell,815,308,288,101,1123,389,734,1022,1512
3463,3463,PV Cell,803,338,274,107,1141,381,760,1034,1522
3464,3464,PV Cell,788,309,285,99,1097,384,713,998,1481
3465,3465,PV Cell,795,331,284,103,1126,387,739,1023,1513
3466,3466,PV Cell,774,365,277,106,1139,383,756,1033,1522
3467,3467,PV Cell,807,318,288,123,1125,411,714,1002,1536
3468,3468,PV Cell,789,303,269,110,1092,379,713,982,1471
3469,3469,PV Cell,796,318,277,103,1114,380,734,1011,1494
3470,3470,PV Cell,807,349,275,118,1156,393,763,1038,1549
3471,3471,PV Cell,774,317,249,106,1091,355,736,985,1446
3472,3472,PV Cell,797,305,265,102,1102,367,735,1000,1469
3473,3473,PV Cell,823,332,278,103,1155,381,774,1052,1536
3474,3474,PV Cell,824,350,278,97,1174,375,799,1077,1549
3475,3475,PV Cell,779,322,292,98,1101,390,711,1003,1491
3476,3476,PV Cell,825,312,277,95,1137,372,765,1042,1509
3477,3477,PV Cell,795,345,275,105,1140,380,760,1035,1520
3478,3478,PV Cell,773,316,294,106,1089,400,689,983,1489
3479,3479,PV Cell,829,336,290,107,1165,397,768,1058,1562
3480,3480,PV Cell,828,332,277,98,1160,375,785,1062,1535
3481,3481,PV Cell,779,331,273,96,1110,369,741,1014,1479
3482,3482,PV Cell,809,323,282,100,1132,382,750,1032,1514
3483,3483,PV Cell,787,319,277,107,1106,384,722,999,1490
3484,3484,PV Cell,808,320,289,113,1128,402,726,1015,1530
3485,3485,PV Cell,822,314,272,108,1136,380,756,1028,1516
3486,3486,PV Cell,806,343,285,104,1149,389,760,1045,1538
3487,3487,PV Cell,850,333,296,101,1183,397,786,1082,1580
3488,3488,PV Cell,809,329,279,132,1138,411,727,1006,1549
3489,3489,PV Cell,812,329,275,98,1141,373,768,1043,1514
3490,3490,PV Cell,796,326,278,97,1122,375,747,1025,1497
3491,3491,PV Cell,791,353,292,87,1144,379,765,1057,1523
3492,3492,PV Cell,793,315,281,121,1108,402,706,987,1510
3493,3493,PV Cell,822,329,274,100,1151,374,777,1051,1525
3494,3494,PV Cell,797,305,268,91,1102,359,743,1011,1461
3495,3495,PV Cell,784,303,278,106,1087,384,703,981,1471
3496,3496,PV Cell,803,326,278,92,1129,370,759,1037,1499
3497,3497,PV Cell,804,343,262,109,1147,371,776,1038,1518
3498,3498,PV Cell,817,304,289,100,1121,389,732,1021,1510
3499,3499,PV Cell,789,320,289,115,1109,404,705,994,1513
3500,3500,PV Cell,829,302,265,108,1131,373,758,1023,1504
3501,3501,PV Cell,790,335,272,120,1125,392,733,1005,1517
3502,3502,PV Cell,805,297,285,95,1102,380,722,1007,1482
3503,3503,PV Cell,788,290,271,106,1078,377,701,972,1455
3504,3504,PV Cell,805,347,279,109,1152,388,764,1043,1540
3505,3505,PV Cell,767,320,273,111,1087,384,703,976,1471
3506,3506,PV Cell,813,316,275,111,1129,386,743,1018,1515
3507,3507,PV Cell,798,327,285,117,1125,402,723,1008,1527
3508,3508,PV Cell,834,315,266,129,1149,395,754,1020,1544
3509,3509,PV Cell,775,298,266,105,1073,371,702,968,1444
3510,3510,PV Cell,772,344,288,110,1116,398,718,1006,1514
3511,3511,PV Cell,763,331,269,116,1094,385,709,978,1479
3512,3512,PV Cell,795,317,268,111,1112,379,733,1001,1491
3513,3513,PV Cell,759,349,280,106,1108,386,722,1002,1494
3514,3514,PV Cell,835,338,288,102,1173,390,783,1071,1563
3515,3515,PV Cell,802,323,261,109,1125,370,755,1016,1495
3516,3516,PV Cell,835,333,281,108,1168,389,779,1060,1557
3517,3517,PV Cell,791,316,283,111,1107,394,713,996,1501
3518,3518,PV Cell,803,325,292,104,1128,396,732,1024,1524
3519,3519,PV Cell,789,323,252,105,1112,357,755,1007,1469
3520,3520,PV Cell,799,354,284,120,1153,404,749,1033,1557
3521,3521,PV Cell,795,303,272,107,1098,379,719,991,1477
3522,3522,PV Cell,807,326,265,99,1133,364,769,1034,1497
3523,3523,PV Cell,817,285,278,101,1102,379,723,1001,1481
3524,3524,PV Cell,789,329,272,114,1118,386,732,1004,1504
3525,3525,PV Cell,825,326,287,111,1151,398,753,1040,1549
3526,3526,PV Cell,816,319,275,125,1135,400,735,1010,1535
3527,3527,PV Cell,838,330,274,111,1168,385,783,1057,1553
3528,3528,PV Cell,787,328,285,96,1115,381,734,1019,1496
3529,3529,PV Cell,804,345,276,107,1149,383,766,1042,1532
3530,3530,PV Cell,771,327,279,95,1098,374,724,1003,1472
3531,3531,PV Cell,831,323,273,110,1154,383,771,1044,1537
3532,3532,PV Cell,808,295,259,91,1103,350,753,1012,1453
3533,3533,PV Cell,853,321,295,110,1174,405,769,1064,1579
3534,3534,PV Cell,801,297,269,102,1098,371,727,996,1469
3535,3535,PV Cell,800,320,291,130,1120,421,699,990,1541
3536,3536,PV Cell,788,324,263,104,1112,367,745,1008,1479
3537,3537,PV Cell,815,318,275,109,1133,384,749,1024,1517
3538,3538,PV Cell,801,328,283,102,1129,385,744,1027,1514
3539,3539,PV Cell,804,349,263,109,1153,372,781,1044,1525
3540,3540,PV Cell,771,333,265,107,1104,372,732,997,1476
3541,3541,PV Cell,810,312,272,102,1122,374,748,1020,1496
3542,3542,PV Cell,811,312,284,103,1123,387,736,1020,1510
3543,3543,PV Cell,772,338,274,115,1110,389,721,995,1499
3544,3544,PV Cell,828,322,267,93,1150,360,790,1057,1510
3545,3545,PV Cell,778,328,274,106,1106,380,726,1000,1486
3546,3546,PV Cell,798,323,280,107,1121,387,734,1014,1508
3547,3547,PV Cell,829,319,276,99,1148,375,773,1049,1523
3548,3548,PV Cell,806,311,268,118,1117,386,731,999,1503
3549,3549,PV Cell,803,336,291,109,1139,400,739,1030,1539
3550,3550,PV Cell,841,302,273,111,1143,384,759,1032,1527
3551,3551,PV Cell,776,335,278,119,1111,397,714,992,1508
3552,3552,PV Cell,801,308,283,108,1109,391,718,1001,1500
3553,3553,PV Cell,800,322,276,108,1122,384,738,1014,1506
3554,3554,PV Cell,786,302,276,120,1088,396,692,968,1484
3555,3555,PV Cell,768,332,285,111,1100,396,704,989,1496
3556,3556,PV Cell,843,323,277,103,1166,380,786,1063,1546
3557,3557,PV Cell,775,345,266,114,1120,380,740,1006,1500
3558,3558,PV Cell,792,302,269,90,1094,359,735,1004,1453
3559,3559,PV Cell,824,321,284,122,1145,406,739,1023,1551
3560,3560,PV Cell,772,309,275,108,1081,383,698,973,1464
3561,3561,PV Cell,790,328,292,108,1118,400,718,1010,1518
3562,3562,PV Cell,803,317,284,116,1120,400,720,1004,1520
3563,3563,PV Cell,816,312,289,109,1128,398,730,1019,1526
3564,3564,PV Cell,769,324,277,126,1093,403,690,967,1496
3565,3565,PV Cell,788,342,281,103,1130,384,746,1027,1514
3566,3566,PV Cell,780,316,283,105,1096,388,708,991,1484
3567,3567,PV Cell,796,307,279,119,1103,398,705,984,1501
3568,3568,PV Cell,807,350,276,98,1157,374,783,1059,1531
3569,3569,PV Cell,774,333,262,113,1107,375,732,994,1482
3570,3570,PV Cell,826,339,281,136,1165,417,748,1029,1582
3571,3571,PV Cell,807,334,267,113,1141,380,761,1028,1521
3572,3572,SOM Cell,770,306,1,146,1076,147,929,930,1223
3573,3573,SOM Cell,763,344,0,154,1107,154,953,953,1261
3574,3574,SOM Cell,787,324,0,148,1111,148,963,963,1259
3575,3575,SOM Cell,807,311,0,151,1118,151,967,967,1269
3576,3576,SOM Cell,785,319,0,133,1104,133,971,971,1237
3577,3577,SOM Cell,810,335,1,146,1145,147,998,999,1292
3578,3578,SOM Cell,813,325,1,147,1138,148,990,991,1286
3579,3579,SOM Cell,764,309,1,152,1073,153,920,921,1226
3580,3580,SOM Cell,808,322,0,155,1130,155,975,975,1285
3581,3581,SOM Cell,834,322,0,141,1156,141,1015,1015,1297
3582,3582,SOM Cell,791,319,0,144,1110,144,966,966,1254
3583,3583,SOM Cell,799,342,1,146,1141,147,994,995,1288
3584,3584,SOM Cell,828,336,0,163,1164,163,1001,1001,1327
3585,3585,SOM Cell,760,358,0,152,1118,152,966,966,1270
3586,3586,SOM Cell,777,327,0,163,1104,163,941,941,1267
3587,3587,SOM Cell,795,303,0,154,1098,154,944,944,1252
3588,3588,SOM Cell,792,327,1,147,1119,148,971,972,1267
3589,3589,SOM Cell,831,348,0,148,1179,148,1031,1031,1327
3590,3590,SOM Cell,781,332,1,150,1113,151,962,963,1264
3591,3591,SOM Cell,777,330,0,139,1107,139,968,968,1246
3592,3592,SOM Cell,802,335,0,155,1137,155,982,982,1292
3593,3593,SOM Cell,786,328,1,149,1114,150,964,965,1264
3594,3594,SOM Cell,782,321,0,149,1103,149,954,954,1252
3595,3595,SOM Cell,790,311,0,153,1101,153,948,948,1254
3596,3596,SOM Cell,746,329,0,141,1075,141,934,934,1216
3597,3597,SOM Cell,773,307,1,147,1080,148,932,933,1228
3598,3598,SOM Cell,784,329,1,150,1113,151,962,963,1264
3599,3599,SOM Cell,812,353,1,165,1165,166,999,1000,1331
3600,3600,SOM Cell,810,295,1,154,1105,155,950,951,1260
3601,3601,SOM Cell,792,326,1,152,1118,153,965,966,1271
3602,3602,SOM Cell,821,322,1,154,1143,155,988,989,1298
3603,3603,SOM Cell,806,333,1,153,1139,154,985,986,1293
3604,3604,SOM Cell,828,324,1,148,1152,149,1003,1004,1301
3605,3605,SOM Cell,809,321,0,148,1130,148,982,982,1278
3606,3606,SOM Cell,741,306,1,142,1047,143,904,905,1190
3607,3607,SOM Cell,808,318,0,149,1126,149,977,977,1275
3608,3608,SOM Cell,773,304,1,157,1077,158,919,920,1235
3609,3609,SOM Cell,803,315,1,131,1118,132,986,987,1250
3610,3610,SOM Cell,749,322,0,130,1071,130,941,941,1201
3611,3611,SOM Cell,722,311,1,124,1033,125,908,909,1158
3612,3612,SOM Cell,789,305,0,164,1094,164,930,930,1258
3613,3613,SOM Cell,759,296,0,134,1055,134,921,921,1189
3614,3614,SOM Cell,790,317,0,151,1107,151,956,956,1258
3615,3615,SOM Cell,827,310,1,145,1137,146,991,992,1283
3616,3616,SOM Cell,803,323,0,150,1126,150,976,976,1276
3617,3617,SOM Cell,790,300,1,132,1090,133,957,958,1223
3618,3618,SOM Cell,795,338,0,141,1133,141,992,992,1274
3619,3619,SOM Cell,783,319,0,138,1102,138,964,964,1240
3620,3620,SOM Cell,750,320,1,138,1070,139,931,932,1209
3621,3621,SOM Cell,774,329,1,150,1103,151,952,953,1254
3622,3622,SOM Cell,759,312,1,125,1071,126,945,946,1197
3623,3623,SOM Cell,800,333,0,145,1133,145,988,988,1278
3624,3624,SOM Cell,779,332,0,148,1111,148,963,963,1259
3625,3625,SOM Cell,749,312,0,136,1061,136,925,925,1197
3626,3626,SOM Cell,777,315,0,145,1092,145,947,947,1237
3627,3627,SOM Cell,781,305,1,141,1086,142,944,945,1228
3628,3628,SOM Cell,822,311,1,150,1133,151,982,983,1284
3629,3629,SOM Cell,769,329,1,163,1098,164,934,935,1262
3630,3630,SOM Cell,798,329,1,161,1127,162,965,966,1289
3631,3631,SOM Cell,796,285,0,147,1081,147,934,934,1228
3632,3632,SOM Cell,804,357,0,141,1161,141,1020,1020,1302
3633,3633,SOM Cell,800,328,1,139,1128,140,988,989,1268
3634,3634,SOM Cell,790,303,1,154,1093,155,938,939,1248
3635,3635,SOM Cell,809,303,0,151,1112,151,961,961,1263
3636,3636,SOM Cell,824,279,0,153,1103,153,950,950,1256
3637,3637,SOM Cell,807,284,1,133,1091,134,957,958,1225
3638,3638,SOM Cell,799,327,0,144,1126,144,982,982,1270
3639,3639,SOM Cell,806,335,1,148,1141,149,992,993,1290
3640,3640,SOM Cell,790,309,0,157,1099,157,942,942,1256
3641,3641,SOM Cell,782,333,0,141,1115,141,974,974,1256
3642,3642,SOM Cell,808,289,1,148,1097,149,948,949,1246
3643,3643,SOM Cell,775,333,0,146,1108,146,962,962,1254
3644,3644,SOM Cell,793,313,0,143,1106,143,963,963,1249
3645,3645,SOM Cell,817,312,0,135,1129,135,994,994,1264
3646,3646,SOM Cell,823,334,0,147,1157,147,1010,1010,1304
3647,3647,SOM Cell,850,321,1,137,1171,138,1033,1034,1309
3648,3648,SOM Cell,799,316,0,140,1115,140,975,975,1255
3649,3649,SOM Cell,776,305,1,163,1081,164,917,918,1245
3650,3650,SOM Cell,761,302,0,135,1063,135,928,928,1198
3651,3651,SOM Cell,789,353,1,139,1142,140,1002,1003,1282
3652,3652,SOM Cell,773,338,1,145,1111,146,965,966,1257
3653,3653,SOM Cell,761,336,0,157,1097,157,940,940,1254
3654,3654,SOM Cell,775,325,0,125,1100,125,975,975,1225
3655,3655,SOM Cell,799,344,0,139,1143,139,1004,1004,1282
3656,3656,SOM Cell,794,308,1,150,1102,151,951,952,1253
3657,3657,SOM Cell,784,316,0,144,1100,144,956,956,1244
3658,3658,SOM Cell,823,320,0,164,1143,164,979,979,1307
3659,3659,SOM Cell,791,308,1,137,1099,138,961,962,1237
3660,3660,SOM Cell,831,339,1,164,1170,165,1005,1006,1335
3661,3661,SOM Cell,805,335,1,132,1140,133,1007,1008,1273
3662,3662,SOM Cell,814,318,0,157,1132,157,975,975,1289
3663,3663,SOM Cell,754,335,1,146,1089,147,942,943,1236
3664,3664,SOM Cell,776,309,1,143,1085,144,941,942,1229
3665,3665,SOM Cell,792,340,0,150,1132,150,982,982,1282
3666,3666,SOM Cell,793,329,1,132,1122,133,989,990,1255
3667,3667,SOM Cell,829,342,1,150,1171,151,1020,1021,1322
3668,3668,SOM Cell,750,322,1,153,1072,154,918,919,1226
3669,3669,SOM Cell,787,328,1,144,1115,145,970,971,1260
3670,3670,SOM Cell,782,348,1,146,1130,147,983,984,1277
3671,3671,SOM Cell,793,337,1,144,1130,145,985,986,1275
3672,3672,SOM Cell,773,311,1,149,1084,150,934,935,1234
3673,3673,SOM Cell,777,313,0,146,1090,146,944,944,1236
3674,3674,SOM Cell,817,328,1,141,1145,142,1003,1004,1287
3675,3675,SOM Cell,744,301,1,129,1045,130,915,916,1175
3676,3676,SOM Cell,805,333,0,154,1138,154,984,984,1292
3677,3677,SOM Cell,794,346,0,154,1140,154,986,986,1294
3678,3678,SOM Cell,768,315,1,157,1083,158,925,926,1241
3679,3679,SOM Cell,771,311,1,150,1082,151,931,932,1233
3680,3680,SOM Cell,789,346,1,142,1135,143,992,993,1278
3681,3681,SOM Cell,804,344,0,133,1148,133,1015,1015,1281
3682,3682,SOM Cell,756,316,1,126,1072,127,945,946,1199
3683,3683,SOM Cell,829,325,1,154,1154,155,999,1000,1309
3684,3684,SOM Cell,798,292,0,160,1090,160,930,930,1250
3685,3685,SOM Cell,790,333,1,141,1123,142,981,982,1265
3686,3686,SOM Cell,770,297,1,146,1067,147,920,921,1214
3687,3687,SOM Cell,821,332,1,162,1153,163,990,991,1316
3688,3688,SOM Cell,768,321,1,146,1089,147,942,943,1236
3689,3689,SOM Cell,820,301,1,154,1121,155,966,967,1276
3690,3690,SOM Cell,795,330,1,135,1125,136,989,990,1261
3691,3691,SOM Cell,774,307,0,130,1081,130,951,951,1211
3692,3692,SOM Cell,818,316,1,134,1134,135,999,1000,1269
3693,3693,SOM Cell,763,312,0,126,1075,126,949,949,1201
3694,3694,SOM Cell,836,318,1,140,1154,141,1013,1014,1295
3695,3695,SOM Cell,772,325,1,157,1097,158,939,940,1255
3696,3696,SOM Cell,791,320,1,127,1111,128,983,984,1239
3697,3697,SOM Cell,788,346,0,147,1134,147,987,987,1281
3698,3698,SOM Cell,760,313,0,162,1073,162,911,911,1235
3699,3699,SOM Cell,827,365,1,140,1192,141,1051,1052,1333
3700,3700,SOM Cell,774,326,0,151,1100,151,949,949,1251
3701,3701,SOM Cell,761,303,1,159,1064,160,904,905,1224
3702,3702,SOM Cell,808,321,1,135,1129,136,993,994,1265
3703,3703,SOM Cell,818,294,0,147,1112,147,965,965,1259
3704,3704,SOM Cell,780,313,0,147,1093,147,946,946,1240
3705,3705,SOM Cell,765,314,1,145,1079,146,933,934,1225
3706,3706,SOM Cell,775,296,0,149,1071,149,922,922,1220
3707,3707,SOM Cell,799,310,0,146,1109,146,963,963,1255
3708,3708,SOM Cell,835,323,0,152,1158,152,1006,1006,1310
3709,3709,SOM Cell,786,301,1,137,1087,138,949,950,1225
3710,3710,SOM Cell,784,330,1,146,1114,147,967,968,1261
3711,3711,SOM Cell,793,330,1,143,1123,144,979,980,1267
3712,3712,SOM Cell,821,326,1,151,1147,152,995,996,1299
3713,3713,SOM Cell,800,331,0,151,1131,151,980,980,1282
3714,3714,SOM Cell,768,318,0,135,1086,135,951,951,1221
3715,3715,SOM Cell,793,338,0,170,1131,170,961,961,1301
3716,3716,SOM Cell,779,361,1,147,1140,148,992,993,1288
3717,3717,SOM Cell,786,307,1,145,1093,146,947,948,1239
3718,3718,SOM Cell,787,330,1,132,1117,133,984,985,1250
3719,3719,SOM Cell,807,347,0,149,1154,149,1005,1005,1303
3720,3720,SOM Cell,806,307,0,159,1113,159,954,954,1272
3721,3721,SOM Cell,817,308,1,159,1125,160,965,966,1285
3722,3722,SOM Cell,787,303,1,163,1090,164,926,927,1254
3723,3723,SOM Cell,768,326,0,149,1094,149,945,945,1243
3724,3724,SOM Cell,787,330,0,143,1117,143,974,974,1260
3725,3725,SOM Cell,763,326,0,160,1089,160,929,929,1249
3726,3726,SOM Cell,829,311,0,148,1140,148,992,992,1288
3727,3727,SOM Cell,778,324,0,157,1102,157,945,945,1259
3728,3728,SOM Cell,780,337,1,141,1117,142,975,976,1259
3729,3729,SOM Cell,787,317,0,168,1104,168,936,936,1272
3730,3730,SOM Cell,808,338,0,131,1146,131,1015,1015,1277
3731,3731,SOM Cell,837,296,0,134,1133,134,999,999,1267
3732,3732,SOM Cell,787,309,0,152,1096,152,944,944,1248
3733,3733,SOM Cell,797,319,1,149,1116,150,966,967,1266
3734,3734,SOM Cell,818,316,1,135,1134,136,998,999,1270
3735,3735,SOM Cell,781,314,1,155,1095,156,939,940,1251
3736,3736,SOM Cell,778,328,0,156,1106,156,950,950,1262
3737,3737,SOM Cell,800,359,0,140,1159,140,1019,1019,1299
3738,3738,SOM Cell,783,318,1,140,1101,141,960,961,1242
3739,3739,SOM Cell,795,312,1,155,1107,156,951,952,1263
3740,3740,SOM Cell,763,316,1,148,1079,149,930,931,1228
3741,3741,SOM Cell,783,338,1,148,1121,149,972,973,1270
3742,3742,SOM Cell,779,326,1,140,1105,141,964,965,1246
3743,3743,SOM Cell,849,329,1,154,1178,155,1023,1024,1333
3744,3744,SOM Cell,786,325,0,144,1111,144,967,967,1255
3745,3745,SOM Cell,760,312,0,154,1072,154,918,918,1226
3746,3746,SOM Cell,773,322,0,142,1095,142,953,953,1237
3747,3747,SOM Cell,832,297,1,136,1129,137,992,993,1266
3748,3748,SOM Cell,770,321,1,149,1091,150,941,942,1241
3749,3749,SOM Cell,796,322,1,157,1118,158,960,961,1276
3750,3750,SOM Cell,774,309,1,168,1083,169,914,915,1252
3751,3751,SOM Cell,790,325,1,149,1115,150,965,966,1265
3752,3752,SOM Cell,750,294,0,136,1044,136,908,908,1180
3753,3753,SOM Cell,788,306,0,144,1094,144,950,950,1238
3754,3754,SOM Cell,840,334,1,147,1174,148,1026,1027,1322
3755,3755,SOM Cell,836,340,0,142,1176,142,1034,1034,1318
3756,3756,SOM Cell,782,339,1,144,1121,145,976,977,1266
3757,3757,SOM Cell,789,312,1,151,1101,152,949,950,1253
3758,3758,SOM Cell,749,315,1,146,1064,147,917,918,1211
3759,3759,SOM Cell,803,319,1,163,1122,164,958,959,1286
3760,3760,SOM Cell,787,315,1,140,1102,141,961,962,1243
3761,3761,SOM Cell,799,331,0,160,1130,160,970,970,1290
3762,3762,SOM Cell,779,327,0,137,1106,137,969,969,1243
3763,3763,SOM Cell,785,284,1,175,1069,176,893,894,1245
3764,3764,SOM Cell,749,326,1,138,1075,139,936,937,1214
3765,3765,SOM Cell,820,305,0,164,1125,164,961,961,1289
3766,3766,SOM Cell,763,333,1,139,1096,140,956,957,1236
3767,3767,SOM Cell,782,322,0,152,1104,152,952,952,1256
3768,3768,SOM Cell,773,307,0,134,1080,134,946,946,1214
3769,3769,SOM Cell,773,325,1,140,1098,141,957,958,1239
3770,3770,SOM Cell,791,299,1,159,1090,160,930,931,1250
3771,3771,SOM Cell,816,307,1,122,1123,123,1000,1001,1246
3772,3772,SOM Cell,799,330,1,139,1129,140,989,990,1269
3773,3773,SOM Cell,802,316,0,174,1118,174,944,944,1292
3774,3774,SOM Cell,767,306,1,145,1073,146,927,928,1219
3775,3775,SOM Cell,799,355,1,167,1154,168,986,987,1322
3776,3776,SOM Cell,799,324,0,146,1123,146,977,977,1269
3777,3777,SOM Cell,793,314,0,166,1107,166,941,941,1273
3778,3778,SOM Cell,779,316,0,149,1095,149,946,946,1244
3779,3779,SOM Cell,751,304,1,148,1055,149,906,907,1204
3780,3780,SOM Cell,761,322,1,159,1083,160,923,924,1243
3781,3781,SOM Cell,773,321,0,163,1094,163,931,931,1257
3782,3782,SOM Cell,758,303,1,140,1061,141,920,921,1202
3783,3783,SOM Cell,802,309,1,146,1111,147,964,965,1258
3784,3784,SOM Cell,783,327,1,156,1110,157,953,954,1267
3785,3785,SOM Cell,792,300,0,136,1092,136,956,956,1228
3786,3786,SOM Cell,800,312,1,144,1112,145,967,968,1257
3787,3787,SOM Cell,853,293,1,140,1146,141,1005,1006,1287
3788,3788,SOM Cell,803,299,0,135,1102,135,967,967,1237
3789,3789,SOM Cell,806,320,1,156,1126,157,969,970,1283
3790,3790,SOM Cell,793,333,1,156,1126,157,969,970,1283
3791,3791,SOM Cell,792,316,0,157,1108,157,951,951,1265
3792,3792,SOM Cell,800,326,1,138,1126,139,987,988,1265
3793,3793,SOM Cell,775,315,1,154,1090,155,935,936,1245
3794,3794,SOM Cell,830,313,0,137,1143,137,1006,1006,1280
3795,3795,SOM Cell,797,317,0,153,1114,153,961,961,1267
3796,3796,SOM Cell,830,328,1,145,1158,146,1012,1013,1304
3797,3797,SOM Cell,793,323,0,151,1116,151,965,965,1267
3798,3798,SOM Cell,764,314,1,152,1078,153,925,926,1231
3799,3799,SOM Cell,780,284,1,138,1064,139,925,926,1203
3800,3800,SOM Cell,760,313,1,149,1073,150,923,924,1223
3801,3801,SOM Cell,809,329,1,141,1138,142,996,997,1280
3802,3802,SOM Cell,759,284,1,154,1043,155,888,889,1198
3803,3803,SOM Cell,780,301,0,148,1081,148,933,933,1229
3804,3804,SOM Cell,793,336,0,149,1129,149,980,980,1278
3805,3805,SOM Cell,797,339,0,142,1136,142,994,994,1278
3806,3806,SOM Cell,783,289,1,161,1072,162,910,911,1234
3807,3807,SOM Cell,788,300,0,148,1088,148,940,940,1236
3808,3808,SOM Cell,806,323,1,159,1129,160,969,970,1289
3809,3809,SOM Cell,784,315,1,140,1099,141,958,959,1240
3810,3810,SOM Cell,824,317,0,161,1141,161,980,980,1302
3811,3811,SOM Cell,806,302,0,152,1108,152,956,956,1260
3812,3812,SOM Cell,772,336,0,154,1108,154,954,954,1262
3813,3813,SOM Cell,768,339,1,150,1107,151,956,957,1258
3814,3814,SOM Cell,781,323,1,143,1104,144,960,961,1248
3815,3815,SOM Cell,786,360,0,147,1146,147,999,999,1293
3816,3816,SOM Cell,770,341,1,136,1111,137,974,975,1248
3817,3817,SOM Cell,788,312,1,158,1100,159,941,942,1259
3818,3818,SOM Cell,802,363,0,148,1165,148,1017,1017,1313
3819,3819,SOM Cell,812,339,0,152,1151,152,999,999,1303
3820,3820,SOM Cell,748,317,1,152,1065,153,912,913,1218
3821,3821,SOM Cell,798,300,0,145,1098,145,953,953,1243
3822,3822,SOM Cell,793,329,0,144,1122,144,978,978,1266
3823,3823,SOM Cell,780,313,1,144,1093,145,948,949,1238
3824,3824,SOM Cell,827,300,0,137,1127,137,990,990,1264
3825,3825,SOM Cell,766,320,1,151,1086,152,934,935,1238
3826,3826,SOM Cell,716,316,0,153,1032,153,879,879,1185
3827,3827,SOM Cell,790,338,0,149,1128,149,979,979,1277
3828,3828,SOM Cell,816,312,0,150,1128,150,978,978,1278
3829,3829,SOM Cell,762,300,1,150,1062,151,911,912,1213
3830,3830,SOM Cell,793,328,1,160,1121,161,960,961,1282
3831,3831,SOM Cell,781,307,1,145,1088,146,942,943,1234
3832,3832,SOM Cell,790,307,0,139,1097,139,958,958,1236
3833,3833,SOM Cell,794,308,0,163,1102,163,939,939,1265
3834,3834,SOM Cell,801,327,0,141,1128,141,987,987,1269
3835,3835,SOM Cell,803,307,0,148,1110,148,962,962,1258
3836,3836,SOM Cell,782,319,0,159,1101,159,942,942,1260
3837,3837,SOM Cell,795,309,1,148,1104,149,955,956,1253
3838,3838,SOM Cell,796,327,1,156,1123,157,966,967,1280
3839,3839,SOM Cell,759,331,0,132,1090,132,958,958,1222
3840,3840,SOM Cell,815,336,1,147,1151,148,1003,1004,1299
3841,3841,SOM Cell,806,312,0,158,1118,158,960,960,1276
3842,3842,SOM Cell,758,351,1,153,1109,154,955,956,1263
3843,3843,SOM Cell,765,324,1,158,1089,159,930,931,1248
3844,3844,SOM Cell,811,331,1,131,1142,132,1010,1011,1274
3845,3845,SOM Cell,789,326,1,148,1115,149,966,967,1264
3846,3846,SOM Cell,808,331,0,140,1139,140,999,999,1279
3847,3847,SOM Cell,780,345,1,147,1125,148,977,978,1273
3848,3848,SOM Cell,765,309,0,149,1074,149,925,925,1223
3849,3849,SOM Cell,784,314,1,154,1098,155,943,944,1253
3850,3850,SOM Cell,804,327,0,155,1131,155,976,976,1286
3851,3851,SOM Cell,771,337,1,130,1108,131,977,978,1239
3852,3852,SOM Cell,805,328,0,149,1133,149,984,984,1282
3853,3853,SOM Cell,778,317,1,128,1095,129,966,967,1224
3854,3854,SOM Cell,805,317,0,144,1122,144,978,978,1266
3855,3855,SOM Cell,754,333,1,147,1087,148,939,940,1235
3856,3856,SOM Cell,749,303,1,153,1052,154,898,899,1206
3857,3857,SOM Cell,762,293,1,153,1055,154,901,902,1209
3858,3858,SOM Cell,775,296,0,150,1071,150,921,921,1221
3859,3859,SOM Cell,778,326,1,151,1104,152,952,953,1256
3860,3860,SOM Cell,791,325,1,161,1116,162,954,955,1278
3861,3861,SOM Cell,769,317,1,139,1086,140,946,947,1226
3862,3862,SOM Cell,833,344,0,144,1177,144,1033,1033,1321
3863,3863,SOM Cell,811,348,1,150,1159,151,1008,1009,1310
3864,3864,SOM Cell,773,329,1,142,1102,143,959,960,1245
3865,3865,SOM Cell,791,304,0,153,1095,153,942,942,1248
3866,3866,SOM Cell,774,333,0,146,1107,146,961,961,1253
3867,3867,SOM Cell,815,325,0,147,1140,147,993,993,1287
3868,3868,SOM Cell,818,316,0,145,1134,145,989,989,1279
3869,3869,SOM Cell,797,325,0,143,1122,143,979,979,1265
3870,3870,SOM Cell,803,310,1,145,1113,146,967,968,1259
3871,3871,SOM Cell,765,297,1,157,1062,158,904,905,1220
3872,3872,SOM Cell,794,337,0,144,1131,144,987,987,1275
3873,3873,SOM Cell,784,306,1,146,1090,147,943,944,1237
3874,3874,SOM Cell,807,330,1,145,1137,146,991,992,1283
3875,3875,SOM Cell,780,318,1,153,1098,154,944,945,1252
3876,3876,SOM Cell,845,315,1,148,1160,149,1011,1012,1309
3877,3877,SOM Cell,821,331,0,154,1152,154,998,998,1306
3878,3878,SOM Cell,790,312,0,151,1102,151,951,951,1253
3879,3879,SOM Cell,781,325,1,146,1106,147,959,960,1253
3880,3880,SOM Cell,824,302,0,145,1126,145,981,981,1271
3881,3881,SOM Cell,747,334,1,152,1081,153,928,929,1234
3882,3882,SOM Cell,818,336,1,133,1154,134,1020,1021,1288
3883,3883,SOM Cell,847,334,1,124,1181,125,1056,1057,1306
3884,3884,SOM Cell,805,330,1,156,1135,157,978,979,1292
3885,3885,SOM Cell,813,320,1,153,1133,154,979,980,1287
3886,3886,SOM Cell,782,322,1,150,1104,151,953,954,1255
3887,3887,SOM Cell,805,303,1,160,1108,161,947,948,1269
3888,3888,SOM Cell,770,311,1,143,1081,144,937,938,1225
3889,3889,SOM Cell,796,325,1,152,1121,153,968,969,1274
3890,3890,SOM Cell,810,311,0,157,1121,157,964,964,1278
3891,3891,SOM Cell,797,314,1,143,1111,144,967,968,1255
3892,3892,SOM Cell,836,308,1,145,1144,146,998,999,1290
3893,3893,SOM Cell,796,317,1,151,1113,152,961,962,1265
3894,3894,SOM Cell,788,309,1,133,1097,134,963,964,1231
3895,3895,SOM Cell,779,337,1,159,1116,160,956,957,1276
3896,3896,SOM Cell,780,343,0,155,1123,155,968,968,1278
3897,3897,SOM Cell,802,338,0,138,1140,138,1002,1002,1278
3898,3898,SOM Cell,806,351,0,147,1157,147,1010,1010,1304
3899,3899,SOM Cell,789,347,0,159,1136,159,977,977,1295
3900,3900,SOM Cell,770,312,0,140,1082,140,942,942,1222
3901,3901,SOM Cell,811,303,0,133,1114,133,981,981,1247
3902,3902,SOM Cell,822,327,0,169,1149,169,980,980,1318
3903,3903,SOM Cell,786,338,1,152,1124,153,971,972,1277
3904,3904,SOM Cell,758,298,0,146,1056,146,910,910,1202
3905,3905,SOM Cell,783,334,0,131,1117,131,986,986,1248
3906,3906,SOM Cell,786,324,1,156,1110,157,953,954,1267
3907,3907,SOM Cell,786,320,1,138,1106,139,967,968,1245
3908,3908,SOM Cell,800,293,1,162,1093,163,930,931,1256
3909,3909,SOM Cell,813,335,1,139,1148,140,1008,1009,1288
3910,3910,SOM Cell,778,329,0,135,1107,135,972,972,1242
3911,3911,SOM Cell,777,318,0,133,1095,133,962,962,1228
3912,3912,SOM Cell,796,335,1,138,1131,139,992,993,1270
3913,3913,SOM Cell,783,317,0,140,1100,140,960,960,1240
3914,3914,SOM Cell,745,288,0,153,1033,153,880,880,1186
3915,3915,SOM Cell,797,294,0,160,1091,160,931,931,1251
3916,3916,SOM Cell,775,327,0,163,1102,163,939,939,1265
3917,3917,SOM Cell,803,320,1,148,1123,149,974,975,1272
3918,3918,SOM Cell,807,323,1,139,1130,140,990,991,1270
3919,3919,SOM Cell,804,328,1,143,1132,144,988,989,1276
3920,3920,SOM Cell,773,293,0,143,1066,143,923,923,1209
3921,3921,SOM Cell,807,304,1,158,1111,159,952,953,1270
3922,3922,SOM Cell,803,328,0,136,1131,136,995,995,1267
3923,3923,SOM Cell,804,333,1,145,1137,146,991,992,1283
3924,3924,SOM Cell,774,302,0,158,1076,158,918,918,1234
3925,3925,SOM Cell,805,327,0,132,1132,132,1000,1000,1264
3926,3926,SOM Cell,837,326,1,168,1163,169,994,995,1332
3927,3927,SOM Cell,790,322,1,149,1112,150,962,963,1262
3928,3928,SOM Cell,804,340,1,150,1144,151,993,994,1295
3929,3929,SOM Cell,746,321,0,135,1067,135,932,932,1202
3930,3930,SOM Cell,759,355,0,142,1114,142,972,972,1256
3931,3931,SOM Cell,782,314,0,151,1096,151,945,945,1247
3932,3932,SOM Cell,802,310,0,142,1112,142,970,970,1254
3933,3933,SOM Cell,802,337,1,160,1139,161,978,979,1300
3934,3934,SOM Cell,790,325,0,147,1115,147,968,968,1262
3935,3935,SOM Cell,818,324,0,153,1142,153,989,989,1295
3936,3936,SOM Cell,817,333,0,135,1150,135,1015,1015,1285
3937,3937,SOM Cell,804,321,1,166,1125,167,958,959,1292
3938,3938,SOM Cell,799,336,1,139,1135,140,995,996,1275
3939,3939,SOM Cell,788,337,1,163,1125,164,961,962,1289
3940,3940,SOM Cell,817,328,1,155,1145,156,989,990,1301
3941,3941,SOM Cell,748,328,1,155,1076,156,920,921,1232
3942,3942,SOM Cell,791,334,1,135,1125,136,989,990,1261
3943,3943,SOM Cell,755,291,1,154,1046,155,891,892,1201
3944,3944,SOM Cell,778,315,1,145,1093,146,947,948,1239
3945,3945,SOM Cell,796,334,0,134,1130,134,996,996,1264
3946,3946,SOM Cell,784,314,1,141,1098,142,956,957,1240
3947,3947,SOM Cell,826,318,0,151,1144,151,993,993,1295
3948,3948,SOM Cell,800,281,0,144,1081,144,937,937,1225
3949,3949,SOM Cell,792,346,1,139,1138,140,998,999,1278
3950,3950,SOM Cell,833,315,1,153,1148,154,994,995,1302
3951,3951,SOM Cell,818,329,0,146,1147,146,1001,1001,1293
3952,3952,SOM Cell,768,306,1,139,1074,140,934,935,1214
3953,3953,SOM Cell,777,331,1,152,1108,153,955,956,1261
3954,3954,SOM Cell,776,313,0,138,1089,138,951,951,1227
3955,3955,SOM Cell,781,321,1,150,1102,151,951,952,1253
3956,3956,SOM Cell,795,311,1,156,1106,157,949,950,1263
3957,3957,SOM Cell,812,317,0,140,1129,140,989,989,1269
3958,3958,SOM Cell,781,318,0,138,1099,138,961,961,1237
3959,3959,SOM Cell,810,317,0,147,1127,147,980,980,1274
3960,3960,SOM Cell,799,341,1,139,1140,140,1000,1001,1280
3961,3961,SOM Cell,804,302,0,152,1106,152,954,954,1258
3962,3962,SOM Cell,815,292,1,124,1107,125,982,983,1232
3963,3963,SOM Cell,813,336,1,145,1149,146,1003,1004,1295
3964,3964,SOM Cell,811,328,0,154,1139,154,985,985,1293
3965,3965,SOM Cell,784,314,0,143,1098,143,955,955,1241
3966,3966,SOM Cell,752,325,1,153,1077,154,923,924,1231
3967,3967,SOM Cell,748,310,1,143,1058,144,914,915,1202
3968,3968,SOM Cell,802,312,0,138,1114,138,976,976,1252
3969,3969,SOM Cell,770,299,0,144,1069,144,925,925,1213
3970,3970,SOM Cell,753,336,0,139,1089,139,950,950,1228
3971,3971,SOM Cell,801,308,0,145,1109,145,964,964,1254
3972,3972,SOM Cell,795,325,1,158,1120,159,961,962,1279
3973,3973,SOM Cell,846,352,1,143,1198,144,1054,1055,1342
3974,3974,SOM Cell,826,314,1,143,1140,144,996,997,1284
3975,3975,SOM Cell,792,322,0,149,1114,149,965,965,1263
3976,3976,SOM Cell,856,314,1,143,1170,144,1026,1027,1314
3977,3977,SOM Cell,801,314,1,175,1115,176,939,940,1291
3978,3978,SOM Cell,763,325,1,151,1088,152,936,937,1240
3979,3979,SOM Cell,796,315,1,128,1111,129,982,983,1240
3980,3980,SOM Cell,843,305,1,147,1148,148,1000,1001,1296
3981,3981,SOM Cell,793,316,0,161,1109,161,948,948,1270
3982,3982,SOM Cell,764,339,0,137,1103,137,966,966,1240
3983,3983,SOM Cell,803,296,1,161,1099,162,937,938,1261
3984,3984,SOM Cell,808,328,1,148,1136,149,987,988,1285
3985,3985,SOM Cell,809,339,1,166,1148,167,981,982,1315
3986,3986,SOM Cell,796,314,1,151,1110,152,958,959,1262
3987,3987,SOM Cell,817,320,1,162,1137,163,974,975,1300
3988,3988,SOM Cell,774,315,1,149,1089,150,939,940,1239
3989,3989,SOM Cell,752,305,1,153,1057,154,903,904,1211
3990,3990,SOM Cell,789,317,0,138,1106,138,968,968,1244
3991,3991,SOM Cell,777,330,0,152,1107,152,955,955,1259
3992,3992,SOM Cell,789,312,0,151,1101,151,950,950,1252
3993,3993,SOM Cell,817,347,0,144,1164,144,1020,1020,1308
3994,3994,SOM Cell,801,331,0,145,1132,145,987,987,1277
3995,3995,SOM Cell,742,332,1,152,1074,153,921,922,1227
3996,3996,SOM Cell,802,320,1,170,1122,171,951,952,1293
3997,3997,SOM Cell,815,306,0,150,1121,150,971,971,1271
3998,3998,SOM Cell,774,320,1,147,1094,148,946,947,1242
3999,3999,SOM Cell,798,326,1,152,1124,153,971,972,1277
