,cell id,Cell Type,PN_A Convergence,PN_C Convergence,SOM Convergence,PV Convergence,Total Exc Convergence,Total Inh Convergence,Net Exc,net Exc only PV,Total number of connections
0,0,PN Type A Cell,0,0,0,0,0,0,0,0,0
1,1,PN Type A Cell,11,2,2,41,13,43,-30,-28,56
2,2,PN Type A Cell,11,7,4,41,18,45,-27,-23,63
3,3,PN Type A Cell,6,4,2,45,10,47,-37,-35,57
4,4,PN Type A Cell,12,3,1,49,15,50,-35,-34,65
5,5,PN Type A Cell,14,3,2,48,17,50,-33,-31,67
6,6,PN Type A Cell,17,4,7,53,21,60,-39,-32,81
7,7,PN Type A Cell,9,5,2,41,14,43,-29,-27,57
8,8,PN Type A Cell,8,3,3,44,11,47,-36,-33,58
9,9,PN Type A Cell,6,8,6,45,14,51,-37,-31,65
10,10,PN Type A Cell,5,8,3,61,13,64,-51,-48,77
11,11,PN Type A Cell,10,7,1,39,17,40,-23,-22,57
12,12,PN Type A Cell,13,5,5,50,18,55,-37,-32,73
13,13,PN Type A Cell,14,1,2,42,15,44,-29,-27,59
14,14,PN Type A Cell,7,1,3,45,8,48,-40,-37,56
15,15,PN Type A Cell,8,4,4,39,12,43,-31,-27,55
16,16,PN Type A Cell,9,2,7,52,11,59,-48,-41,70
17,17,PN Type A Cell,11,7,1,46,18,47,-29,-28,65
18,18,PN Type A Cell,10,6,4,52,16,56,-40,-36,72
19,19,PN Type A Cell,17,3,4,55,20,59,-39,-35,79
20,20,PN Type A Cell,9,3,5,60,12,65,-53,-48,77
21,21,PN Type A Cell,12,5,5,34,17,39,-22,-17,56
22,22,PN Type A Cell,10,5,7,50,15,57,-42,-35,72
23,23,PN Type A Cell,18,8,3,53,26,56,-30,-27,82
24,24,PN Type A Cell,12,5,2,47,17,49,-32,-30,66
25,25,PN Type A Cell,12,6,1,41,18,42,-24,-23,60
26,26,PN Type A Cell,8,5,0,49,13,49,-36,-36,62
27,27,PN Type A Cell,13,3,5,44,16,49,-33,-28,65
28,28,PN Type A Cell,6,1,4,56,7,60,-53,-49,67
29,29,PN Type A Cell,9,4,5,34,13,39,-26,-21,52
30,30,PN Type A Cell,11,3,2,48,14,50,-36,-34,64
31,31,PN Type A Cell,14,6,7,43,20,50,-30,-23,70
32,32,PN Type A Cell,9,1,6,45,10,51,-41,-35,61
33,33,PN Type A Cell,12,4,4,47,16,51,-35,-31,67
34,34,PN Type A Cell,13,4,0,33,17,33,-16,-16,50
35,35,PN Type A Cell,12,2,1,52,14,53,-39,-38,67
36,36,PN Type A Cell,7,2,3,39,9,42,-33,-30,51
37,37,PN Type A Cell,16,6,8,43,22,51,-29,-21,73
38,38,PN Type A Cell,10,3,4,43,13,47,-34,-30,60
39,39,PN Type A Cell,13,3,3,49,16,52,-36,-33,68
40,40,PN Type A Cell,12,4,5,45,16,50,-34,-29,66
41,41,PN Type A Cell,10,4,8,55,14,63,-49,-41,77
42,42,PN Type A Cell,10,4,2,48,14,50,-36,-34,64
43,43,PN Type A Cell,10,4,3,51,14,54,-40,-37,68
44,44,PN Type A Cell,11,3,3,45,14,48,-34,-31,62
45,45,PN Type A Cell,14,3,3,48,17,51,-34,-31,68
46,46,PN Type A Cell,15,5,5,40,20,45,-25,-20,65
47,47,PN Type A Cell,5,7,7,39,12,46,-34,-27,58
48,48,PN Type A Cell,11,7,7,46,18,53,-35,-28,71
49,49,PN Type A Cell,10,4,2,35,14,37,-23,-21,51
50,50,PN Type A Cell,11,5,3,41,16,44,-28,-25,60
51,51,PN Type A Cell,15,9,2,50,24,52,-28,-26,76
52,52,PN Type A Cell,12,5,0,42,17,42,-25,-25,59
53,53,PN Type A Cell,13,4,4,43,17,47,-30,-26,64
54,54,PN Type A Cell,11,5,7,46,16,53,-37,-30,69
55,55,PN Type A Cell,10,5,6,38,15,44,-29,-23,59
56,56,PN Type A Cell,6,9,5,45,15,50,-35,-30,65
57,57,PN Type A Cell,7,4,1,51,11,52,-41,-40,63
58,58,PN Type A Cell,13,6,5,51,19,56,-37,-32,75
59,59,PN Type A Cell,8,2,5,52,10,57,-47,-42,67
60,60,PN Type A Cell,12,2,3,53,14,56,-42,-39,70
61,61,PN Type A Cell,9,4,6,49,13,55,-42,-36,68
62,62,PN Type A Cell,9,3,2,45,12,47,-35,-33,59
63,63,PN Type A Cell,15,3,1,47,18,48,-30,-29,66
64,64,PN Type A Cell,11,4,2,50,15,52,-37,-35,67
65,65,PN Type A Cell,11,5,2,45,16,47,-31,-29,63
66,66,PN Type A Cell,9,5,2,39,14,41,-27,-25,55
67,67,PN Type A Cell,9,2,4,40,11,44,-33,-29,55
68,68,PN Type A Cell,7,7,3,50,14,53,-39,-36,67
69,69,PN Type A Cell,13,6,4,47,19,51,-32,-28,70
70,70,PN Type A Cell,10,3,3,46,13,49,-36,-33,62
71,71,PN Type A Cell,10,7,2,52,17,54,-37,-35,71
72,72,PN Type A Cell,13,2,4,39,15,43,-28,-24,58
73,73,PN Type A Cell,14,1,2,56,15,58,-43,-41,73
74,74,PN Type A Cell,12,2,2,56,14,58,-44,-42,72
75,75,PN Type A Cell,10,8,8,47,18,55,-37,-29,73
76,76,PN Type A Cell,13,8,4,45,21,49,-28,-24,70
77,77,PN Type A Cell,6,6,4,52,12,56,-44,-40,68
78,78,PN Type A Cell,8,6,2,43,14,45,-31,-29,59
79,79,PN Type A Cell,12,2,4,48,14,52,-38,-34,66
80,80,PN Type A Cell,7,3,3,39,10,42,-32,-29,52
81,81,PN Type A Cell,9,7,0,54,16,54,-38,-38,70
82,82,PN Type A Cell,9,4,5,51,13,56,-43,-38,69
83,83,PN Type A Cell,9,8,2,38,17,40,-23,-21,57
84,84,PN Type A Cell,14,3,1,40,17,41,-24,-23,58
85,85,PN Type A Cell,10,1,2,44,11,46,-35,-33,57
86,86,PN Type A Cell,12,5,3,50,17,53,-36,-33,70
87,87,PN Type A Cell,17,4,3,47,21,50,-29,-26,71
88,88,PN Type A Cell,8,3,4,39,11,43,-32,-28,54
89,89,PN Type A Cell,12,3,5,45,15,50,-35,-30,65
90,90,PN Type A Cell,7,5,0,51,12,51,-39,-39,63
91,91,PN Type A Cell,2,7,1,36,9,37,-28,-27,46
92,92,PN Type A Cell,11,5,3,45,16,48,-32,-29,64
93,93,PN Type A Cell,9,5,1,48,14,49,-35,-34,63
94,94,PN Type A Cell,15,5,6,39,20,45,-25,-19,65
95,95,PN Type A Cell,7,6,1,41,13,42,-29,-28,55
96,96,PN Type A Cell,12,1,7,36,13,43,-30,-23,56
97,97,PN Type A Cell,11,5,5,44,16,49,-33,-28,65
98,98,PN Type A Cell,16,3,1,51,19,52,-33,-32,71
99,99,PN Type A Cell,15,5,5,51,20,56,-36,-31,76
100,100,PN Type A Cell,8,9,2,43,17,45,-28,-26,62
101,101,PN Type A Cell,11,6,1,48,17,49,-32,-31,66
102,102,PN Type A Cell,12,10,4,40,22,44,-22,-18,66
103,103,PN Type A Cell,21,4,4,46,25,50,-25,-21,75
104,104,PN Type A Cell,12,7,5,45,19,50,-31,-26,69
105,105,PN Type A Cell,9,4,3,52,13,55,-42,-39,68
106,106,PN Type A Cell,14,10,3,51,24,54,-30,-27,78
107,107,PN Type A Cell,10,3,4,32,13,36,-23,-19,49
108,108,PN Type A Cell,9,2,5,52,11,57,-46,-41,68
109,109,PN Type A Cell,14,4,3,37,18,40,-22,-19,58
110,110,PN Type A Cell,13,5,6,43,18,49,-31,-25,67
111,111,PN Type A Cell,8,2,2,45,10,47,-37,-35,57
112,112,PN Type A Cell,5,5,4,43,10,47,-37,-33,57
113,113,PN Type A Cell,8,4,4,43,12,47,-35,-31,59
114,114,PN Type A Cell,12,7,2,46,19,48,-29,-27,67
115,115,PN Type A Cell,6,4,4,49,10,53,-43,-39,63
116,116,PN Type A Cell,9,5,4,44,14,48,-34,-30,62
117,117,PN Type A Cell,10,3,6,47,13,53,-40,-34,66
118,118,PN Type A Cell,9,5,4,39,14,43,-29,-25,57
119,119,PN Type A Cell,14,5,5,47,19,52,-33,-28,71
120,120,PN Type A Cell,10,3,5,54,13,59,-46,-41,72
121,121,PN Type A Cell,11,3,0,41,14,41,-27,-27,55
122,122,PN Type A Cell,13,1,5,39,14,44,-30,-25,58
123,123,PN Type A Cell,10,5,2,41,15,43,-28,-26,58
124,124,PN Type A Cell,17,4,6,41,21,47,-26,-20,68
125,125,PN Type A Cell,14,9,3,48,23,51,-28,-25,74
126,126,PN Type A Cell,9,6,2,49,15,51,-36,-34,66
127,127,PN Type A Cell,10,4,5,45,14,50,-36,-31,64
128,128,PN Type A Cell,14,6,2,50,20,52,-32,-30,72
129,129,PN Type A Cell,14,4,2,53,18,55,-37,-35,73
130,130,PN Type A Cell,15,5,6,40,20,46,-26,-20,66
131,131,PN Type A Cell,5,4,3,55,9,58,-49,-46,67
132,132,PN Type A Cell,14,2,2,46,16,48,-32,-30,64
133,133,PN Type A Cell,13,7,2,46,20,48,-28,-26,68
134,134,PN Type A Cell,13,6,4,56,19,60,-41,-37,79
135,135,PN Type A Cell,12,5,1,53,17,54,-37,-36,71
136,136,PN Type A Cell,12,3,4,50,15,54,-39,-35,69
137,137,PN Type A Cell,4,8,4,52,12,56,-44,-40,68
138,138,PN Type A Cell,11,1,2,38,12,40,-28,-26,52
139,139,PN Type A Cell,12,4,0,45,16,45,-29,-29,61
140,140,PN Type A Cell,9,3,7,51,12,58,-46,-39,70
141,141,PN Type A Cell,11,8,2,46,19,48,-29,-27,67
142,142,PN Type A Cell,18,8,5,45,26,50,-24,-19,76
143,143,PN Type A Cell,11,3,2,50,14,52,-38,-36,66
144,144,PN Type A Cell,8,6,2,45,14,47,-33,-31,61
145,145,PN Type A Cell,10,3,3,42,13,45,-32,-29,58
146,146,PN Type A Cell,14,4,4,50,18,54,-36,-32,72
147,147,PN Type A Cell,16,4,3,53,20,56,-36,-33,76
148,148,PN Type A Cell,12,4,3,43,16,46,-30,-27,62
149,149,PN Type A Cell,9,6,1,55,15,56,-41,-40,71
150,150,PN Type A Cell,9,8,6,44,17,50,-33,-27,67
151,151,PN Type A Cell,13,1,3,45,14,48,-34,-31,62
152,152,PN Type A Cell,11,5,2,40,16,42,-26,-24,58
153,153,PN Type A Cell,13,8,2,50,21,52,-31,-29,73
154,154,PN Type A Cell,11,1,4,51,12,55,-43,-39,67
155,155,PN Type A Cell,13,7,6,36,20,42,-22,-16,62
156,156,PN Type A Cell,14,5,2,42,19,44,-25,-23,63
157,157,PN Type A Cell,13,6,4,42,19,46,-27,-23,65
158,158,PN Type A Cell,14,3,5,44,17,49,-32,-27,66
159,159,PN Type A Cell,6,0,1,47,6,48,-42,-41,54
160,160,PN Type A Cell,16,3,5,40,19,45,-26,-21,64
161,161,PN Type A Cell,4,6,7,54,10,61,-51,-44,71
162,162,PN Type A Cell,8,7,6,41,15,47,-32,-26,62
163,163,PN Type A Cell,8,6,6,58,14,64,-50,-44,78
164,164,PN Type A Cell,12,0,5,42,12,47,-35,-30,59
165,165,PN Type A Cell,12,3,3,42,15,45,-30,-27,60
166,166,PN Type A Cell,7,2,3,51,9,54,-45,-42,63
167,167,PN Type A Cell,17,6,2,41,23,43,-20,-18,66
168,168,PN Type A Cell,11,3,3,45,14,48,-34,-31,62
169,169,PN Type A Cell,9,4,7,43,13,50,-37,-30,63
170,170,PN Type A Cell,14,4,3,36,18,39,-21,-18,57
171,171,PN Type A Cell,10,4,4,47,14,51,-37,-33,65
172,172,PN Type A Cell,8,0,3,51,8,54,-46,-43,62
173,173,PN Type A Cell,11,7,5,44,18,49,-31,-26,67
174,174,PN Type A Cell,10,4,1,33,14,34,-20,-19,48
175,175,PN Type A Cell,9,4,4,43,13,47,-34,-30,60
176,176,PN Type A Cell,18,7,4,46,25,50,-25,-21,75
177,177,PN Type A Cell,9,3,3,43,12,46,-34,-31,58
178,178,PN Type A Cell,10,3,0,51,13,51,-38,-38,64
179,179,PN Type A Cell,8,6,4,39,14,43,-29,-25,57
180,180,PN Type A Cell,13,5,9,46,18,55,-37,-28,73
181,181,PN Type A Cell,9,4,6,47,13,53,-40,-34,66
182,182,PN Type A Cell,9,4,6,37,13,43,-30,-24,56
183,183,PN Type A Cell,8,4,4,42,12,46,-34,-30,58
184,184,PN Type A Cell,7,7,2,47,14,49,-35,-33,63
185,185,PN Type A Cell,17,3,4,48,20,52,-32,-28,72
186,186,PN Type A Cell,12,2,4,49,14,53,-39,-35,67
187,187,PN Type A Cell,17,3,5,42,20,47,-27,-22,67
188,188,PN Type A Cell,10,8,7,43,18,50,-32,-25,68
189,189,PN Type A Cell,10,4,1,54,14,55,-41,-40,69
190,190,PN Type A Cell,16,7,4,49,23,53,-30,-26,76
191,191,PN Type A Cell,9,9,2,47,18,49,-31,-29,67
192,192,PN Type A Cell,10,4,3,50,14,53,-39,-36,67
193,193,PN Type A Cell,11,1,5,50,12,55,-43,-38,67
194,194,PN Type A Cell,16,2,2,54,18,56,-38,-36,74
195,195,PN Type A Cell,10,2,7,49,12,56,-44,-37,68
196,196,PN Type A Cell,10,7,5,45,17,50,-33,-28,67
197,197,PN Type A Cell,18,3,4,40,21,44,-23,-19,65
198,198,PN Type A Cell,14,4,3,49,18,52,-34,-31,70
199,199,PN Type A Cell,11,5,3,51,16,54,-38,-35,70
200,200,PN Type A Cell,14,4,4,51,18,55,-37,-33,73
201,201,PN Type A Cell,11,0,5,51,11,56,-45,-40,67
202,202,PN Type A Cell,11,5,4,49,16,53,-37,-33,69
203,203,PN Type A Cell,13,2,4,46,15,50,-35,-31,65
204,204,PN Type A Cell,15,1,5,48,16,53,-37,-32,69
205,205,PN Type A Cell,12,6,3,48,18,51,-33,-30,69
206,206,PN Type A Cell,9,5,3,50,14,53,-39,-36,67
207,207,PN Type A Cell,14,4,2,44,18,46,-28,-26,64
208,208,PN Type A Cell,11,4,2,49,15,51,-36,-34,66
209,209,PN Type A Cell,6,2,3,42,8,45,-37,-34,53
210,210,PN Type A Cell,14,3,3,47,17,50,-33,-30,67
211,211,PN Type A Cell,7,3,2,50,10,52,-42,-40,62
212,212,PN Type A Cell,15,1,3,43,16,46,-30,-27,62
213,213,PN Type A Cell,11,4,7,41,15,48,-33,-26,63
214,214,PN Type A Cell,12,3,2,49,15,51,-36,-34,66
215,215,PN Type A Cell,8,5,2,44,13,46,-33,-31,59
216,216,PN Type A Cell,8,6,1,43,14,44,-30,-29,58
217,217,PN Type A Cell,12,4,2,44,16,46,-30,-28,62
218,218,PN Type A Cell,8,4,3,46,12,49,-37,-34,61
219,219,PN Type A Cell,13,8,3,50,21,53,-32,-29,74
220,220,PN Type A Cell,14,3,3,47,17,50,-33,-30,67
221,221,PN Type A Cell,5,5,5,47,10,52,-42,-37,62
222,222,PN Type A Cell,7,8,5,50,15,55,-40,-35,70
223,223,PN Type A Cell,12,3,4,47,15,51,-36,-32,66
224,224,PN Type A Cell,8,3,1,45,11,46,-35,-34,57
225,225,PN Type A Cell,12,4,2,43,16,45,-29,-27,61
226,226,PN Type A Cell,13,2,3,41,15,44,-29,-26,59
227,227,PN Type A Cell,6,5,3,43,11,46,-35,-32,57
228,228,PN Type A Cell,12,2,4,49,14,53,-39,-35,67
229,229,PN Type A Cell,11,4,7,38,15,45,-30,-23,60
230,230,PN Type A Cell,9,3,1,58,12,59,-47,-46,71
231,231,PN Type A Cell,14,2,4,42,16,46,-30,-26,62
232,232,PN Type A Cell,13,5,5,37,18,42,-24,-19,60
233,233,PN Type A Cell,11,6,6,39,17,45,-28,-22,62
234,234,PN Type A Cell,14,1,4,54,15,58,-43,-39,73
235,235,PN Type A Cell,13,5,4,46,18,50,-32,-28,68
236,236,PN Type A Cell,15,6,3,56,21,59,-38,-35,80
237,237,PN Type A Cell,12,4,2,46,16,48,-32,-30,64
238,238,PN Type A Cell,8,2,3,47,10,50,-40,-37,60
239,239,PN Type A Cell,9,3,3,48,12,51,-39,-36,63
240,240,PN Type A Cell,6,3,4,51,9,55,-46,-42,64
241,241,PN Type A Cell,12,4,4,41,16,45,-29,-25,61
242,242,PN Type A Cell,9,5,5,37,14,42,-28,-23,56
243,243,PN Type A Cell,7,1,5,48,8,53,-45,-40,61
244,244,PN Type A Cell,8,3,1,43,11,44,-33,-32,55
245,245,PN Type A Cell,10,5,3,53,15,56,-41,-38,71
246,246,PN Type A Cell,10,5,1,46,15,47,-32,-31,62
247,247,PN Type A Cell,7,4,3,46,11,49,-38,-35,60
248,248,PN Type A Cell,7,1,2,51,8,53,-45,-43,61
249,249,PN Type A Cell,13,3,3,47,16,50,-34,-31,66
250,250,PN Type A Cell,8,7,4,45,15,49,-34,-30,64
251,251,PN Type A Cell,8,3,3,36,11,39,-28,-25,50
252,252,PN Type A Cell,11,4,3,50,15,53,-38,-35,68
253,253,PN Type A Cell,7,0,4,47,7,51,-44,-40,58
254,254,PN Type A Cell,11,7,1,39,18,40,-22,-21,58
255,255,PN Type A Cell,9,2,2,50,11,52,-41,-39,63
256,256,PN Type A Cell,14,6,6,34,20,40,-20,-14,60
257,257,PN Type A Cell,13,3,5,44,16,49,-33,-28,65
258,258,PN Type A Cell,7,5,4,49,12,53,-41,-37,65
259,259,PN Type A Cell,7,1,5,48,8,53,-45,-40,61
260,260,PN Type A Cell,7,1,3,41,8,44,-36,-33,52
261,261,PN Type A Cell,15,5,2,52,20,54,-34,-32,74
262,262,PN Type A Cell,13,6,2,44,19,46,-27,-25,65
263,263,PN Type A Cell,15,5,1,37,20,38,-18,-17,58
264,264,PN Type A Cell,7,7,4,39,14,43,-29,-25,57
265,265,PN Type A Cell,7,4,4,48,11,52,-41,-37,63
266,266,PN Type A Cell,5,2,6,47,7,53,-46,-40,60
267,267,PN Type A Cell,13,4,6,43,17,49,-32,-26,66
268,268,PN Type A Cell,10,5,3,43,15,46,-31,-28,61
269,269,PN Type A Cell,10,0,6,43,10,49,-39,-33,59
270,270,PN Type A Cell,12,5,2,46,17,48,-31,-29,65
271,271,PN Type A Cell,12,3,1,38,15,39,-24,-23,54
272,272,PN Type A Cell,9,3,2,39,12,41,-29,-27,53
273,273,PN Type A Cell,10,4,3,58,14,61,-47,-44,75
274,274,PN Type A Cell,5,2,1,46,7,47,-40,-39,54
275,275,PN Type A Cell,11,2,5,43,13,48,-35,-30,61
276,276,PN Type A Cell,10,3,2,48,13,50,-37,-35,63
277,277,PN Type A Cell,16,2,3,47,18,50,-32,-29,68
278,278,PN Type A Cell,10,5,4,46,15,50,-35,-31,65
279,279,PN Type A Cell,15,1,3,40,16,43,-27,-24,59
280,280,PN Type A Cell,9,10,3,42,19,45,-26,-23,64
281,281,PN Type A Cell,15,3,2,43,18,45,-27,-25,63
282,282,PN Type A Cell,7,5,4,44,12,48,-36,-32,60
283,283,PN Type A Cell,12,5,4,38,17,42,-25,-21,59
284,284,PN Type A Cell,11,5,1,53,16,54,-38,-37,70
285,285,PN Type A Cell,6,3,3,45,9,48,-39,-36,57
286,286,PN Type A Cell,8,4,3,44,12,47,-35,-32,59
287,287,PN Type A Cell,10,3,1,57,13,58,-45,-44,71
288,288,PN Type A Cell,14,6,0,51,20,51,-31,-31,71
289,289,PN Type A Cell,9,6,3,48,15,51,-36,-33,66
290,290,PN Type A Cell,14,10,2,42,24,44,-20,-18,68
291,291,PN Type A Cell,12,6,2,48,18,50,-32,-30,68
292,292,PN Type A Cell,14,6,4,44,20,48,-28,-24,68
293,293,PN Type A Cell,12,3,7,45,15,52,-37,-30,67
294,294,PN Type A Cell,17,2,5,44,19,49,-30,-25,68
295,295,PN Type A Cell,8,7,7,50,15,57,-42,-35,72
296,296,PN Type A Cell,11,4,2,45,15,47,-32,-30,62
297,297,PN Type A Cell,12,2,1,41,14,42,-28,-27,56
298,298,PN Type A Cell,10,4,3,39,14,42,-28,-25,56
299,299,PN Type A Cell,5,3,2,45,8,47,-39,-37,55
300,300,PN Type A Cell,7,7,1,40,14,41,-27,-26,55
301,301,PN Type A Cell,12,1,7,52,13,59,-46,-39,72
302,302,PN Type A Cell,16,8,3,40,24,43,-19,-16,67
303,303,PN Type A Cell,10,3,4,45,13,49,-36,-32,62
304,304,PN Type A Cell,9,6,3,44,15,47,-32,-29,62
305,305,PN Type A Cell,11,5,3,49,16,52,-36,-33,68
306,306,PN Type A Cell,9,8,2,54,17,56,-39,-37,73
307,307,PN Type A Cell,10,3,4,40,13,44,-31,-27,57
308,308,PN Type A Cell,11,4,2,43,15,45,-30,-28,60
309,309,PN Type A Cell,12,1,3,49,13,52,-39,-36,65
310,310,PN Type A Cell,16,5,1,53,21,54,-33,-32,75
311,311,PN Type A Cell,9,5,3,40,14,43,-29,-26,57
312,312,PN Type A Cell,13,7,0,43,20,43,-23,-23,63
313,313,PN Type A Cell,6,5,4,54,11,58,-47,-43,69
314,314,PN Type A Cell,10,5,4,43,15,47,-32,-28,62
315,315,PN Type A Cell,9,4,5,37,13,42,-29,-24,55
316,316,PN Type A Cell,5,4,2,43,9,45,-36,-34,54
317,317,PN Type A Cell,12,4,6,39,16,45,-29,-23,61
318,318,PN Type A Cell,11,5,2,43,16,45,-29,-27,61
319,319,PN Type A Cell,11,1,2,42,12,44,-32,-30,56
320,320,PN Type A Cell,7,7,8,54,14,62,-48,-40,76
321,321,PN Type A Cell,10,7,4,38,17,42,-25,-21,59
322,322,PN Type A Cell,8,0,3,49,8,52,-44,-41,60
323,323,PN Type A Cell,18,6,5,53,24,58,-34,-29,82
324,324,PN Type A Cell,14,4,5,36,18,41,-23,-18,59
325,325,PN Type A Cell,11,3,2,44,14,46,-32,-30,60
326,326,PN Type A Cell,10,5,4,56,15,60,-45,-41,75
327,327,PN Type A Cell,14,4,5,46,18,51,-33,-28,69
328,328,PN Type A Cell,10,2,7,46,12,53,-41,-34,65
329,329,PN Type A Cell,11,6,6,47,17,53,-36,-30,70
330,330,PN Type A Cell,10,2,4,53,12,57,-45,-41,69
331,331,PN Type A Cell,6,3,5,41,9,46,-37,-32,55
332,332,PN Type A Cell,16,2,2,43,18,45,-27,-25,63
333,333,PN Type A Cell,10,4,1,48,14,49,-35,-34,63
334,334,PN Type A Cell,13,5,3,44,18,47,-29,-26,65
335,335,PN Type A Cell,12,1,2,44,13,46,-33,-31,59
336,336,PN Type A Cell,6,4,2,47,10,49,-39,-37,59
337,337,PN Type A Cell,12,4,1,44,16,45,-29,-28,61
338,338,PN Type A Cell,10,4,6,44,14,50,-36,-30,64
339,339,PN Type A Cell,10,1,2,40,11,42,-31,-29,53
340,340,PN Type A Cell,11,2,4,50,13,54,-41,-37,67
341,341,PN Type A Cell,17,7,4,43,24,47,-23,-19,71
342,342,PN Type A Cell,12,5,6,49,17,55,-38,-32,72
343,343,PN Type A Cell,16,5,2,43,21,45,-24,-22,66
344,344,PN Type A Cell,14,5,5,45,19,50,-31,-26,69
345,345,PN Type A Cell,13,2,6,44,15,50,-35,-29,65
346,346,PN Type A Cell,14,3,5,47,17,52,-35,-30,69
347,347,PN Type A Cell,13,5,2,41,18,43,-25,-23,61
348,348,PN Type A Cell,5,4,4,43,9,47,-38,-34,56
349,349,PN Type A Cell,6,5,6,49,11,55,-44,-38,66
350,350,PN Type A Cell,15,4,4,41,19,45,-26,-22,64
351,351,PN Type A Cell,10,7,4,48,17,52,-35,-31,69
352,352,PN Type A Cell,17,3,8,50,20,58,-38,-30,78
353,353,PN Type A Cell,14,8,2,49,22,51,-29,-27,73
354,354,PN Type A Cell,15,3,3,38,18,41,-23,-20,59
355,355,PN Type A Cell,9,2,6,46,11,52,-41,-35,63
356,356,PN Type A Cell,15,7,5,51,22,56,-34,-29,78
357,357,PN Type A Cell,13,3,6,39,16,45,-29,-23,61
358,358,PN Type A Cell,11,5,3,38,16,41,-25,-22,57
359,359,PN Type A Cell,12,5,3,43,17,46,-29,-26,63
360,360,PN Type A Cell,17,3,4,43,20,47,-27,-23,67
361,361,PN Type A Cell,5,9,4,44,14,48,-34,-30,62
362,362,PN Type A Cell,8,2,4,41,10,45,-35,-31,55
363,363,PN Type A Cell,7,1,2,44,8,46,-38,-36,54
364,364,PN Type A Cell,7,4,3,57,11,60,-49,-46,71
365,365,PN Type A Cell,8,6,4,45,14,49,-35,-31,63
366,366,PN Type A Cell,8,4,2,44,12,46,-34,-32,58
367,367,PN Type A Cell,11,6,2,46,17,48,-31,-29,65
368,368,PN Type A Cell,8,2,2,49,10,51,-41,-39,61
369,369,PN Type A Cell,12,9,3,45,21,48,-27,-24,69
370,370,PN Type A Cell,15,0,3,46,15,49,-34,-31,64
371,371,PN Type A Cell,9,7,4,47,16,51,-35,-31,67
372,372,PN Type A Cell,10,8,7,46,18,53,-35,-28,71
373,373,PN Type A Cell,8,8,3,53,16,56,-40,-37,72
374,374,PN Type A Cell,13,5,3,46,18,49,-31,-28,67
375,375,PN Type A Cell,14,5,7,44,19,51,-32,-25,70
376,376,PN Type A Cell,8,11,5,38,19,43,-24,-19,62
377,377,PN Type A Cell,6,5,4,53,11,57,-46,-42,68
378,378,PN Type A Cell,6,8,4,41,14,45,-31,-27,59
379,379,PN Type A Cell,7,7,3,40,14,43,-29,-26,57
380,380,PN Type A Cell,10,2,2,46,12,48,-36,-34,60
381,381,PN Type A Cell,14,3,4,54,17,58,-41,-37,75
382,382,PN Type A Cell,12,4,5,38,16,43,-27,-22,59
383,383,PN Type A Cell,12,5,4,47,17,51,-34,-30,68
384,384,PN Type A Cell,6,2,3,48,8,51,-43,-40,59
385,385,PN Type A Cell,13,7,3,50,20,53,-33,-30,73
386,386,PN Type A Cell,10,7,6,41,17,47,-30,-24,64
387,387,PN Type A Cell,11,6,2,35,17,37,-20,-18,54
388,388,PN Type A Cell,8,5,4,42,13,46,-33,-29,59
389,389,PN Type A Cell,9,5,3,45,14,48,-34,-31,62
390,390,PN Type A Cell,16,4,2,48,20,50,-30,-28,70
391,391,PN Type A Cell,12,4,2,45,16,47,-31,-29,63
392,392,PN Type A Cell,10,2,3,44,12,47,-35,-32,59
393,393,PN Type A Cell,9,3,3,42,12,45,-33,-30,57
394,394,PN Type A Cell,8,8,1,50,16,51,-35,-34,67
395,395,PN Type A Cell,16,4,3,42,20,45,-25,-22,65
396,396,PN Type A Cell,6,1,1,48,7,49,-42,-41,56
397,397,PN Type A Cell,11,3,7,48,14,55,-41,-34,69
398,398,PN Type A Cell,8,5,0,44,13,44,-31,-31,57
399,399,PN Type A Cell,7,7,3,45,14,48,-34,-31,62
400,400,PN Type A Cell,9,3,6,46,12,52,-40,-34,64
401,401,PN Type A Cell,18,2,1,47,20,48,-28,-27,68
402,402,PN Type A Cell,20,10,3,46,30,49,-19,-16,79
403,403,PN Type A Cell,10,5,2,41,15,43,-28,-26,58
404,404,PN Type A Cell,11,7,4,48,18,52,-34,-30,70
405,405,PN Type A Cell,6,3,2,30,9,32,-23,-21,41
406,406,PN Type A Cell,13,1,3,39,14,42,-28,-25,56
407,407,PN Type A Cell,6,2,3,48,8,51,-43,-40,59
408,408,PN Type A Cell,13,4,4,49,17,53,-36,-32,70
409,409,PN Type A Cell,11,3,4,45,14,49,-35,-31,63
410,410,PN Type A Cell,11,4,3,43,15,46,-31,-28,61
411,411,PN Type A Cell,6,7,2,53,13,55,-42,-40,68
412,412,PN Type A Cell,11,3,1,37,14,38,-24,-23,52
413,413,PN Type A Cell,8,3,4,46,11,50,-39,-35,61
414,414,PN Type A Cell,14,6,1,46,20,47,-27,-26,67
415,415,PN Type A Cell,8,3,4,44,11,48,-37,-33,59
416,416,PN Type A Cell,13,5,6,50,18,56,-38,-32,74
417,417,PN Type A Cell,7,4,2,47,11,49,-38,-36,60
418,418,PN Type A Cell,9,12,5,44,21,49,-28,-23,70
419,419,PN Type A Cell,6,2,2,43,8,45,-37,-35,53
420,420,PN Type A Cell,11,3,3,54,14,57,-43,-40,71
421,421,PN Type A Cell,10,5,2,38,15,40,-25,-23,55
422,422,PN Type A Cell,5,5,1,45,10,46,-36,-35,56
423,423,PN Type A Cell,7,5,4,41,12,45,-33,-29,57
424,424,PN Type A Cell,15,4,3,41,19,44,-25,-22,63
425,425,PN Type A Cell,9,6,4,58,15,62,-47,-43,77
426,426,PN Type A Cell,12,3,4,50,15,54,-39,-35,69
427,427,PN Type A Cell,17,7,5,36,24,41,-17,-12,65
428,428,PN Type A Cell,12,6,3,46,18,49,-31,-28,67
429,429,PN Type A Cell,11,1,5,46,12,51,-39,-34,63
430,430,PN Type A Cell,15,3,4,43,18,47,-29,-25,65
431,431,PN Type A Cell,15,3,2,46,18,48,-30,-28,66
432,432,PN Type A Cell,11,4,1,52,15,53,-38,-37,68
433,433,PN Type A Cell,8,4,5,47,12,52,-40,-35,64
434,434,PN Type A Cell,8,3,2,41,11,43,-32,-30,54
435,435,PN Type A Cell,10,8,3,47,18,50,-32,-29,68
436,436,PN Type A Cell,6,5,2,45,11,47,-36,-34,58
437,437,PN Type A Cell,9,5,6,54,14,60,-46,-40,74
438,438,PN Type A Cell,6,5,3,52,11,55,-44,-41,66
439,439,PN Type A Cell,13,7,3,55,20,58,-38,-35,78
440,440,PN Type A Cell,9,5,4,46,14,50,-36,-32,64
441,441,PN Type A Cell,18,0,4,44,18,48,-30,-26,66
442,442,PN Type A Cell,4,6,0,40,10,40,-30,-30,50
443,443,PN Type A Cell,9,3,2,41,12,43,-31,-29,55
444,444,PN Type A Cell,9,6,3,47,15,50,-35,-32,65
445,445,PN Type A Cell,10,1,2,51,11,53,-42,-40,64
446,446,PN Type A Cell,10,5,5,47,15,52,-37,-32,67
447,447,PN Type A Cell,13,2,2,53,15,55,-40,-38,70
448,448,PN Type A Cell,7,4,0,39,11,39,-28,-28,50
449,449,PN Type A Cell,16,6,5,41,22,46,-24,-19,68
450,450,PN Type A Cell,12,4,4,50,16,54,-38,-34,70
451,451,PN Type A Cell,8,1,4,42,9,46,-37,-33,55
452,452,PN Type A Cell,10,1,4,45,11,49,-38,-34,60
453,453,PN Type A Cell,11,6,2,50,17,52,-35,-33,69
454,454,PN Type A Cell,11,2,3,44,13,47,-34,-31,60
455,455,PN Type A Cell,8,3,1,41,11,42,-31,-30,53
456,456,PN Type A Cell,10,3,3,55,13,58,-45,-42,71
457,457,PN Type A Cell,13,4,2,45,17,47,-30,-28,64
458,458,PN Type A Cell,9,7,0,45,16,45,-29,-29,61
459,459,PN Type A Cell,9,3,1,47,12,48,-36,-35,60
460,460,PN Type A Cell,11,7,3,40,18,43,-25,-22,61
461,461,PN Type A Cell,13,12,1,41,25,42,-17,-16,67
462,462,PN Type A Cell,13,4,2,51,17,53,-36,-34,70
463,463,PN Type A Cell,7,7,2,46,14,48,-34,-32,62
464,464,PN Type A Cell,7,1,3,42,8,45,-37,-34,53
465,465,PN Type A Cell,12,4,6,45,16,51,-35,-29,67
466,466,PN Type A Cell,10,5,3,52,15,55,-40,-37,70
467,467,PN Type A Cell,8,2,4,46,10,50,-40,-36,60
468,468,PN Type A Cell,11,1,4,52,12,56,-44,-40,68
469,469,PN Type A Cell,17,1,4,49,18,53,-35,-31,71
470,470,PN Type A Cell,14,4,2,46,18,48,-30,-28,66
471,471,PN Type A Cell,5,4,6,44,9,50,-41,-35,59
472,472,PN Type A Cell,11,4,5,47,15,52,-37,-32,67
473,473,PN Type A Cell,9,1,2,46,10,48,-38,-36,58
474,474,PN Type A Cell,20,1,6,46,21,52,-31,-25,73
475,475,PN Type A Cell,10,3,1,37,13,38,-25,-24,51
476,476,PN Type A Cell,10,6,5,39,16,44,-28,-23,60
477,477,PN Type A Cell,14,5,3,36,19,39,-20,-17,58
478,478,PN Type A Cell,7,3,5,46,10,51,-41,-36,61
479,479,PN Type A Cell,10,4,3,46,14,49,-35,-32,63
480,480,PN Type A Cell,13,3,1,49,16,50,-34,-33,66
481,481,PN Type A Cell,13,8,0,46,21,46,-25,-25,67
482,482,PN Type A Cell,7,3,3,41,10,44,-34,-31,54
483,483,PN Type A Cell,11,3,6,35,14,41,-27,-21,55
484,484,PN Type A Cell,9,6,1,42,15,43,-28,-27,58
485,485,PN Type A Cell,13,2,1,55,15,56,-41,-40,71
486,486,PN Type A Cell,10,6,4,43,16,47,-31,-27,63
487,487,PN Type A Cell,15,7,4,43,22,47,-25,-21,69
488,488,PN Type A Cell,8,3,3,50,11,53,-42,-39,64
489,489,PN Type A Cell,11,3,3,60,14,63,-49,-46,77
490,490,PN Type A Cell,9,4,4,43,13,47,-34,-30,60
491,491,PN Type A Cell,8,10,1,48,18,49,-31,-30,67
492,492,PN Type A Cell,7,0,0,53,7,53,-46,-46,60
493,493,PN Type A Cell,16,3,2,43,19,45,-26,-24,64
494,494,PN Type A Cell,13,6,0,42,19,42,-23,-23,61
495,495,PN Type A Cell,7,7,4,45,14,49,-35,-31,63
496,496,PN Type A Cell,6,2,3,44,8,47,-39,-36,55
497,497,PN Type A Cell,9,7,3,42,16,45,-29,-26,61
498,498,PN Type A Cell,13,3,6,48,16,54,-38,-32,70
499,499,PN Type A Cell,12,5,3,46,17,49,-32,-29,66
500,500,PN Type A Cell,16,4,2,54,20,56,-36,-34,76
501,501,PN Type A Cell,8,5,2,43,13,45,-32,-30,58
502,502,PN Type A Cell,4,8,0,47,12,47,-35,-35,59
503,503,PN Type A Cell,13,3,3,41,16,44,-28,-25,60
504,504,PN Type A Cell,9,4,4,44,13,48,-35,-31,61
505,505,PN Type A Cell,11,5,4,53,16,57,-41,-37,73
506,506,PN Type A Cell,12,7,2,43,19,45,-26,-24,64
507,507,PN Type A Cell,15,6,2,47,21,49,-28,-26,70
508,508,PN Type A Cell,8,5,2,40,13,42,-29,-27,55
509,509,PN Type A Cell,14,5,2,44,19,46,-27,-25,65
510,510,PN Type A Cell,8,3,7,49,11,56,-45,-38,67
511,511,PN Type A Cell,9,6,5,41,15,46,-31,-26,61
512,512,PN Type A Cell,9,7,2,40,16,42,-26,-24,58
513,513,PN Type A Cell,15,2,6,48,17,54,-37,-31,71
514,514,PN Type A Cell,17,3,6,40,20,46,-26,-20,66
515,515,PN Type A Cell,13,2,5,52,15,57,-42,-37,72
516,516,PN Type A Cell,11,2,8,43,13,51,-38,-30,64
517,517,PN Type A Cell,13,2,2,64,15,66,-51,-49,81
518,518,PN Type A Cell,14,4,6,50,18,56,-38,-32,74
519,519,PN Type A Cell,11,3,4,46,14,50,-36,-32,64
520,520,PN Type A Cell,11,4,1,42,15,43,-28,-27,58
521,521,PN Type A Cell,11,4,1,43,15,44,-29,-28,59
522,522,PN Type A Cell,9,8,4,36,17,40,-23,-19,57
523,523,PN Type A Cell,13,5,3,35,18,38,-20,-17,56
524,524,PN Type A Cell,6,2,2,39,8,41,-33,-31,49
525,525,PN Type A Cell,11,3,5,44,14,49,-35,-30,63
526,526,PN Type A Cell,11,4,3,56,15,59,-44,-41,74
527,527,PN Type A Cell,12,6,4,59,18,63,-45,-41,81
528,528,PN Type A Cell,7,2,7,48,9,55,-46,-39,64
529,529,PN Type A Cell,9,4,2,37,13,39,-26,-24,52
530,530,PN Type A Cell,13,4,2,51,17,53,-36,-34,70
531,531,PN Type A Cell,14,4,2,46,18,48,-30,-28,66
532,532,PN Type A Cell,11,3,1,42,14,43,-29,-28,57
533,533,PN Type A Cell,11,7,3,41,18,44,-26,-23,62
534,534,PN Type A Cell,9,8,3,36,17,39,-22,-19,56
535,535,PN Type A Cell,12,6,2,48,18,50,-32,-30,68
536,536,PN Type A Cell,13,6,1,51,19,52,-33,-32,71
537,537,PN Type A Cell,8,2,3,51,10,54,-44,-41,64
538,538,PN Type A Cell,11,5,5,51,16,56,-40,-35,72
539,539,PN Type A Cell,5,9,2,53,14,55,-41,-39,69
540,540,PN Type A Cell,6,2,1,45,8,46,-38,-37,54
541,541,PN Type A Cell,11,5,5,57,16,62,-46,-41,78
542,542,PN Type A Cell,8,6,1,45,14,46,-32,-31,60
543,543,PN Type A Cell,8,3,5,49,11,54,-43,-38,65
544,544,PN Type A Cell,11,0,6,42,11,48,-37,-31,59
545,545,PN Type A Cell,15,1,4,47,16,51,-35,-31,67
546,546,PN Type A Cell,12,9,3,44,21,47,-26,-23,68
547,547,PN Type A Cell,11,9,6,46,20,52,-32,-26,72
548,548,PN Type A Cell,8,5,2,44,13,46,-33,-31,59
549,549,PN Type A Cell,6,5,3,52,11,55,-44,-41,66
550,550,PN Type A Cell,8,5,2,52,13,54,-41,-39,67
551,551,PN Type A Cell,8,7,4,48,15,52,-37,-33,67
552,552,PN Type A Cell,8,6,5,42,14,47,-33,-28,61
553,553,PN Type A Cell,17,3,7,40,20,47,-27,-20,67
554,554,PN Type A Cell,10,3,4,50,13,54,-41,-37,67
555,555,PN Type A Cell,9,3,0,46,12,46,-34,-34,58
556,556,PN Type A Cell,12,7,5,45,19,50,-31,-26,69
557,557,PN Type A Cell,10,4,3,54,14,57,-43,-40,71
558,558,PN Type A Cell,11,5,5,37,16,42,-26,-21,58
559,559,PN Type A Cell,11,3,4,45,14,49,-35,-31,63
560,560,PN Type A Cell,10,3,2,43,13,45,-32,-30,58
561,561,PN Type A Cell,13,10,3,59,23,62,-39,-36,85
562,562,PN Type A Cell,7,4,7,49,11,56,-45,-38,67
563,563,PN Type A Cell,13,4,3,44,17,47,-30,-27,64
564,564,PN Type A Cell,3,3,3,48,6,51,-45,-42,57
565,565,PN Type A Cell,14,3,4,43,17,47,-30,-26,64
566,566,PN Type A Cell,15,2,5,45,17,50,-33,-28,67
567,567,PN Type A Cell,10,6,1,49,16,50,-34,-33,66
568,568,PN Type A Cell,10,2,4,40,12,44,-32,-28,56
569,569,PN Type C Cell,6,3,0,44,9,44,-35,-35,53
570,570,PN Type C Cell,13,2,5,41,15,46,-31,-26,61
571,571,PN Type C Cell,7,3,7,47,10,54,-44,-37,64
572,572,PN Type C Cell,8,3,1,40,11,41,-30,-29,52
573,573,PN Type C Cell,16,6,7,38,22,45,-23,-16,67
574,574,PN Type C Cell,3,3,3,53,6,56,-50,-47,62
575,575,PN Type C Cell,11,6,4,46,17,50,-33,-29,67
576,576,PN Type C Cell,15,4,1,50,19,51,-32,-31,70
577,577,PN Type C Cell,17,8,3,39,25,42,-17,-14,67
578,578,PN Type C Cell,20,3,4,47,23,51,-28,-24,74
579,579,PN Type C Cell,11,7,2,61,18,63,-45,-43,81
580,580,PN Type C Cell,9,4,4,36,13,40,-27,-23,53
581,581,PN Type C Cell,7,2,2,43,9,45,-36,-34,54
582,582,PN Type C Cell,7,6,1,40,13,41,-28,-27,54
583,583,PN Type C Cell,10,3,3,53,13,56,-43,-40,69
584,584,PN Type C Cell,14,4,3,44,18,47,-29,-26,65
585,585,PN Type C Cell,13,8,1,48,21,49,-28,-27,70
586,586,PN Type C Cell,13,2,6,43,15,49,-34,-28,64
587,587,PN Type C Cell,10,5,5,51,15,56,-41,-36,71
588,588,PN Type C Cell,12,4,5,41,16,46,-30,-25,62
589,589,PN Type C Cell,11,6,4,49,17,53,-36,-32,70
590,590,PN Type C Cell,7,6,3,46,13,49,-36,-33,62
591,591,PN Type C Cell,7,3,2,49,10,51,-41,-39,61
592,592,PN Type C Cell,9,5,4,55,14,59,-45,-41,73
593,593,PN Type C Cell,17,4,5,45,21,50,-29,-24,71
594,594,PN Type C Cell,10,3,3,45,13,48,-35,-32,61
595,595,PN Type C Cell,13,2,2,52,15,54,-39,-37,69
596,596,PN Type C Cell,15,10,3,44,25,47,-22,-19,72
597,597,PN Type C Cell,10,5,3,41,15,44,-29,-26,59
598,598,PN Type C Cell,8,6,1,37,14,38,-24,-23,52
599,599,PN Type C Cell,6,5,5,38,11,43,-32,-27,54
600,600,PN Type C Cell,12,6,1,44,18,45,-27,-26,63
601,601,PN Type C Cell,10,6,6,33,16,39,-23,-17,55
602,602,PN Type C Cell,9,4,2,54,13,56,-43,-41,69
603,603,PN Type C Cell,6,8,3,44,14,47,-33,-30,61
604,604,PN Type C Cell,7,0,2,50,7,52,-45,-43,59
605,605,PN Type C Cell,6,9,4,44,15,48,-33,-29,63
606,606,PN Type C Cell,12,5,4,54,17,58,-41,-37,75
607,607,PN Type C Cell,10,1,2,47,11,49,-38,-36,60
608,608,PN Type C Cell,7,3,5,38,10,43,-33,-28,53
609,609,PN Type C Cell,6,3,2,52,9,54,-45,-43,63
610,610,PN Type C Cell,16,3,5,48,19,53,-34,-29,72
611,611,PN Type C Cell,14,4,2,43,18,45,-27,-25,63
612,612,PN Type C Cell,10,8,4,52,18,56,-38,-34,74
613,613,PN Type C Cell,8,5,3,50,13,53,-40,-37,66
614,614,PN Type C Cell,7,3,5,32,10,37,-27,-22,47
615,615,PN Type C Cell,9,5,8,43,14,51,-37,-29,65
616,616,PN Type C Cell,12,6,4,42,18,46,-28,-24,64
617,617,PN Type C Cell,15,5,6,41,20,47,-27,-21,67
618,618,PN Type C Cell,11,3,3,37,14,40,-26,-23,54
619,619,PN Type C Cell,10,1,0,40,11,40,-29,-29,51
620,620,PN Type C Cell,11,4,2,46,15,48,-33,-31,63
621,621,PN Type C Cell,7,4,5,54,11,59,-48,-43,70
622,622,PN Type C Cell,9,4,3,42,13,45,-32,-29,58
623,623,PN Type C Cell,6,1,1,43,7,44,-37,-36,51
624,624,PN Type C Cell,7,7,2,51,14,53,-39,-37,67
625,625,PN Type C Cell,4,4,3,50,8,53,-45,-42,61
626,626,PN Type C Cell,8,4,2,52,12,54,-42,-40,66
627,627,PN Type C Cell,8,4,4,42,12,46,-34,-30,58
628,628,PN Type C Cell,15,2,3,54,17,57,-40,-37,74
629,629,PN Type C Cell,11,5,2,46,16,48,-32,-30,64
630,630,PN Type C Cell,16,5,3,40,21,43,-22,-19,64
631,631,PN Type C Cell,18,2,5,48,20,53,-33,-28,73
632,632,PN Type C Cell,13,2,3,40,15,43,-28,-25,58
633,633,PN Type C Cell,8,8,1,41,16,42,-26,-25,58
634,634,PN Type C Cell,10,3,1,43,13,44,-31,-30,57
635,635,PN Type C Cell,14,3,0,44,17,44,-27,-27,61
636,636,PN Type C Cell,11,6,3,43,17,46,-29,-26,63
637,637,PN Type C Cell,12,3,3,43,15,46,-31,-28,61
638,638,PN Type C Cell,9,5,1,43,14,44,-30,-29,58
639,639,PN Type C Cell,15,8,2,51,23,53,-30,-28,76
640,640,PN Type C Cell,12,4,3,51,16,54,-38,-35,70
641,641,PN Type C Cell,16,7,4,46,23,50,-27,-23,73
642,642,PN Type C Cell,10,2,5,44,12,49,-37,-32,61
643,643,PN Type C Cell,11,0,4,42,11,46,-35,-31,57
644,644,PN Type C Cell,9,0,2,33,9,35,-26,-24,44
645,645,PN Type C Cell,15,3,1,45,18,46,-28,-27,64
646,646,PN Type C Cell,10,8,0,49,18,49,-31,-31,67
647,647,PN Type C Cell,10,5,5,51,15,56,-41,-36,71
648,648,PN Type C Cell,7,4,2,37,11,39,-28,-26,50
649,649,PN Type C Cell,14,5,1,50,19,51,-32,-31,70
650,650,PN Type C Cell,13,4,3,48,17,51,-34,-31,68
651,651,PN Type C Cell,5,2,4,44,7,48,-41,-37,55
652,652,PN Type C Cell,15,9,4,44,24,48,-24,-20,72
653,653,PN Type C Cell,13,3,6,55,16,61,-45,-39,77
654,654,PN Type C Cell,9,6,4,38,15,42,-27,-23,57
655,655,PN Type C Cell,5,6,2,35,11,37,-26,-24,48
656,656,PN Type C Cell,13,6,5,41,19,46,-27,-22,65
657,657,PN Type C Cell,8,3,2,48,11,50,-39,-37,61
658,658,PN Type C Cell,8,2,2,46,10,48,-38,-36,58
659,659,PN Type C Cell,13,2,5,36,15,41,-26,-21,56
660,660,PN Type C Cell,11,5,2,46,16,48,-32,-30,64
661,661,PN Type C Cell,8,4,3,47,12,50,-38,-35,62
662,662,PN Type C Cell,7,2,4,44,9,48,-39,-35,57
663,663,PN Type C Cell,13,3,0,35,16,35,-19,-19,51
664,664,PN Type C Cell,15,6,2,47,21,49,-28,-26,70
665,665,PN Type C Cell,11,3,2,47,14,49,-35,-33,63
666,666,PN Type C Cell,6,6,3,47,12,50,-38,-35,62
667,667,PN Type C Cell,8,3,5,52,11,57,-46,-41,68
668,668,PN Type C Cell,15,5,6,51,20,57,-37,-31,77
669,669,PN Type C Cell,9,4,0,53,13,53,-40,-40,66
670,670,PN Type C Cell,12,4,3,47,16,50,-34,-31,66
671,671,PN Type C Cell,10,2,10,43,12,53,-41,-31,65
672,672,PN Type C Cell,16,4,2,41,20,43,-23,-21,63
673,673,PN Type C Cell,10,3,6,56,13,62,-49,-43,75
674,674,PN Type C Cell,10,6,7,41,16,48,-32,-25,64
675,675,PN Type C Cell,10,9,1,41,19,42,-23,-22,61
676,676,PN Type C Cell,11,5,3,49,16,52,-36,-33,68
677,677,PN Type C Cell,8,3,4,45,11,49,-38,-34,60
678,678,PN Type C Cell,7,6,2,47,13,49,-36,-34,62
679,679,PN Type C Cell,8,2,1,53,10,54,-44,-43,64
680,680,PN Type C Cell,15,3,5,46,18,51,-33,-28,69
681,681,PN Type C Cell,9,4,1,36,13,37,-24,-23,50
682,682,PN Type C Cell,6,0,3,51,6,54,-48,-45,60
683,683,PN Type C Cell,10,2,3,46,12,49,-37,-34,61
684,684,PN Type C Cell,12,4,2,35,16,37,-21,-19,53
685,685,PN Type C Cell,10,7,4,40,17,44,-27,-23,61
686,686,PN Type C Cell,14,9,2,43,23,45,-22,-20,68
687,687,PN Type C Cell,16,3,2,37,19,39,-20,-18,58
688,688,PN Type C Cell,10,4,4,48,14,52,-38,-34,66
689,689,PN Type C Cell,11,8,4,49,19,53,-34,-30,72
690,690,PN Type C Cell,15,7,3,44,22,47,-25,-22,69
691,691,PN Type C Cell,5,2,1,45,7,46,-39,-38,53
692,692,PN Type C Cell,6,4,1,41,10,42,-32,-31,52
693,693,PN Type C Cell,13,3,8,42,16,50,-34,-26,66
694,694,PN Type C Cell,13,2,5,41,15,46,-31,-26,61
695,695,PN Type C Cell,11,3,5,50,14,55,-41,-36,69
696,696,PN Type C Cell,16,4,4,44,20,48,-28,-24,68
697,697,PN Type C Cell,10,4,7,43,14,50,-36,-29,64
698,698,PN Type C Cell,13,2,4,48,15,52,-37,-33,67
699,699,PN Type C Cell,15,5,2,51,20,53,-33,-31,73
700,700,PN Type C Cell,6,5,6,47,11,53,-42,-36,64
701,701,PN Type C Cell,16,5,4,54,21,58,-37,-33,79
702,702,PN Type C Cell,11,4,3,41,15,44,-29,-26,59
703,703,PN Type C Cell,9,4,4,49,13,53,-40,-36,66
704,704,PN Type C Cell,12,5,1,48,17,49,-32,-31,66
705,705,PN Type C Cell,9,3,4,48,12,52,-40,-36,64
706,706,PN Type C Cell,9,6,3,39,15,42,-27,-24,57
707,707,PN Type C Cell,6,5,5,55,11,60,-49,-44,71
708,708,PN Type C Cell,12,4,4,45,16,49,-33,-29,65
709,709,PN Type C Cell,12,6,2,45,18,47,-29,-27,65
710,710,PN Type C Cell,7,6,3,40,13,43,-30,-27,56
711,711,PN Type C Cell,14,2,0,50,16,50,-34,-34,66
712,712,PN Type C Cell,11,4,2,39,15,41,-26,-24,56
713,713,PN Type C Cell,4,2,4,55,6,59,-53,-49,65
714,714,PN Type C Cell,8,4,4,51,12,55,-43,-39,67
715,715,PN Type C Cell,15,5,4,46,20,50,-30,-26,70
716,716,PN Type C Cell,15,4,2,47,19,49,-30,-28,68
717,717,PN Type C Cell,4,5,4,41,9,45,-36,-32,54
718,718,PN Type C Cell,8,3,4,48,11,52,-41,-37,63
719,719,PN Type C Cell,9,7,4,47,16,51,-35,-31,67
720,720,PN Type C Cell,9,9,5,49,18,54,-36,-31,72
721,721,PN Type C Cell,11,3,6,47,14,53,-39,-33,67
722,722,PN Type C Cell,12,6,4,43,18,47,-29,-25,65
723,723,PN Type C Cell,12,1,2,43,13,45,-32,-30,58
724,724,PN Type C Cell,6,7,2,52,13,54,-41,-39,67
725,725,PN Type C Cell,12,6,8,43,18,51,-33,-25,69
726,726,PN Type C Cell,9,2,3,40,11,43,-32,-29,54
727,727,PN Type C Cell,9,3,3,49,12,52,-40,-37,64
728,728,PN Type C Cell,7,4,5,46,11,51,-40,-35,62
729,729,PN Type C Cell,12,4,1,31,16,32,-16,-15,48
730,730,PN Type C Cell,12,3,3,41,15,44,-29,-26,59
731,731,PN Type C Cell,12,5,2,44,17,46,-29,-27,63
732,732,PN Type C Cell,19,2,2,35,21,37,-16,-14,58
733,733,PN Type C Cell,7,5,2,55,12,57,-45,-43,69
734,734,PN Type C Cell,12,2,3,43,14,46,-32,-29,60
735,735,PN Type C Cell,8,2,1,42,10,43,-33,-32,53
736,736,PN Type C Cell,12,5,4,50,17,54,-37,-33,71
737,737,PN Type C Cell,12,2,2,46,14,48,-34,-32,62
738,738,PN Type C Cell,10,3,3,37,13,40,-27,-24,53
739,739,PN Type C Cell,13,7,5,53,20,58,-38,-33,78
740,740,PN Type C Cell,10,3,3,54,13,57,-44,-41,70
741,741,PN Type C Cell,13,4,9,49,17,58,-41,-32,75
742,742,PN Type C Cell,11,7,5,48,18,53,-35,-30,71
743,743,PN Type C Cell,6,7,2,30,13,32,-19,-17,45
744,744,PN Type C Cell,8,2,5,46,10,51,-41,-36,61
745,745,PN Type C Cell,11,5,6,49,16,55,-39,-33,71
746,746,PN Type C Cell,8,7,4,42,15,46,-31,-27,61
747,747,PN Type C Cell,13,4,4,49,17,53,-36,-32,70
748,748,PN Type C Cell,13,7,4,48,20,52,-32,-28,72
749,749,PN Type C Cell,9,2,5,45,11,50,-39,-34,61
750,750,PN Type C Cell,12,5,4,45,17,49,-32,-28,66
751,751,PN Type C Cell,15,8,5,47,23,52,-29,-24,75
752,752,PN Type C Cell,17,3,2,52,20,54,-34,-32,74
753,753,PN Type C Cell,10,5,5,43,15,48,-33,-28,63
754,754,PN Type C Cell,5,4,1,45,9,46,-37,-36,55
755,755,PN Type C Cell,11,4,3,44,15,47,-32,-29,62
756,756,PN Type C Cell,7,7,1,41,14,42,-28,-27,56
757,757,PN Type C Cell,10,1,3,42,11,45,-34,-31,56
758,758,PN Type C Cell,15,6,3,47,21,50,-29,-26,71
759,759,PN Type C Cell,10,4,2,41,14,43,-29,-27,57
760,760,PN Type C Cell,13,6,3,45,19,48,-29,-26,67
761,761,PN Type C Cell,8,4,4,41,12,45,-33,-29,57
762,762,PN Type C Cell,4,3,2,49,7,51,-44,-42,58
763,763,PN Type C Cell,10,5,3,40,15,43,-28,-25,58
764,764,PN Type C Cell,13,1,5,42,14,47,-33,-28,61
765,765,PN Type C Cell,16,3,2,44,19,46,-27,-25,65
766,766,PN Type C Cell,6,5,2,39,11,41,-30,-28,52
767,767,PN Type C Cell,10,5,6,49,15,55,-40,-34,70
768,768,PN Type C Cell,13,3,2,48,16,50,-34,-32,66
769,769,PN Type C Cell,6,7,6,50,13,56,-43,-37,69
770,770,PN Type C Cell,7,7,3,38,14,41,-27,-24,55
771,771,PN Type C Cell,7,1,2,45,8,47,-39,-37,55
772,772,PN Type C Cell,15,9,4,44,24,48,-24,-20,72
773,773,PN Type C Cell,21,3,0,35,24,35,-11,-11,59
774,774,PN Type C Cell,8,5,2,43,13,45,-32,-30,58
775,775,PN Type C Cell,13,3,1,42,16,43,-27,-26,59
776,776,PN Type C Cell,17,5,2,48,22,50,-28,-26,72
777,777,PN Type C Cell,10,7,2,38,17,40,-23,-21,57
778,778,PN Type C Cell,7,6,2,55,13,57,-44,-42,70
779,779,PN Type C Cell,17,2,3,41,19,44,-25,-22,63
780,780,PN Type C Cell,7,3,2,43,10,45,-35,-33,55
781,781,PN Type C Cell,9,3,4,39,12,43,-31,-27,55
782,782,PN Type C Cell,4,6,0,44,10,44,-34,-34,54
783,783,PN Type C Cell,8,4,3,47,12,50,-38,-35,62
784,784,PN Type C Cell,7,3,3,44,10,47,-37,-34,57
785,785,PN Type C Cell,5,5,8,41,10,49,-39,-31,59
786,786,PN Type C Cell,8,1,5,53,9,58,-49,-44,67
787,787,PN Type C Cell,12,7,2,43,19,45,-26,-24,64
788,788,PN Type C Cell,10,6,2,46,16,48,-32,-30,64
789,789,PN Type C Cell,9,8,6,37,17,43,-26,-20,60
790,790,PN Type C Cell,10,6,2,46,16,48,-32,-30,64
791,791,PN Type C Cell,17,6,3,36,23,39,-16,-13,62
792,792,PN Type C Cell,8,4,7,43,12,50,-38,-31,62
793,793,PN Type C Cell,12,3,2,51,15,53,-38,-36,68
794,794,PN Type C Cell,9,4,2,35,13,37,-24,-22,50
795,795,PN Type C Cell,10,4,1,38,14,39,-25,-24,53
796,796,PN Type C Cell,9,2,3,38,11,41,-30,-27,52
797,797,PN Type C Cell,4,5,3,45,9,48,-39,-36,57
798,798,PN Type C Cell,13,3,3,41,16,44,-28,-25,60
799,799,PN Type C Cell,13,3,4,45,16,49,-33,-29,65
800,800,PV Cell,165,78,0,18,243,18,225,225,261
801,801,PV Cell,164,73,0,19,237,19,218,218,256
802,802,PV Cell,172,62,0,16,234,16,218,218,250
803,803,PV Cell,201,61,0,23,262,23,239,239,285
804,804,PV Cell,177,71,0,21,248,21,227,227,269
805,805,PV Cell,173,81,0,14,254,14,240,240,268
806,806,PV Cell,189,67,0,15,256,15,241,241,271
807,807,PV Cell,208,64,0,20,272,20,252,252,292
808,808,PV Cell,168,67,0,20,235,20,215,215,255
809,809,PV Cell,167,66,0,20,233,20,213,213,253
810,810,PV Cell,184,79,0,15,263,15,248,248,278
811,811,PV Cell,170,70,0,19,240,19,221,221,259
812,812,PV Cell,173,72,0,18,245,18,227,227,263
813,813,PV Cell,177,66,0,18,243,18,225,225,261
814,814,PV Cell,194,54,0,24,248,24,224,224,272
815,815,PV Cell,169,90,0,15,259,15,244,244,274
816,816,PV Cell,173,63,0,19,236,19,217,217,255
817,817,PV Cell,169,73,0,13,242,13,229,229,255
818,818,PV Cell,178,60,0,17,238,17,221,221,255
819,819,PV Cell,174,68,0,23,242,23,219,219,265
820,820,PV Cell,179,53,0,20,232,20,212,212,252
821,821,PV Cell,163,80,0,17,243,17,226,226,260
822,822,PV Cell,179,65,0,22,244,22,222,222,266
823,823,PV Cell,185,73,0,25,258,25,233,233,283
824,824,PV Cell,175,76,0,16,251,16,235,235,267
825,825,PV Cell,184,66,0,17,250,17,233,233,267
826,826,PV Cell,178,64,0,17,242,17,225,225,259
827,827,PV Cell,186,67,0,21,253,21,232,232,274
828,828,PV Cell,168,72,0,22,240,22,218,218,262
829,829,PV Cell,161,78,0,21,239,21,218,218,260
830,830,PV Cell,176,72,0,17,248,17,231,231,265
831,831,PV Cell,174,73,0,22,247,22,225,225,269
832,832,PV Cell,157,78,0,18,235,18,217,217,253
833,833,PV Cell,161,77,0,22,238,22,216,216,260
834,834,PV Cell,174,75,0,22,249,22,227,227,271
835,835,PV Cell,164,50,0,16,214,16,198,198,230
836,836,PV Cell,168,68,0,17,236,17,219,219,253
837,837,PV Cell,173,74,0,18,247,18,229,229,265
838,838,PV Cell,169,62,0,26,231,26,205,205,257
839,839,PV Cell,170,66,0,16,236,16,220,220,252
840,840,PV Cell,169,72,0,14,241,14,227,227,255
841,841,PV Cell,169,75,0,17,244,17,227,227,261
842,842,PV Cell,169,74,0,18,243,18,225,225,261
843,843,PV Cell,179,75,0,22,254,22,232,232,276
844,844,PV Cell,181,79,0,23,260,23,237,237,283
845,845,PV Cell,161,73,0,14,234,14,220,220,248
846,846,PV Cell,144,66,0,20,210,20,190,190,230
847,847,PV Cell,182,62,0,11,244,11,233,233,255
848,848,PV Cell,174,62,0,25,236,25,211,211,261
849,849,PV Cell,159,81,0,13,240,13,227,227,253
850,850,PV Cell,166,63,0,20,229,20,209,209,249
851,851,PV Cell,172,75,0,14,247,14,233,233,261
852,852,PV Cell,174,56,0,22,230,22,208,208,252
853,853,PV Cell,173,79,0,12,252,12,240,240,264
854,854,PV Cell,174,74,0,20,248,20,228,228,268
855,855,PV Cell,164,66,0,20,230,20,210,210,250
856,856,PV Cell,173,77,0,17,250,17,233,233,267
857,857,PV Cell,169,69,0,16,238,16,222,222,254
858,858,PV Cell,155,79,0,20,234,20,214,214,254
859,859,PV Cell,184,68,0,17,252,17,235,235,269
860,860,PV Cell,169,72,0,21,241,21,220,220,262
861,861,PV Cell,188,68,0,12,256,12,244,244,268
862,862,PV Cell,188,66,0,26,254,26,228,228,280
863,863,PV Cell,172,72,0,22,244,22,222,222,266
864,864,PV Cell,185,71,0,19,256,19,237,237,275
865,865,PV Cell,182,62,0,19,244,19,225,225,263
866,866,PV Cell,175,61,0,20,236,20,216,216,256
867,867,PV Cell,181,66,0,23,247,23,224,224,270
868,868,PV Cell,170,76,0,19,246,19,227,227,265
869,869,PV Cell,180,66,0,25,246,25,221,221,271
870,870,PV Cell,167,66,0,19,233,19,214,214,252
871,871,PV Cell,165,69,0,22,234,22,212,212,256
872,872,PV Cell,152,96,0,18,248,18,230,230,266
873,873,PV Cell,167,65,0,17,232,17,215,215,249
874,874,PV Cell,168,65,0,27,233,27,206,206,260
875,875,PV Cell,177,84,0,27,261,27,234,234,288
876,876,PV Cell,168,75,0,23,243,23,220,220,266
877,877,PV Cell,176,79,0,27,255,27,228,228,282
878,878,PV Cell,186,62,0,23,248,23,225,225,271
879,879,PV Cell,148,71,0,28,219,28,191,191,247
880,880,PV Cell,176,76,0,22,252,22,230,230,274
881,881,PV Cell,180,71,0,25,251,25,226,226,276
882,882,PV Cell,153,58,0,15,211,15,196,196,226
883,883,PV Cell,162,51,0,20,213,20,193,193,233
884,884,PV Cell,183,73,0,21,256,21,235,235,277
885,885,PV Cell,183,79,0,20,262,20,242,242,282
886,886,PV Cell,181,62,0,20,243,20,223,223,263
887,887,PV Cell,181,75,0,26,256,26,230,230,282
888,888,PV Cell,201,67,0,18,268,18,250,250,286
889,889,PV Cell,163,69,0,16,232,16,216,216,248
890,890,PV Cell,168,78,0,23,246,23,223,223,269
891,891,PV Cell,166,67,0,19,233,19,214,214,252
892,892,PV Cell,156,69,0,17,225,17,208,208,242
893,893,PV Cell,173,60,0,55,233,55,178,178,288
894,894,SOM Cell,164,70,0,50,234,50,184,184,284
895,895,SOM Cell,158,65,0,43,223,43,180,180,266
896,896,SOM Cell,193,63,0,50,256,50,206,206,306
897,897,SOM Cell,157,63,0,59,220,59,161,161,279
898,898,SOM Cell,167,78,0,51,245,51,194,194,296
899,899,SOM Cell,157,62,0,52,219,52,167,167,271
900,900,SOM Cell,176,63,0,56,239,56,183,183,295
901,901,SOM Cell,165,70,0,54,235,54,181,181,289
902,902,SOM Cell,151,64,0,53,215,53,162,162,268
903,903,SOM Cell,148,77,0,45,225,45,180,180,270
904,904,SOM Cell,165,64,0,59,229,59,170,170,288
905,905,SOM Cell,164,71,0,55,235,55,180,180,290
906,906,SOM Cell,177,69,0,49,246,49,197,197,295
907,907,SOM Cell,178,68,0,64,246,64,182,182,310
908,908,SOM Cell,177,79,0,55,256,55,201,201,311
909,909,SOM Cell,163,74,0,49,237,49,188,188,286
910,910,SOM Cell,194,79,0,58,273,58,215,215,331
911,911,SOM Cell,159,67,0,56,226,56,170,170,282
912,912,SOM Cell,172,62,0,46,234,46,188,188,280
913,913,SOM Cell,154,56,0,51,210,51,159,159,261
914,914,SOM Cell,177,65,0,52,242,52,190,190,294
915,915,SOM Cell,174,68,0,49,242,49,193,193,291
916,916,SOM Cell,177,75,0,56,252,56,196,196,308
917,917,SOM Cell,164,61,0,45,225,45,180,180,270
918,918,SOM Cell,160,71,0,56,231,56,175,175,287
919,919,SOM Cell,163,66,0,50,229,50,179,179,279
920,920,SOM Cell,171,62,0,51,233,51,182,182,284
921,921,SOM Cell,155,78,0,48,233,48,185,185,281
922,922,SOM Cell,177,64,0,41,241,41,200,200,282
923,923,SOM Cell,174,66,0,56,240,56,184,184,296
924,924,SOM Cell,159,68,0,47,227,47,180,180,274
925,925,SOM Cell,172,73,0,57,245,57,188,188,302
926,926,SOM Cell,189,66,0,53,255,53,202,202,308
927,927,SOM Cell,159,62,0,50,221,50,171,171,271
928,928,SOM Cell,170,76,0,53,246,53,193,193,299
929,929,SOM Cell,158,72,0,53,230,53,177,177,283
930,930,SOM Cell,159,67,0,53,226,53,173,173,279
931,931,SOM Cell,174,74,0,49,248,49,199,199,297
932,932,SOM Cell,175,66,0,52,241,52,189,189,293
933,933,SOM Cell,151,55,0,46,206,46,160,160,252
934,934,SOM Cell,167,65,0,51,232,51,181,181,283
935,935,SOM Cell,173,71,0,53,244,53,191,191,297
936,936,SOM Cell,154,71,0,44,225,44,181,181,269
937,937,SOM Cell,200,65,0,37,265,37,228,228,302
938,938,SOM Cell,177,65,0,52,242,52,190,190,294
939,939,SOM Cell,164,70,0,48,234,48,186,186,282
940,940,SOM Cell,143,73,0,48,216,48,168,168,264
941,941,SOM Cell,163,71,0,47,234,47,187,187,281
942,942,SOM Cell,165,75,0,50,240,50,190,190,290
